name,P1,P2,P3,P4,soma_region,brain_region
17782_3487_x11014_y17041,0.09453302961275627,0.3080865603644647,0.48348519362186787,0.11389521640091116,CLA,CTX
18457_00040,0.31543624161073824,0.06879194630872483,0.3338926174496644,0.28187919463087246,CP,CNU
18461_6043_x11080_y1667,0.5409252669039146,0.20427046263345194,0.09181494661921709,0.16298932384341638,VISa,CTX
18869_4764_x5211_y5995,0.39215686274509803,0.226890756302521,0.16246498599439776,0.2184873949579832,SSs,CTX
236174_4229_x13663_y8589,0.0054626152270399455,0.04233526800955958,0.6241037896893138,0.3280983270740867,CLA,CTX
18869_4848_x18620_y8132,0.1322314049586777,0.27844882390336934,0.3502860775588048,0.23903369357914814,RT,TH
18868_4757_x15158_y16995,0.0,0.4073291050035236,0.41296687808315713,0.17970401691331925,RT,TH
pre_18454_00377,0.704527402700556,0.09451945988880063,0.0,0.20095313741064336,AId,CTX
18869_4091_x4807_y8065,0.3689922480620155,0.44031007751937984,0.07286821705426356,0.11782945736434108,SSs,CTX
17302_00101,0.5819397993311036,0.3102006688963211,0.01839464882943144,0.08946488294314381,CP,CNU
17787_4521_x5172_y12873,0.6538966725043783,0.06260945709281962,0.07596322241681261,0.2075306479859895,SSs,CTX
17545_00119,0.42900302114803623,0.054380664652567974,0.06042296072507553,0.4561933534743202,CP,CNU
18868_4523_x15124_y15767,0.01674418604651163,0.45488372093023255,0.32,0.20837209302325582,RT,TH
18864_1917_x3417_y12763,0.24501845018450186,0.11808118081180811,0.48966789667896676,0.14723247232472325,MOs,CTX
18454_00126,0.0,0.004407227853680035,0.5711767298369326,0.4244160423093874,LP,TH
236174_5670_x14073_y29439,0.21385376580538756,0.24299065420560748,0.4315557998900495,0.11159978009895546,SSs,CTX
182725_3680_x13452_y7614,0.3953771289537713,0.13422546634225466,0.13381995133819952,0.33657745336577455,GU,CTX
17781_5894_x11460_y10079,0.32458333333333333,0.625,0.034583333333333334,0.015833333333333335,AUDp,CTX
17302_00044,0.7381242387332522,0.1814859926918392,0.04811205846528624,0.03227771010962241,CP,CNU
18867_7541_x13210_y4462,0.1577708006279435,0.3194662480376766,0.23626373626373626,0.28649921507064363,VISp,CTX
18462_00027,0.023166023166023165,0.0,0.5621621621621622,0.4146718146718147,VPL,TH
18454_00063,0.0,0.03413173652694611,0.118562874251497,0.8473053892215568,MG,TH
182724_4472_x5247_y12162,0.6067864271457086,0.15469061876247506,0.18962075848303392,0.04890219560878244,MOp,CTX
18869_3857_x22137_y7268,0.22029988465974626,0.3615916955017301,0.157439446366782,0.2606689734717416,SSp-m,CTX
18457_00017,0.0476878612716763,0.0,0.0,0.9523121387283237,VPM,TH
18457_00152,0.05211141060197664,0.0,0.07906558849955077,0.8688230008984726,VPM,TH
18867_5665_x20882_y6561,0.26106800547695114,0.08900045641259699,0.35052487448653585,0.29940666362391605,RSPv,CTX
182725_6819_x6109_y7853,0.41615384615384615,0.11846153846153847,0.1,0.36538461538461536,VISp,CTX
18453_6500_x34303_y12884,0.6945668135095447,0.2555066079295154,0.038913362701908955,0.011013215859030838,TEa,CTX
18453_2713_x27713_y9899,0.7129210658622424,0.16691804927099044,0.05731523378582202,0.0628456510809452,MOp,CTX
18465_00305,0.03360687768659633,0.10941774130519734,0.141852286049238,0.7151230949589683,VPL,TH
18454_00171,0.0,0.022003034901365705,0.17602427921092564,0.8019726858877086,MG,TH
18463_00034,0.059880239520958084,0.0,0.043912175648702596,0.8962075848303394,VPL,TH
18453_5862_x33046_y12305,0.45157657657657657,0.30123873873873874,0.1356981981981982,0.11148648648648649,AUDv,CTX
18869_5108_x7688_y4065,0.4229787234042553,0.04085106382978723,0.40425531914893614,0.13191489361702127,SSp-bfd,CTX
17302_00013,0.12633451957295375,0.0,0.19217081850533807,0.6814946619217082,CP,CNU
18455_00135,0.20823244552058112,0.024213075060532687,0.3196125907990315,0.44794188861985473,CP,CNU
236174_3229_x11951_y11316,0.04046028210838901,0.3088344469190794,0.4394951744617669,0.21121009651076467,CLA,CTX
18458_00586,0.06704134885588117,0.0,0.34805299076676033,0.5849056603773585,VPL,TH
18457_00001,0.2519893899204244,0.0,0.007957559681697613,0.7400530503978779,CP,CNU
pre_18864_00442,0.5481832543443917,0.20115850447604003,0.20589784096893102,0.04476040021063718,SSp-bfd,CTX
pre_18864_00012,0.88,0.07545454545454545,0.04454545454545455,0.0,SSp-ul,CTX
17300_5896_x24862_y27320,0.42509225092250924,0.35571955719557197,0.03099630996309963,0.1881918819188192,RSPv,CTX
18457_00144,0.06391752577319587,0.0,0.14742268041237114,0.788659793814433,VPM,TH
18454_00167,0.036947791164658635,0.09076305220883533,0.02248995983935743,0.8497991967871485,VPL,TH
17545_00158,0.6158001350438893,0.1937879810938555,0.02903443619176232,0.16137744767049292,CP,CNU
18465_00313,0.0,0.0,0.6456405260594252,0.35435947394057477,LD,TH
18868_3389_x28317_y9872,0.3754716981132076,0.0,0.2792452830188679,0.3452830188679245,SSp-m,CTX
18455_00123,0.017025089605734768,0.034050179211469536,0.3525985663082437,0.5963261648745519,PO,TH
17302_00005,0.4236111111111111,0.09259259259259259,0.023148148148148147,0.46064814814814814,CP,CNU
18454_00022,0.5053908355795148,0.42048517520215634,0.03504043126684636,0.03908355795148248,CP,CNU
191812_2734_x6259_y10487,0.5653266331658291,0.15829145728643215,0.27638190954773867,0.0,MOs,CTX
18869_6291_x15236_y3478,0.398679323153116,0.07882789929839043,0.12092447379281882,0.40156830375567476,RSPv,CTX
18465_00128,0.04697986577181208,0.0,0.0,0.9530201342281879,VPM,TH
18464_00183,0.0583756345177665,0.0,0.0,0.9416243654822335,VPM,TH
18457_00056,0.037525354969574036,0.0,0.0486815415821501,0.9137931034482759,VPM,TH
18465_00082,0.07407407407407407,0.0018066847335140017,0.07136404697380307,0.8527551942186089,VPM,TH
18464_00029,0.005194805194805195,0.023376623376623377,0.1,0.8714285714285714,MG,TH
18457_00113,0.2775229357798165,0.09862385321100918,0.0,0.6238532110091743,CP,CNU
236174_3529_x12805_y10541,0.03407557354925776,0.37955465587044535,0.40856950067476383,0.17780026990553308,CLA,CTX
236174_3001_x12887_y24248,0.13141402271837055,0.2600861731296514,0.4764982373678026,0.1320015667841755,AId,CTX
18454_00130,0.03805640502888209,0.18586476384641523,0.6605504587155964,0.11552837240910635,MD,TH
18463_00075,0.3464203233256351,0.27251732101616627,0.18475750577367206,0.19630484988452657,CP,CNU
18455_00031,0.449820788530466,0.05913978494623656,0.26344086021505375,0.22759856630824374,CP,CNU
17302_00117,0.029714285714285714,0.0,0.002285714285714286,0.968,LGd,TH
18454_00075,0.02722658052607291,0.0,0.05445316105214582,0.9183202584217812,VAL,TH
18462_00031,0.012398460880718255,0.0,0.1675929884566054,0.8200085506626763,VPM,TH
17302_00052,0.0,0.0,0.8788759689922481,0.12112403100775193,MG,TH
18458_00302,0.0,0.0,0.016238159675236806,0.9837618403247632,LGd,TH
18454_01023,0.09010600706713781,0.0,0.0,0.9098939929328622,VPM,TH
236174_3429_x12632_y10625,0.002311756935270806,0.2767503302509908,0.6178996036988111,0.10303830911492734,CLA,CTX
18869_4629_x8451_y4031,0.7720403022670025,0.10390428211586902,0.05289672544080604,0.07115869017632241,SSp-ul,CTX
18869_4468_x23035_y7089,0.19065776930409914,0.10915157292659676,0.2950428979980934,0.4051477597712107,SSp-n,CTX
182724_2526_x7529_y21792,0.2900115696104898,0.30582337061318937,0.2996529116853066,0.10451214809101426,MOs,CTX
18867_6007_x18415_y4843,0.4445109183368232,0.09691893508824409,0.14687406521088842,0.31169608136404425,RSPv,CTX
18458_00050,0.0,0.0,0.06325581395348837,0.9367441860465117,LGd,TH
18464_00052,0.028971028971028972,0.0,0.06493506493506493,0.906093906093906,VPM,TH
18453_3579_x30397_y10103,0.7054655870445344,0.19433198380566802,0.09109311740890688,0.009109311740890687,SSp-m,CTX
18457_00241,0.0,0.0,0.117,0.883,SGN,TH
17545_00174,0.034255599472990776,0.0,0.011857707509881422,0.9538866930171278,LGd,TH
17109_2401_x9954_y9122,0.2144702842377261,0.09560723514211886,0.3152454780361757,0.37467700258397935,AId,CTX
18457_00095,0.02631578947368421,0.0,0.0,0.9736842105263158,VPM,TH
18454_01074,0.015785861358956762,0.1393273850377488,0.5271105010295127,0.3177762525737817,VPM,TH
18465_00041,0.38565022421524664,0.0,0.33856502242152464,0.2757847533632287,CP,CNU
18454_01131,0.07596685082872928,0.028314917127071824,0.2983425414364641,0.5973756906077348,RE,TH
18864_5692_x8806_y3272,0.4829749103942652,0.1953405017921147,0.06720430107526881,0.25448028673835127,AUDd,CTX
18453_1674_x14446_y9719,0.5494920174165457,0.13584905660377358,0.07402031930333818,0.24063860667634251,FRP,CTX
18869_4347_x8166_y4281,0.40298507462686567,0.3034825870646766,0.19900497512437812,0.0945273631840796,SSp-ul,CTX
pre_18864_00069,0.6550549034456645,0.15032184778492996,0.11548655812192352,0.07913669064748201,MOp,CTX
18867_5408_x30554_y7318,0.4300202839756592,0.0,0.0,0.5699797160243407,SSp-bfd,CTX
17781_7281_x18241_y11406,0.019247985675917637,0.0,0.5523724261414503,0.42837958818263205,SUB,CTX
18455_00158,0.016672841793256763,0.2945535383475361,0.42349018154872176,0.26528343831048534,VPMpc,TH
18453_7223_x30215_y5120,0.9829596412556054,0.0,0.003587443946188341,0.013452914798206279,VISp,CTX
17545_00066,0.581447963800905,0.23378582202111614,0.13800904977375567,0.04675716440422323,CP,CNU
18454_00059,0.02654867256637168,0.0,0.0022123893805309734,0.9712389380530974,LGd,TH
18868_5686_x9887_y5415,0.14853762734143938,0.08971409792967466,0.5323693723299375,0.2293789023989484,SSp-bfd,CTX
17545_00089,0.012399708242159009,0.03792851932895697,0.5532458059810358,0.3964259664478483,LP,TH
17302_00091,0.5037537537537538,0.33483483483483484,0.04354354354354354,0.11786786786786786,CP,CNU
18868_4883_x27078_y6285,0.49712313003452246,0.0,0.20713463751438435,0.2957422324510932,SSp-bfd,CTX
15257_4021_x16401_y21556,0.16590909090909092,0.0,0.4284090909090909,0.4056818181818182,MOs,CTX
18868_3592_x9776_y8113,0.20149253731343283,0.3302238805970149,0.28134328358208954,0.1869402985074627,MOp,CTX
18457_00129,0.016655562958027982,0.0,0.019320453031312457,0.9640239840106596,VPM,TH
18465_00057,0.0402081362346263,0.0,0.0,0.9597918637653737,LGd,TH
18454_01062,0.027751196172248804,0.0,0.05933014354066986,0.9129186602870814,VPM,TH
18457_00083,0.05010438413361169,0.0,0.12456506610995129,0.825330549756437,VPM,TH
18453_5459_x9646_y5477,0.14763779527559054,0.42322834645669294,0.3868110236220472,0.04232283464566929,SSp-bfd,CTX
18869_7358_x8916_y4859,0.20395799676898224,0.528675282714055,0.21324717285945072,0.05411954765751212,POST,CTX
18465_00112,0.0811138014527845,0.0,0.0,0.9188861985472155,LGd,TH
18454_01127,0.011702127659574468,0.0,0.0,0.9882978723404255,LGd,TH
18869_4410_x8772_y3996,0.3861003861003861,0.006435006435006435,0.11711711711711711,0.49034749034749037,SSp-ul,CTX
191812_3176_x5144_y19229,0.6202143950995406,0.15926493108728942,0.11791730474732007,0.10260336906584992,MOs,CTX
17109_6801_x7432_y4405,0.15369928400954655,0.2315035799522673,0.4458233890214797,0.16897374701670645,TEa,CTX
17782_3253_x33739_y18314,0.07940251572327044,0.16077044025157233,0.6206761006289309,0.1391509433962264,AId,CTX
18869_4050_x21764_y6239,0.46,0.44571428571428573,0.054285714285714284,0.04,SSp-m,CTX
18864_00015,0.9739644970414201,0.004142011834319527,0.0,0.021893491124260357,SSp-bfd,CTX
18454_01035,0.010432190760059613,0.0,0.0,0.9895678092399404,VPM,TH
18464_00044,0.0589041095890411,0.00410958904109589,0.0013698630136986301,0.9356164383561644,VPM,TH
18465_00145,0.0,0.11627906976744186,0.11794019933554817,0.7657807308970099,MG,TH
18455_00119,0.4403578528827038,0.2504970178926441,0.1481113320079523,0.1610337972166998,CP,CNU
18454_00018,0.3663157894736842,0.06315789473684211,0.06947368421052631,0.5010526315789474,CP,CNU
17545_00027,0.35963114754098363,0.21106557377049182,0.23975409836065573,0.18954918032786885,CP,CNU
18463_00018,0.05845511482254697,0.0,0.0,0.941544885177453,LGd,TH
17545_00162,0.03673047077082255,0.020693222969477496,0.8561821003621314,0.08639420589756855,MG,TH
18465_00283,0.424,0.005333333333333333,0.0,0.5706666666666667,EPd,CTX
18470_4630_x23468_y24795,0.4065798492117889,0.10541466758053461,0.2949965729952022,0.1930089102124743,RSPd,CTX
18868_3564_x27379_y8431,0.37926421404682276,0.12709030100334448,0.10367892976588629,0.38996655518394646,SSp-ul,CTX
18455_00181,0.379746835443038,0.20253164556962025,0.16455696202531644,0.25316455696202533,CP,CNU
17545_00115,0.6432964329643296,0.07503075030750307,0.12054120541205413,0.16113161131611317,CP,CNU
18867_7924_x22262_y16755,0.00020538098172109262,0.45676730334771,0.35571986034093245,0.18730745532963647,PRNr,Other
18454_00080,0.6811145510835913,0.11042311661506708,0.0846233230134159,0.1238390092879257,CP,CNU
17545_00050,0.47644326476443266,0.3287989382879894,0.11977438619774386,0.07498341074983411,CP,CNU
17781_00001,0.1437654539032144,0.26774991169198165,0.5061815612857647,0.08230307311903921,EPd,CTX
17302_00048,0.0,0.0,0.0,1.0,LGd,TH
236174_3829_x16301_y26647,0.006923837784371909,0.23194856577645895,0.46735905044510384,0.29376854599406527,CLA,CTX
18868_3626_x29809_y12585,0.2516469038208169,0.08300395256916997,0.3695652173913043,0.2957839262187088,SSs,CTX
18465_00132,0.06505295007564296,0.24205748865355523,0.017650025214321734,0.6752395360564801,VPM,TH
18454_01107,0.02161547212741752,0.0,0.46871444823663255,0.5096700796359499,VPM,TH
18458_00461,0.07918968692449356,0.0,0.5230202578268877,0.39779005524861877,VPM,TH
17787_00019,0.24559023066485752,0.07055630936227951,0.35549525101763907,0.3283582089552239,CP,CNU
18457_00109,0.03171836876960613,0.0024398745207389336,0.004531195538515162,0.9613105611711398,VPM,TH
18454_01042,0.0,0.0,0.0,1.0,VPM,TH
236174_4729_x16869_y27809,0.031493787922565734,0.5518636232302803,0.2851776943080035,0.13146489453915053,EPd,CTX
18463_00038,0.0856610800744879,0.0,0.0297951582867784,0.8845437616387337,VPM,TH
17109_2401_x9338_y2394,0.05066079295154185,0.5022026431718062,0.2621145374449339,0.18502202643171806,AId,CTX
17545_00142,0.0249728555917481,0.01031487513572204,0.13029315960912052,0.8344191096634094,VPLpc,TH
18465_00309,0.26474622770919065,0.1133973479652492,0.24142661179698216,0.38042981252857794,CEA,CNU
18453_5308_x10321_y5166,0.7578579743888242,0.23050058207217694,0.0,0.011641443538998836,SSp-bfd,CTX
17109_4772_x9038_y27257,0.12235067437379576,0.325626204238921,0.5183044315992292,0.03371868978805395,SSs,CTX
18455_00139,0.08424908424908426,0.0,0.0,0.9157509157509157,VPM,TH
17545_00007,0.25688073394495414,0.0,0.4525993883792049,0.290519877675841,CP,CNU
18455_00210,0.0532994923857868,0.0,0.0031725888324873096,0.9435279187817259,VPM,TH
pre_18864_00008,0.3879023307436182,0.17647058823529413,0.16259711431742507,0.2730299667036626,RSPd,CTX
18869_4275_x8819_y9368,0.11759868421052631,0.2713815789473684,0.4292763157894737,0.18174342105263158,CP,CNU
18454_01015,0.031273836765827616,0.0,0.03279938977879481,0.9359267734553776,VPM,TH
191812_4003_x5886_y22658,0.6717948717948717,0.31794871794871793,0.001282051282051282,0.008974358974358974,SSp-m,CTX
pre_18465_00267,0.5618556701030928,0.14948453608247422,0.08762886597938144,0.20103092783505155,ProS,CTX
18867_6986_x31479_y5932,0.3049837486457205,0.3282773564463705,0.2963163596966414,0.07042253521126761,VISl,CTX
18869_4345_x7097_y4738,0.2664389410760034,0.025619128949615714,0.300597779675491,0.4073441502988898,SSp-n,CTX
17545_00154,0.0328484279680901,0.0,0.2862505865790709,0.6809009854528391,VPL,TH
17302_00009,0.5548098434004475,0.1185682326621924,0.013422818791946308,0.3131991051454139,CP,CNU
18455_00206,0.0745697896749522,0.06978967495219886,0.21606118546845124,0.6395793499043977,VPM,TH
18868_2924_x10668_y9719,0.23201692524682652,0.5098730606488011,0.19464033850493653,0.06346967559943582,MOp,CTX
18457_00148,0.05917159763313609,0.0,0.08481262327416174,0.8560157790927022,VPM,TH
18864_4067_x3464_y21495,0.6682626538987688,0.05950752393980848,0.14227086183310533,0.12995896032831739,MOp,CTX
18458_00565,0.0546875,0.08203125,0.064453125,0.798828125,VPL,TH
18465_00036,0.1203883495145631,0.258252427184466,0.20970873786407768,0.4116504854368932,CP,CNU
18868_5141_x8535_y6876,0.3949152542372881,0.21694915254237288,0.1423728813559322,0.2457627118644068,SSp-bfd,CTX
18864_00023,0.7602283539486203,0.2055185537583254,0.03425309229305423,0.0,SSp-un,CTX
18454_00096,0.07117008443908324,0.11640530759951749,0.05790108564535585,0.7545235223160435,MD,TH
pre_18864_00225,0.7373417721518988,0.13164556962025317,0.08544303797468354,0.04556962025316456,VISC,CTX
18465_00348,0.04058518168947617,0.32656913638508733,0.2104766399244927,0.42236904200094383,VPL,TH
17545_00046,0.22014051522248243,0.11943793911007025,0.20608899297423888,0.45433255269320844,CP,CNU
pre_18469_00002,0.44931362196409713,0.20432946145723338,0.34213305174234426,0.004223864836325237,SSp-ul,CTX
18454_01111,0.0,0.0,0.1449814126394052,0.8550185873605948,VPM,TH
191812_3163_x6264_y21524,0.31730237700386954,0.443338861249309,0.12824765063571034,0.1111111111111111,MOp,CTX
18454_01054,0.06138392857142857,0.0,0.024553571428571428,0.9140625,VPM,TH
18458_00375,0.030831878999418267,0.0,0.0,0.9691681210005817,AM,TH
18453_5318_x33682_y14092,0.4172825469016487,0.28140989198408184,0.17453098351335986,0.1267765776009096,VISC,CTX
17302_00025,0.08419768151311775,0.17998779743746188,0.6229408175716901,0.11287370347773032,MD,TH
18454_00002,0.2121951219512195,0.12195121951219512,0.32195121951219513,0.3439024390243902,CP,CNU
18455_00046,0.03700724054706356,0.0,0.07401448109412712,0.8889782783588094,LGd,TH
18454_00147,0.005048187241854061,0.16980266177145478,0.2932537861404314,0.5318953648462598,VPM,TH
17545_00178,0.00978723404255319,0.0,0.07914893617021276,0.911063829787234,RE,TH
pre_18458_00348,0.3333333333333333,0.3125,0.020833333333333332,0.3333333333333333,CA1,CTX
18458_00119,0.0,0.0,0.0,1.0,VPM,TH
18458_00549,0.04251839738348324,0.022894521668029435,0.04905968928863451,0.8855273916598528,VPL,TH
18457_00164,0.07117117117117117,0.05045045045045045,0.13423423423423422,0.7441441441441441,VPL,TH
18454_00055,0.06835128417564208,0.011184755592377795,0.5219552609776305,0.3985086992543496,RE,TH
18455_00154,0.029840388619014575,0.0,0.19292158223455932,0.7772380291464261,VPM,TH
18867_6091_x30186_y6043,0.1783492326835338,0.013687266694317711,0.35752799668187474,0.45043550394027376,SSp-bfd,CTX
18458_00267,0.06586345381526104,0.011244979919678716,0.0024096385542168677,0.9204819277108434,LGd,TH
18047_00047,0.48910593538692715,0.0405709992486852,0.20510894064613072,0.26521412471825695,ORBm,CTX
18463_00055,0.0,0.0,0.499455930359086,0.500544069640914,VPM,TH
17545_00085,0.05612694681163679,0.0005877167205406994,0.5577431677931237,0.3855421686746988,VPMpc,TH
18455_00011,0.492972972972973,0.3708108108108108,0.03351351351351351,0.10270270270270271,CP,CNU
18457_00133,0.22792022792022792,0.0,0.358974358974359,0.4131054131054131,ACB,CNU
18454_01078,0.2017167381974249,0.5779685264663805,0.17310443490701002,0.04721030042918455,CP,CNU
18457_00099,0.0759493670886076,0.0,0.0,0.9240506329113924,VPL,TH
18864_2520_x2913_y22642,0.6392156862745098,0.1300653594771242,0.03071895424836601,0.2,MOs,CTX
pre_18864_00065,0.7458152510849348,0.09485430874147552,0.15933044017358958,0.0,SSp-ul,CTX
18457_00076,0.2583826429980276,0.007889546351084813,0.045364891518737675,0.6883629191321499,CP,CNU
182725_3762_x5563_y19178,0.338748984565394,0.28878960194963443,0.16125101543460602,0.21121039805036557,MOp,CTX
18454_01097,0.05405405405405406,0.0,0.48766157461809634,0.4582843713278496,VPM,TH
18464_00009,0.2345415778251599,0.0,0.31343283582089554,0.4520255863539446,CP,CNU
18455_00142,0.051696284329563816,0.014539579967689823,0.2310177705977383,0.7027463651050081,VPM,TH
17302_00064,0.04096385542168675,0.0,0.0,0.9590361445783132,LD,TH
18462_00007,0.46199524940617576,0.3693586698337292,0.07600950118764846,0.09263657957244656,CP,CNU
17302_00121,0.017964071856287425,0.011976047904191617,0.0,0.9700598802395209,LGd,TH
18455_00007,0.48081841432225064,0.3797953964194373,0.07289002557544758,0.06649616368286446,CP,CNU
17545_00093,0.08146964856230032,0.0,0.0,0.9185303514376997,LGd,TH
18454_00106,0.06804478897502153,0.0,0.0,0.9319552110249785,VPM,TH
18869_4883_x18883_y4120,0.2009009009009009,0.4486486486486487,0.2936936936936937,0.05675675675675676,SSp-ll,CTX
18869_4001_x4383_y7249,0.729589428975932,0.2100047192071732,0.04247286455875413,0.01793298725814063,SSs,CTX
18864_6384_x3409_y13059,0.7470355731225297,0.023276240667545016,0.10759771629336846,0.12209046991655688,RSPd,CTX
18869_5126_x8617_y7685,0.08967596081386586,0.4107008289374529,0.2629992464204974,0.23662396382818388,RT,TH
18457_00125,0.08129496402877698,0.0,0.0,0.918705035971223,VPL,TH
18454_01081,0.02897278314310799,0.030728709394205442,0.0,0.9402985074626866,VPM,TH
17787_7070_x12739_y1410,0.4475347661188369,0.25410872313527183,0.1592920353982301,0.1390644753476612,VISpm,CTX
191812_6351_x5009_y7424,0.7060185185185185,0.19212962962962962,0.05324074074074074,0.04861111111111111,SSp-bfd,CTX
pre_18864_00073,0.3049095607235142,0.35917312661498707,0.21382428940568476,0.12209302325581395,SSp-bfd,CTX
18462_00050,0.3761467889908257,0.44724770642201833,0.11926605504587157,0.05733944954128441,CP,CNU
18454_00014,0.38257575757575757,0.1268939393939394,0.35795454545454547,0.13257575757575757,CP,CNU
17302_00033,0.5138248847926268,0.36482334869431643,0.010752688172043012,0.11059907834101383,CP,CNU
191812_5158_x9017_y25877,0.8272058823529411,0.025735294117647058,0.0,0.14705882352941177,SSs,CTX
236174_4429_x13147_y8003,0.028668310727496916,0.10188039457459926,0.6938964241676943,0.17555487053020963,CLA,CTX
18454_00151,0.0056022408963585435,0.025210084033613446,0.02054154995331466,0.9486461251167133,VPLpc,TH
18455_00050,0.004078303425774877,0.05872756933115824,0.12234910277324633,0.8148450244698205,MG,TH
18463_00014,0.09838998211091235,0.0,0.0035778175313059034,0.8980322003577818,VPM,TH
18454_01039,0.06909090909090909,0.0,0.02181818181818182,0.9090909090909091,VPM,TH
18869_4196_x21043_y5510,0.3135593220338983,0.0635593220338983,0.4025423728813559,0.22033898305084745,SSp-m,CTX
18869_3482_x7077_y5660,0.4014084507042254,0.0,0.34976525821596244,0.24882629107981222,SSp-m,CTX
18453_4221_x16935_y5165,0.38439095550692925,0.21918307804522247,0.3701677607585704,0.0262582056892779,MOp,CTX
191803_8254_x7045_y21580,0.5130841121495328,0.0,0.05514018691588785,0.43177570093457945,PAR,CNU
18461_7132_x6338_y3287,0.0855397148676171,0.4378818737270876,0.3971486761710794,0.07942973523421588,VISrl,CTX
18867_4421_x31775_y9812,0.4774774774774775,0.007722007722007722,0.3590733590733591,0.15572715572715573,SSp-m,CTX
18453_4693_x33039_y11636,0.6865321445330831,0.11684655091506335,0.0,0.1966213045518536,SSs,CTX
18457_00037,0.3232104121475054,0.0,0.19739696312364424,0.4793926247288503,CP,CNU
18464_00048,0.07395993836671803,0.0,0.0,0.926040061633282,VPM,TH
182725_7341_x4593_y22594,0.1354679802955665,0.29802955665024633,0.3017241379310345,0.2647783251231527,VISli,CTX
18454_01038,0.04526748971193416,0.0,0.0,0.9547325102880658,VPL,TH
pre_18864_00025,0.37233682786608047,0.4403111261413595,0.021305377071356105,0.16604666892120393,MOs,CTX
18465_00148,0.1895734597156398,0.023696682464454975,0.0,0.7867298578199052,LGd,TH
18457_00036,0.2314410480349345,0.0,0.0,0.7685589519650655,CP,CNU
191807_5062_x6404_y23808,0.10144927536231885,0.02463768115942029,0.06376811594202898,0.8101449275362319,SSs,CTX
18464_00049,0.032275711159737416,0.0,0.10010940919037199,0.8676148796498906,VPM,TH
18454_00015,0.2599784250269687,0.5048543689320388,0.08198489751887811,0.15318230852211434,CP,CNU
18462_00051,0.017013232514177693,0.0,0.003780718336483932,0.9792060491493384,VPM,TH
17302_00032,0.4132029339853301,0.37163814180929094,0.1491442542787286,0.06601466992665037,CP,CNU
17781_6643_x22317_y12822,0.18878248974008208,0.07159142726858185,0.45645234838121296,0.28317373461012313,TR,CTX
17545_00180,0.016346546791990192,0.3252962811606048,0.25827543931344504,0.40008173273395997,RE,TH
18465_00261,0.14160401002506265,0.008145363408521303,0.0,0.850250626566416,VPM,TH
18864_6291_x8873_y32149,0.7681473456121344,0.23185265438786565,0.0,0.0,AUDp,CTX
18454_00150,0.005115089514066497,0.005115089514066497,0.0076726342710997444,0.9820971867007673,MG,TH
18463_00015,0.028188865398167725,0.0,0.0,0.9718111346018323,LGd,TH
18453_3796_x16246_y20830,0.3416149068322981,0.33540372670807456,0.14596273291925466,0.17701863354037267,OT,CNU
18454_01080,0.004393673110720563,0.06590509666080843,0.0210896309314587,0.9086115992970123,VPM,TH
236174_2801_x11376_y11451,0.2674677347574544,0.44503782821539833,0.14908767245215843,0.13840676457498888,AId,CTX
18457_00061,0.042877906976744186,0.0,0.0,0.9571220930232558,VPM,TH
18868_4341_x30419_y10114,0.2562025316455696,0.3240506329113924,0.4070886075949367,0.012658227848101266,SSp-n,CTX
236174_3829_x14826_y27255,0.03702490170380079,0.32306684141546527,0.4413499344692005,0.19855832241153343,GU,CTX
18455_00143,0.03775038520801233,0.0,0.016178736517719568,0.9460708782742681,VPM,TH
17302_00065,0.0,0.0,0.0,1.0,LD,TH
17302_00120,0.0,0.0,0.0,1.0,LGd,TH
18463_00042,0.38095238095238093,0.22857142857142856,0.08095238095238096,0.30952380952380953,RE,TH
17545_00092,0.01179245283018868,0.0,0.12775157232704404,0.8604559748427673,LGd,TH
18454_00107,0.07185122569737955,0.0,0.5426880811496196,0.38546069315300086,VPM,TH
17545_00138,0.4675324675324675,0.0,0.16233766233766234,0.37012987012987014,CP,CNU
18453_2645_x28684_y11703,0.699076923076923,0.16646153846153847,0.13446153846153847,0.0,MOp,CTX
18454_01079,0.08579465541490858,0.08438818565400844,0.28270042194092826,0.5471167369901547,VPM,TH
18457_00098,0.0378234903782349,0.0,0.06702057067020571,0.8951559389515594,VPM,TH
191812_5411_x6011_y24641,0.3659689399054693,0.47332883187035785,0.010803511141120865,0.149898717083052,SSp-bfd,CTX
pre_18455_00241,0.30666666666666664,0.02666666666666667,0.44,0.22666666666666666,NDB,CNU
18453_5033_x32118_y8975,0.6709844559585493,0.15414507772020725,0.02072538860103627,0.15414507772020725,SSs,CTX
18465_00109,0.025540275049115914,0.0,0.2504911591355599,0.7239685658153242,LGd,TH
18457_00077,0.27058823529411763,0.43137254901960786,0.2568627450980392,0.041176470588235294,CP,CNU
18864_3473_x2641_y21082,0.625043357613597,0.07353451266042317,0.1370100589663545,0.16441207075962538,MOp,CTX
18454_01096,0.045064377682403435,0.0,0.13447782546494993,0.8204577968526466,VPM,TH
18454_00054,0.03777208706786172,0.0,0.2906530089628681,0.6715749039692702,SMT,TH
15257_4500_x16614_y17147,0.1394422310756972,0.0,0.28286852589641437,0.5776892430278885,MOs,CTX
18454_00111,0.4153846153846154,0.015384615384615385,0.4307692307692308,0.13846153846153847,CP,CNU
18453_6040_x24821_y3042,0.7479564032697548,0.05722070844686648,0.0497275204359673,0.14509536784741145,VISam,CTX
18463_00054,0.04066265060240964,0.0,0.06551204819277108,0.8938253012048193,VPM,TH
17545_00084,0.023910907304290862,0.0,0.6993121519816574,0.27677694071405173,VPMpc,TH
18458_00548,0.12121212121212122,0.000946969696969697,0.028409090909090908,0.8494318181818182,VPM,TH
18869_4511_x11720_y4070,0.06197546804389929,0.5429309231762427,0.328599096191091,0.06649451258876694,MOp,CTX
18458_00374,0.04192949907235621,0.3031539888682746,0.586456400742115,0.06846011131725417,VM,TH
17302_00024,0.24726661059714045,0.04121110176619008,0.14802354920100924,0.5634987384356602,PVT,TH
18454_00003,0.3049095607235142,0.025839793281653745,0.42377260981912146,0.2454780361757106,CP,CNU
pre_18467_00104,0.3576158940397351,0.34363502575423105,0.12067696835908756,0.1780721118469463,AUDp,CTX
18455_00047,0.04279279279279279,0.0,0.07657657657657657,0.8806306306306306,VPM,TH
18463_00003,0.030636292223095052,0.0,0.08798114689709348,0.8813825608798115,VPM,TH
17545_00179,0.0,0.0,0.0,1.0,LGd,TH
18454_00146,0.04365079365079365,0.0,0.4642857142857143,0.49206349206349204,VPM,TH
pre_17543_01171,0.7302231237322515,0.028904665314401622,0.18407707910750506,0.056795131845841784,error,Other
18868_4739_x28536_y7468,0.2038793103448276,0.20991379310344827,0.503448275862069,0.08275862068965517,SSp-bfd,CTX
18465_00125,0.022332506203473945,0.0,0.2661290322580645,0.7115384615384616,VPM,TH
18454_01110,0.0,0.0,0.0652699435938759,0.934730056406124,VPM,TH
pre_18864_00048,0.582905982905983,0.24871794871794872,0.0547008547008547,0.11367521367521367,VISam,CTX
191812_3494_x7001_y8336,0.6286043829296425,0.18569780853517878,0.010380622837370242,0.17531718569780855,SSp-m,CTX
18454_01055,0.023890784982935155,0.0,0.006825938566552901,0.9692832764505119,VPM,TH
18454_00097,0.05405405405405406,0.08944658944658945,0.5424710424710425,0.31402831402831405,CM,TH
18465_00349,0.18435754189944134,0.21601489757914338,0.49906890130353815,0.1005586592178771,CP,CNU
17545_00047,0.23501199040767387,0.5203836930455635,0.16546762589928057,0.07913669064748201,CP,CNU
182725_2390_x8944_y12077,0.2616793893129771,0.05984732824427481,0.4650381679389313,0.2134351145038168,MOs,CTX
18868_3228_x28576_y10788,0.3119047619047619,0.3380952380952381,0.2841269841269841,0.06587301587301587,SSp-m,CTX
18465_00037,0.34306569343065696,0.005474452554744526,0.5109489051094891,0.14051094890510948,CP,CNU
18458_00564,0.06774809160305344,0.0,0.013358778625954198,0.9188931297709924,VPM,TH
18869_4301_x20547_y5218,0.3494363929146538,0.2286634460547504,0.18035426731078905,0.24154589371980675,SSp-un,CTX
pre_17543_01274,0.3278236914600551,0.16804407713498623,0.26170798898071623,0.24242424242424243,error,Other
18453_2632_x11687_y8383,0.770242914979757,0.03390688259109312,0.01720647773279352,0.17864372469635628,MOs,CTX
17545_00155,0.42093373493975905,0.4329819277108434,0.06852409638554217,0.07756024096385543,CP,CNU
18868_4434_x10947_y6887,0.321483771251932,0.04945904173106646,0.250386398763524,0.3786707882534776,SSp-ul,CTX
18458_00437,0.11995386389850057,0.0,0.05420991926182238,0.825836216839677,VPL,TH
18453_7304_x11719_y3749,0.33779608650875387,0.4253347064881565,0.20288362512873326,0.03398558187435633,VISp,CTX
18869_6076_x17177_y3306,0.16391275611368142,0.619960343688037,0.18374091209517515,0.03238598810310641,RSPagl,CTX
18458_00122,0.015371477369769428,0.0,0.16310845431255339,0.8215200683176772,VPM,TH
18454_01014,0.09297218155197658,0.0,0.0,0.9070278184480234,VPM,TH
18453_3564_x30226_y9677,0.4633846153846154,0.05846153846153846,0.16,0.3181538461538462,SSp-m,CTX
236174_3447_x12562_y10626,0.015949443274149863,0.2771591934998495,0.47758049954860066,0.22931086367739995,CLA,CTX
18463_00039,0.03502919099249374,0.0,0.0,0.9649708090075062,VPM,TH
17545_00143,0.37359792924935287,0.49352890422778256,0.05004314063848145,0.08283002588438308,CP,CNU
pre_18458_00373,0.5,0.2619047619047619,0.23809523809523808,0.0,DG,CTX
18869_5317_x6063_y4638,0.12268518518518519,0.7029320987654321,0.15200617283950618,0.022376543209876542,SSp-bfd,CTX
18455_00138,0.030414746543778803,0.0,0.03963133640552995,0.9299539170506912,VPM,TH
18867_4533_x14227_y15937,0.16479152878888154,0.4639311714096625,0.21972203838517537,0.15155526141628062,CP,CNU
17545_00006,0.507537688442211,0.12562814070351758,0.0,0.36683417085427134,CP,CNU
18454_00039,0.3057768924302789,0.43725099601593626,0.15239043824701196,0.10458167330677291,CP,CNU
18454_01106,0.07549668874172186,0.0,0.0026490066225165563,0.9218543046357616,VPM,TH
18458_00460,0.03558460421205519,0.0,0.2549019607843137,0.7095134350036311,VPM,TH
18464_00198,0.04259094942324756,0.0,0.5346051464063887,0.4228039041703638,LP,TH
18465_00133,0.03360151443445338,0.0,0.48793185044959775,0.4784666351159489,VPM,TH
18864_6057_x8520_y2391,0.5701451278507257,0.18106427090532135,0.12370421561852107,0.12508638562543192,AUDp,CTX
236174_3029_x12820_y24699,0.17463799912242212,0.250987275120667,0.4348398420359807,0.13953488372093023,MOp,CTX
18457_00108,0.2700587084148728,0.1643835616438356,0.021526418786692758,0.5440313111545988,CP,CNU
18454_01043,0.06741573033707865,0.0,0.0,0.9325842696629213,VPM,TH
17300_5571_x27063_y39610,0.5869281045751634,0.21045751633986928,0.12941176470588237,0.07320261437908497,VISa,CTX
18868_3009_x28076_y11485,0.44670542635658916,0.13630490956072353,0.31589147286821706,0.10109819121447028,MOp,CTX
236174_3893_x17507_y26071,0.2939046469523235,0.3509354254677127,0.235968617984309,0.1191913095956548,EPd,CTX
18455_00180,0.3996023856858847,0.027833001988071572,0.2047713717693837,0.36779324055666,CP,CNU
17302_00049,0.022044088176352707,0.0,0.0,0.9779559118236473,LGd,TH
18869_3064_x20999_y7621,0.26700680272108845,0.04421768707482993,0.4387755102040816,0.25,SSp-m,CTX
18868_4517_x31548_y11591,0.31597845601436264,0.4679832435667265,0.16935966487133453,0.0466786355475763,SSs,CTX
17545_00026,0.25848849945235486,0.3899233296823658,0.28313253012048195,0.06845564074479737,CP,CNU
17781_5361_x17741_y11849,0.29331941544885176,0.22860125260960334,0.3945720250521921,0.08350730688935282,CP,CNU
18463_00019,0.1407766990291262,0.09223300970873786,0.18932038834951456,0.5776699029126213,CP,CNU
17545_00163,0.0,0.02400893355667225,0.0,0.9759910664433278,MG,TH
18465_00328,0.02926829268292683,0.0,0.0,0.9707317073170731,VPL,TH
182724_2997_x5821_y12613,0.8020408163265306,0.09285714285714286,0.05,0.05510204081632653,MOs,CTX
18869_3504_x6554_y5961,0.3941798941798942,0.0,0.4312169312169312,0.1746031746031746,SSp-m,CTX
18465_00282,0.41422594142259417,0.0,0.18410041841004185,0.401673640167364,CP,CNU
18458_00102,0.09335324869305452,0.0,0.014936519790888723,0.8917102315160568,LGd,TH
18454_01034,0.0107421875,0.0,0.025390625,0.9638671875,VPM,TH
18465_00001,0.2849162011173184,0.0,0.33519553072625696,0.37988826815642457,CP,CNU
18464_00045,0.013941018766756031,0.00804289544235925,0.353887399463807,0.6241286863270777,VPM,TH
18457_00190,0.06536502546689305,0.0,0.02801358234295416,0.9066213921901528,VPM,TH
18453_6479_x9010_y4330,0.5309126594700687,0.13150147203140333,0.10304219823356231,0.23454367026496564,VISal,CTX
17545_00071,0.017192872772741483,0.061581744295092215,0.8130665833072835,0.10815879962488277,VAL,TH
18453_3316_x8214_y11076,0.18687589158345222,0.5734664764621968,0.19828815977175462,0.04136947218259629,SSp-m,CTX
17302_00086,0.5098314606741573,0.0702247191011236,0.0,0.4199438202247191,CP,CNU
18457_00128,0.017804154302670624,0.0,0.0956973293768546,0.8864985163204748,VPM,TH
17781_6287_x8230_y11645,0.1994535519125683,0.13296903460837886,0.5403005464480874,0.12727686703096538,SSs,CTX
18454_01063,0.037440435670524165,0.02654867256637168,0.2532334921715453,0.6827773995915589,VPM,TH
18458_00505,0.05336035123269166,0.36001350894967915,0.4444444444444444,0.14218169537318473,VM,TH
18465_00056,0.06508013598834386,0.0,0.017969888295288974,0.9169499757163672,LGd,TH
18457_00082,0.4558303886925795,0.10247349823321555,0.11307420494699646,0.3286219081272085,CP,CNU
236174_3729_x15151_y26698,0.02119513195678928,0.17133871188294816,0.5629700533296869,0.24449610283057568,AId,CTX
18864_00043,0.6853080568720379,0.09431279620853081,0.15165876777251186,0.06872037914691943,SSs,CTX
18454_01126,0.05235602094240838,0.0,0.0,0.9476439790575916,VPM,TH
18465_00113,0.05155420773313116,0.0,0.02047005307050796,0.9279757391963609,LGd,TH
17543_5334_x5066_y20381,0.7582017010935601,0.06804374240583232,0.0,0.17375455650060753,VISal,CTX
18455_00159,0.03806416530723219,0.02011963023382273,0.3621533442088091,0.5796628602501359,VPM,TH
18454_00058,0.09353421217827998,0.5053358443188951,0.2598870056497175,0.14124293785310735,RE,TH
17545_00067,0.707010582010582,0.11574074074074074,0.11177248677248677,0.06547619047619048,CP,CNU
18463_00058,0.048411497730711045,0.0,0.0,0.9515885022692889,VPM,TH
17545_00088,0.0605875152998776,0.0,0.0,0.9394124847001224,LGd,TH
17545_00122,0.47784200385356457,0.017341040462427744,0.04046242774566474,0.464354527938343,CP,CNU
18868_3419_x27168_y8481,0.6548821548821548,0.02861952861952862,0.2138047138047138,0.1026936026936027,MOp,CTX
18868_3783_x28846_y9268,0.4372586872586873,0.2876447876447876,0.08976833976833977,0.18532818532818532,SSp-m,CTX
18464_00141,0.2409288824383164,0.0899854862119013,0.18577648766328012,0.4833091436865022,CP,CNU
18465_00040,0.36701337295690933,0.20950965824665677,0.12927191679049035,0.29420505200594355,CP,CNU
18454_01075,0.021052631578947368,0.0,0.16271929824561404,0.8162280701754386,PO,TH
18464_00004,0.34096109839816935,0.15560640732265446,0.07093821510297482,0.43249427917620137,CP,CNU
182724_5793_x8695_y5510,0.5558232931726907,0.10200803212851406,0.0746987951807229,0.2674698795180723,AUDv,CTX
18458_00456,0.04766311892642295,0.0,0.08375751966682092,0.8685793614067562,VPL,TH
18454_01130,0.06070970500213767,0.006412997007268063,0.11799914493373237,0.814878153056862,VPL,TH
17545_00030,0.6171535114978247,0.16594157862026104,0.1305158483530143,0.08638906152889994,CP,CNU
18455_5472_x13482_y11733,0.04584221748400853,0.0,0.35074626865671643,0.603411513859275,VPM,TH
191812_3758_x8791_y24162,0.4964243146603099,0.22467222884386173,0.13528009535160906,0.1436233611442193,SSs,CTX
18465_00294,0.04445876288659794,0.002577319587628866,0.14755154639175258,0.8054123711340206,VPM,TH
17545_00175,0.048507462686567165,0.0,0.022761194029850745,0.9287313432835821,SMT,TH
18864_6581_x10729_y2199,0.36853295535081504,0.261516654854713,0.18214032600992205,0.18781006378454995,TEa,CTX
18465_00017,0.35597826086956524,0.005434782608695652,0.30434782608695654,0.3342391304347826,CP,CNU
18454_01022,0.0,0.0,0.530038346825735,0.469961653174265,LD,TH
18458_00114,0.048752834467120185,0.0,0.0,0.9512471655328798,VPM,TH
18864_00002,0.9276595744680851,0.03404255319148936,0.0,0.03829787234042553,SSp-bfd,CTX
18465_00152,0.027330405075646658,0.0629575402635432,0.2347486578818936,0.6749633967789166,MG,TH
18461_3871_x7813_y3857,0.6635446685878963,0.18371757925072046,0.15273775216138327,0.0,MOp,CTX
18458_00051,0.06980961015412511,0.0,0.0,0.9301903898458749,LGd,TH
18869_3547_x21769_y7449,0.21169354838709678,0.12701612903225806,0.23891129032258066,0.4223790322580645,SSp-m,CTX
18458_00616,0.046422487223168656,0.0,0.21550255536626917,0.7380749574105622,SMT,TH
18454_00131,0.020440251572327043,0.0,0.2389937106918239,0.7405660377358491,VPM,TH
18455_00030,0.733615221987315,0.113107822410148,0.08773784355179703,0.06553911205073996,CP,CNU
18463_00074,0.24299065420560748,0.014018691588785047,0.5327102803738317,0.2102803738317757,CP,CNU
17302_00116,0.01900739176346357,0.0,0.15311510031678988,0.8278775079197466,VPL,TH
18462_00030,0.01901743264659271,0.002641310089804543,0.6397253037506603,0.33861595351294244,VPLpc,TH
18454_00074,0.04667328699106256,0.0749751737835154,0.4811320754716981,0.3972194637537239,MD,TH
17302_00053,0.02736318407960199,0.0,0.1517412935323383,0.8208955223880597,VPM,TH
182725_2241_x9113_y11193,0.4430673896204493,0.20836560805577073,0.2773044151820294,0.07126258714175059,MOs,CTX
17109_1701_x8048_y22277,0.24034334763948498,0.22317596566523606,0.4184549356223176,0.11802575107296137,AId,CTX
18453_4899_x10111_y5917,0.5062166962699822,0.16074600355239788,0.16163410301953818,0.1714031971580817,SSp-bfd,CTX
18864_4120_x3320_y13563,0.6172607879924953,0.2620387742338962,0.09443402126328955,0.02626641651031895,MOp,CTX
pre_18864_00044,0.6750139120756817,0.16638842515303284,0.03951029493600445,0.11908736783528102,SSp-m,CTX
18453_3021_x27493_y8943,0.5072508485035483,0.2965134217834002,0.061400802221536564,0.13483492749151496,MOp,CTX
pre_18864_00414,0.5917135961383749,0.017699115044247787,0.24014481094127113,0.1504424778761062,MOs,CTX
18869_5692_x6534_y3440,0.48791985857395404,0.3871538008249853,0.09781968179139658,0.027106658809664112,SSp-bfd,CTX
18457_00057,0.040033361134278564,0.0,0.2627189324437031,0.6972477064220184,VPM,TH
18465_00083,0.04149659863945578,0.0,0.0326530612244898,0.9258503401360544,VPM,TH
191801_4180_x7440_y5386,0.5781399808245445,0.36433365292425696,0.05752636625119847,0.0,SSp-m,CTX
18457_00112,0.033843300880853036,0.05679184051923968,0.7044506258692629,0.2049142327306444,VM,TH
18454_01059,0.055350553505535055,0.0,0.0,0.9446494464944649,VPM,TH
182725_2917_x9391_y22263,0.339891167852658,0.21054834658853078,0.3017999162829636,0.14776056927584763,AId,CTX
17545_00159,0.6011673151750972,0.2733463035019455,0.07879377431906615,0.04669260700389105,CP,CNU
18454_00166,0.012244897959183673,0.0,0.11918367346938775,0.8685714285714285,VPL,TH
18465_00312,0.022410358565737053,0.1648406374501992,0.3904382470119522,0.42231075697211157,MG,TH
pre_18458_00369,0.20689655172413793,0.1724137931034483,0.5172413793103449,0.10344827586206896,DG,CTX
18864_4760_x3070_y21249,0.4848573092603378,0.1252184041933605,0.03640069889341875,0.35352358765288294,MOp,CTX
