name,stems,branches,overall_width,overall_height,overall_depth,overall_volume,total_length,br_length_mean,br_length_std,br_length_min,br_length_max,br_order_mean,br_order_std,br_order_min,br_order_max,br_tortuosity_mean,br_tortuosity_std,br_tortuosity_min,br_tortuosity_max,bif_EucDist2soma_mean,bif_EucDist2soma_std,bif_EucDist2soma_min,bif_EucDist2soma_max,bif_PathDist2soma_mean,bif_PathDist2soma_std,bif_PathDist2soma_min,bif_PathDist2soma_max,asymmetry_mean,asymmetry_std,asymmetry_min,asymmetry_max,ampl_local_mean,ampl_local_std,ampl_local_min,ampl_local_max,ampl_remote_mean,ampl_remote_std,ampl_remote_min,ampl_remote_max,tilt_local_mean,tilt_local_std,tilt_local_min,tilt_local_max,tilt_remote_mean,tilt_remote_std,tilt_remote_min,tilt_remote_max
18454_01067,10.0,610.0,3379.6,1656.76,2764.05,15476400000.0,52424.5,85.9418,143.746,1.02059,2810.49,13.5967,7.64126,1.0,35.0,0.112083,0.0870124,3.48863e-05,0.535078,2971.51,1496.37,0.0,4020.59,4512.36,2252.11,9.33162,6678.6,0.723333,0.448098,0.0,1.0,76.072,33.678,1.36285,177.792,67.9615,31.9867,7.55805,174.596,112.76,30.6323,1.9227,173.891,118.285,27.4059,12.3273,164.187
191801_4228_x15043_y11097,5.0,295.0,953.91,1401.26,533.67,713343000.0,16153.0,54.7561,61.2847,0.301556,527.388,13.339,7.20405,1.0,29.0,0.125879,0.121038,0.0,0.792123,373.133,240.142,0.0,962.09,544.88,326.286,8.41823,1740.36,0.744828,0.437469,0.0,1.0,72.2753,40.6713,1.06973,171.753,72.149,41.6683,4.45915,171.753,106.495,39.0303,1.47952,167.624,110.725,36.1465,5.58877,172.128
18457_00127,6.0,520.0,3013.65,3885.4,4059.88,47538100000.0,63427.9,121.977,254.46,0.404698,3330.02,18.1615,13.4146,1.0,55.0,0.104658,0.104926,0.0,0.697503,2552.69,1392.26,0.0,4523.52,6761.79,3537.05,12.7735,11315.0,0.754864,0.431007,0.0,1.0,82.5709,35.5722,3.36159,176.542,79.8903,40.0771,1.33273,176.069,109.202,31.4502,4.78795,166.254,104.277,35.1523,11.2201,170.623
17302_00015,7.0,229.0,1589.49,1547.01,1210.67,2976990000.0,26880.3,117.381,123.975,1.30145,616.644,10.1266,5.58794,1.0,25.0,0.165675,0.122398,3.83528e-05,0.744559,287.275,362.299,0.0,1501.06,598.92,504.869,5.23893,2302.7,0.693694,0.463049,0.0,1.0,74.1527,33.2581,0.374323,156.773,88.3605,39.1893,11.9054,174.892,115.046,28.8989,41.5983,173.126,94.552,34.9002,10.606,164.44
18465_00005,8.0,620.0,4265.99,2381.37,1798.78,18273600000.0,28720.1,46.3227,105.703,0.532672,2187.86,22.6484,17.4218,1.0,73.0,0.130702,0.107674,0.0,0.563649,2198.16,1647.05,0.0,4439.64,3436.63,2587.83,15.3608,8276.02,0.800654,0.400163,0.0,1.0,84.9079,36.0716,2.68813,163.983,81.0672,36.3482,3.95609,162.836,104.201,32.5126,2.46997,168.512,102.031,33.3014,4.29026,168.797
17302_00005,5.0,261.0,4274.79,1135.28,1529.55,7423030000.0,17468.1,66.9277,138.565,0.662616,1596.42,12.4176,7.49448,1.0,26.0,0.145018,0.104662,0.0,0.57028,2052.37,1866.55,0.0,4245.14,2650.11,2302.05,11.0164,5358.83,0.71875,0.451376,0.0,1.0,82.5154,33.7649,15.9196,168.483,76.6179,36.3075,9.35916,171.798,105.584,32.2096,0.847787,161.167,107.485,31.4276,15.0646,156.071
17781_00003,3.0,817.0,4679.81,4902.97,3544.58,81330300000.0,129777.0,158.846,225.734,0.798091,2016.15,19.0759,9.30734,1.0,43.0,0.154246,0.110338,0.0,0.789239,1094.07,722.149,0.0,2666.71,2433.85,1631.33,16.303,7454.4,0.761671,0.426586,0.0,1.0,77.5925,33.8035,3.15187,167.304,80.7547,36.24,4.06201,175.548,107.014,32.6706,3.84126,170.894,101.609,34.5949,1.50007,169.627
18465_00015,9.0,427.0,555.8,815.82,728.2,330190000.0,14617.1,34.2321,35.0049,0.723229,180.172,11.8618,7.80226,1.0,31.0,0.1476,0.126512,0.0,0.814275,274.508,316.898,0.0,820.341,526.432,462.737,15.5316,1455.07,0.69378,0.462029,0.0,1.0,82.0514,32.7946,19.1333,168.632,80.1714,35.6483,12.3626,169.91,107.901,30.3601,4.90832,161.228,103.341,34.7005,14.6166,158.41
18457_00241,6.0,590.0,1749.01,2549.3,2802.87,12497300000.0,70543.8,119.566,196.803,0.965536,3211.77,12.7593,7.39841,1.0,33.0,0.102288,0.0781799,0.0,0.74518,1846.39,952.071,0.0,2873.04,5822.19,3025.14,12.9832,8615.38,0.736301,0.441394,0.0,1.0,70.3287,31.8912,1.12178,155.272,59.331,29.4502,2.42514,150.596,120.337,28.5547,18.8953,168.17,126.674,24.6775,39.392,171.248
191807_5178_x5002_y23078,13.0,1009.0,3863.12,5093.01,4289.86,84402600000.0,108459.0,107.491,201.046,0.677323,3390.12,19.3092,11.1827,1.0,41.0,0.112003,0.0972936,0.0,0.750429,1333.91,1061.44,0.0,5904.33,3502.37,3036.89,15.2305,11935.7,0.7249,0.447014,0.0,1.0,75.9176,30.7743,1.08404,176.999,69.414,35.5315,7.10878,176.44,116.662,26.1204,15.913,175.001,114.416,31.1969,6.22734,170.56
18470_4630_x23468_y24795,10.0,848.0,8183.22,7173.7,4440.93,260700000000.0,190796.0,224.996,368.366,1.23074,4038.35,15.8632,7.42822,1.0,31.0,0.146714,0.101784,2.77602e-07,0.661678,2311.6,2151.81,0.0,7656.52,5176.69,4866.73,12.7882,16136.9,0.732697,0.443081,0.0,1.0,75.7717,35.5313,0.366212,171.284,73.1516,36.2798,2.21997,170.259,109.139,33.563,3.12581,173.746,108.305,33.1647,14.3114,175.645
18454_00126,6.0,774.0,2185.77,3753.05,3106.19,25481000000.0,73644.4,95.1478,134.749,0.942495,1875.64,17.6434,7.88218,1.0,39.0,0.0854363,0.0722703,0.0,0.552947,2072.91,981.407,0.0,3084.39,5748.27,3040.44,9.06383,9766.82,0.721354,0.448918,0.0,1.0,72.675,30.4673,0.581261,167.236,61.8326,27.6633,3.40842,165.304,118.416,26.2821,24.9913,169.346,123.616,23.8896,44.0462,174.421
18454_00136,6.0,774.0,4507.65,2568.2,3139.7,36346900000.0,75344.7,97.3446,135.332,0.659419,2107.3,16.7054,9.02382,1.0,36.0,0.0893424,0.0706764,0.0,0.602053,2846.95,1559.51,0.0,4681.72,5299.18,2888.23,13.0953,8525.76,0.731771,0.443616,0.0,1.0,71.2105,31.1222,1.31329,175.203,62.923,28.6894,0.0648667,168.144,118.46,29.7068,4.74938,168.025,122.607,27.5575,11.0056,168.393
18869_3398_x6248_y7047,11.0,879.0,10444.8,4637.7,6233.4,301944000000.0,116966.0,133.067,300.717,0.736229,5865.86,18.083,8.87864,1.0,42.0,0.123412,0.0957208,0.0,0.757164,5109.03,3854.79,0.0,10142.4,8556.82,6229.9,11.5263,17846.7,0.700461,0.458585,0.0,1.0,77.767,30.8875,1.21284,170.507,71.0838,34.5958,6.70087,177.994,114.06,27.8539,2.61099,167.916,112.832,30.4247,10.3933,170.89
18455_00042,8.0,472.0,3389.32,3096.1,1712.82,17973800000.0,53756.6,113.891,327.401,0.712555,6793.11,11.2542,5.84177,1.0,23.0,0.0909367,0.085379,0.0,0.591564,2350.65,1344.31,0.0,3429.18,6637.98,3799.32,8.84435,9789.89,0.706897,0.45617,0.0,1.0,74.9235,30.4316,2.51319,157.814,64.0253,29.6061,9.57171,142.417,116.647,25.7646,43.5284,166.09,121.835,26.8678,35.4287,173.275
18869_4912_x19648_y8510,4.0,652.0,1250.87,775.12,1124.53,1090320000.0,26555.0,40.7285,60.8147,0.795686,864.333,14.454,5.95962,1.0,27.0,0.0936966,0.0941606,0.0,0.718738,481.8,232.963,0.0,1266.31,860.729,364.14,10.9744,2132.46,0.719136,0.450116,0.0,1.0,79.5066,34.0985,1.87684,170.14,70.5343,34.5906,3.761,167.21,114.546,29.1224,7.34524,162.615,117.641,30.5719,8.00204,167.963
18464_00009,4.0,364.0,5000.45,2470.88,1223.28,15114300000.0,19781.8,54.3455,208.826,0.573129,3481.33,19.9725,12.1217,1.0,46.0,0.112733,0.110341,0.0,0.621174,2856.53,2058.46,0.0,5156.48,3982.64,2837.31,13.8777,7968.92,0.805556,0.396876,0.0,1.0,85.6068,39.5842,8.31727,175.077,85.2915,40.8915,8.80663,177.048,103.639,36.2498,19.3771,170.671,100.478,37.828,7.41885,164.388
18458_00048,2.0,498.0,4243.61,3295.46,2647.08,37018500000.0,55475.0,111.396,271.908,1.15512,5295.06,21.9518,13.4756,1.0,53.0,0.123377,0.0998453,4.1797e-05,0.585594,2691.99,1550.86,0.0,4016.18,8908.24,5258.54,8.7345,14283.8,0.705645,0.456674,0.0,1.0,78.0295,35.4992,3.68517,177.031,74.2896,38.7674,4.17484,173.0,109.683,33.5833,0.310518,172.574,108.288,37.2437,11.8602,168.583
18453_2190_x23739_y8507,5.0,531.0,3169.71,4600.98,5293.07,77192900000.0,94349.7,177.683,261.255,0.793498,3188.51,11.8249,6.28426,1.0,31.0,0.124672,0.0878759,0.0,0.733666,941.618,1122.87,0.0,4026.2,1830.79,2282.55,13.1218,9188.37,0.722433,0.448652,0.0,1.0,77.4732,32.0038,7.65169,177.137,70.1043,29.9686,2.54846,171.463,113.7,29.2576,5.51939,170.243,114.02,27.1756,23.8128,170.272
18869_4384_x15799_y10704,4.0,302.0,809.63,1916.78,1550.5,2406190000.0,29663.0,98.2218,193.676,1.27102,2035.52,12.9868,7.51962,1.0,30.0,0.136404,0.129601,1.62277e-05,0.813001,550.79,266.563,0.0,1376.65,1446.86,1220.95,16.023,5025.38,0.765101,0.425366,0.0,1.0,82.8435,38.1714,7.03545,177.214,83.7202,45.1919,6.59332,178.56,109.097,32.8039,3.83102,165.173,100.933,42.1884,7.87126,168.749
236174_6338_x12496_y6617,5.0,469.0,7441.15,6435.3,4938.86,236503000000.0,170828.0,364.239,537.071,1.12195,5814.19,11.8316,4.92935,1.0,21.0,0.160792,0.139531,4.53785e-05,0.802122,3127.7,2257.73,0.0,6572.43,5249.39,3428.86,14.3888,11456.2,0.689655,0.463635,0.0,1.0,67.6658,33.2326,3.69996,173.489,70.3871,37.501,1.5332,168.21,120.799,27.6387,0.217052,169.405,105.087,35.8751,7.41984,168.89
17545_00131,7.0,277.0,4182.52,1690.65,1459.92,10323400000.0,25004.7,90.2696,225.176,0.638834,2163.24,20.6823,13.4843,1.0,46.0,0.182085,0.141237,0.0,0.832266,2481.51,1874.27,0.0,4227.2,4477.56,3184.0,21.7366,12125.5,0.792593,0.40696,0.0,1.0,80.9605,39.3401,6.26483,171.447,82.8967,38.9245,12.4216,171.876,105.722,35.8082,4.01729,171.735,99.0522,37.9187,4.79733,161.153
18463_00027,7.0,409.0,1487.73,2282.18,1785.03,6060650000.0,32133.8,78.5669,127.431,0.857705,2076.24,9.50367,3.82659,1.0,18.0,0.0821128,0.0763173,0.0,0.441706,1943.88,967.922,0.0,2732.73,2880.9,1396.64,14.1921,3985.77,0.696517,0.46091,0.0,1.0,72.6975,30.1412,1.687,149.459,64.283,30.618,9.33832,154.249,119.381,27.5153,14.023,172.079,122.418,29.4567,24.0618,167.43
17545_00059,3.0,399.0,2204.26,2213.33,1053.79,5141190000.0,29756.5,74.5777,100.282,1.11123,1101.81,21.1203,13.8141,1.0,52.0,0.177863,0.134595,1.16888e-05,0.820548,717.883,793.901,0.0,2597.51,1998.35,1541.0,12.1095,5029.82,0.762626,0.426552,0.0,1.0,81.486,37.8073,0.740974,160.558,88.6829,37.9093,7.2255,174.681,98.8026,36.4787,4.44268,166.961,90.2104,32.4146,1.48582,161.208
17545_00121,4.0,482.0,3940.67,1814.56,1603.9,11468800000.0,43631.4,90.5216,140.97,0.237282,1926.08,15.2863,8.34526,1.0,35.0,0.193925,0.134378,0.0,0.721854,1024.91,1367.48,0.0,3549.2,1740.73,1964.6,10.8722,5726.81,0.757322,0.429602,0.0,1.0,82.0212,34.9152,10.3104,174.771,86.0832,37.4747,5.80693,174.856,104.421,32.6087,0.529649,165.622,95.6445,34.0824,8.48119,163.815
18463_00037,12.0,584.0,1890.07,1943.25,2547.3,9355920000.0,51670.2,88.4763,118.212,0.748356,1716.91,17.2466,12.0886,1.0,40.0,0.0910687,0.0812171,0.0,0.536713,2207.88,1044.54,0.0,3002.5,3703.76,1775.56,13.7007,5520.46,0.692308,0.462347,0.0,1.0,74.9518,32.7467,4.72357,168.409,68.9212,36.1036,10.653,176.334,113.938,31.7063,7.44755,164.835,118.164,32.3253,7.31567,167.475
pre_18464_00077,5.0,341.0,859.14,1483.48,695.87,886898000.0,14958.8,43.8674,64.5883,0.479293,863.0,15.088,9.45164,1.0,34.0,0.158665,0.118802,0.0,0.761324,474.505,387.25,0.0,1243.14,1237.08,955.517,14.1504,2938.67,0.720238,0.450224,0.0,1.0,80.6094,33.8805,11.0144,166.303,79.3148,38.9513,8.4382,170.774,109.502,31.3485,17.9633,164.82,107.034,33.3847,19.8553,166.029
15257_4397_x16794_y21812,8.0,228.0,2503.15,4050.82,1961.98,19894100000.0,45509.2,199.602,347.898,0.425004,3687.9,8.05263,4.16582,1.0,19.0,0.117884,0.101147,0.0,0.517403,1402.21,1311.96,0.0,3201.35,2724.52,2583.33,14.4032,7642.61,0.718182,0.451944,0.0,1.0,72.421,27.2785,2.60309,152.626,63.6359,32.9394,3.39915,168.499,118.351,21.3908,50.7784,153.575,112.311,32.6531,22.6413,165.772
pre_18864_00025,6.0,702.0,4400.2,4946.52,5906.19,128552000000.0,116668.0,166.194,290.188,0.758304,4250.97,27.849,15.8015,1.0,50.0,0.143914,0.106071,0.0,0.705233,900.823,1331.31,0.0,5491.19,3117.19,2790.61,6.315,10888.7,0.715517,0.451817,0.0,1.0,77.9772,34.9968,2.84527,177.901,73.9518,37.5332,3.9063,175.881,113.092,29.7615,8.15631,174.289,108.447,33.9992,8.41615,169.361
236174_3329_x13938_y26099,8.0,498.0,3155.6,2941.16,7883.28,73165700000.0,141181.0,283.496,413.71,2.81359,5592.54,11.8153,5.29663,1.0,22.0,0.118995,0.1079,3.63535e-05,0.837285,2433.12,2438.41,0.0,6521.3,4051.99,3517.27,17.5151,11323.8,0.697959,0.460083,0.0,1.0,60.6645,31.2861,1.95895,177.844,66.3125,35.4792,3.85238,173.006,124.45,26.926,13.5868,170.363,118.011,30.4954,1.694,162.876
18458_00461,8.0,712.0,2938.62,2414.32,2187.19,15517600000.0,50041.1,70.2825,110.212,0.935661,2109.7,28.0449,16.7399,1.0,57.0,0.096637,0.079311,0.0,0.51388,2652.45,1168.95,0.0,3689.62,4530.34,2025.35,8.52129,7222.69,0.710227,0.454303,0.0,1.0,79.2197,35.3922,0.52051,173.512,74.087,36.2309,6.61035,176.242,108.048,33.627,1.56321,165.933,112.212,32.1854,11.4885,167.528
18463_00045,6.0,556.0,2672.4,2824.11,1575.64,11891600000.0,58023.3,104.358,166.012,0.918702,3141.0,12.3273,5.85322,1.0,24.0,0.0846028,0.0694072,0.0,0.468939,1958.49,1272.8,0.0,3206.34,3486.75,2193.03,15.2148,6027.19,0.701818,0.458294,0.0,1.0,67.367,32.337,1.05399,174.22,59.1226,26.307,5.56495,155.296,119.646,29.2183,3.35782,173.372,127.819,24.3721,19.5473,175.474
18455_5316_x26308_y13288,10.0,488.0,2407.48,1895.53,2241.62,10229500000.0,36760.1,75.3281,150.802,0.299792,2959.8,15.5123,9.84416,1.0,38.0,0.11797,0.0824524,0.0,0.663731,2358.17,1243.81,0.0,3331.78,4113.29,2170.71,10.8668,6413.94,0.719665,0.450105,0.0,1.0,79.7755,34.2956,2.82559,174.278,72.0083,35.6906,2.97369,159.308,112.161,29.1621,3.52441,164.022,117.459,29.7087,26.9635,171.942
17545_00143,5.0,349.0,2063.38,1772.83,1010.84,3697680000.0,28563.5,81.8437,97.6123,0.341075,680.275,14.5301,7.8354,1.0,37.0,0.181512,0.114311,0.0,0.678028,504.929,561.103,0.0,2024.29,939.006,723.537,14.6996,2854.78,0.773256,0.419948,0.0,1.0,81.9136,35.758,9.5555,166.522,79.1585,38.3908,6.01689,167.47,103.749,34.3585,2.23442,162.712,99.7748,34.0626,5.11117,162.172
18463_00055,6.0,490.0,1918.8,2261.76,2866.89,12441900000.0,53954.0,110.11,228.276,0.995696,3961.13,10.8449,6.48235,1.0,27.0,0.117341,0.091841,0.0,0.738157,1784.83,1235.38,0.0,3257.84,5065.86,3506.8,4.94712,9679.63,0.702479,0.458115,0.0,1.0,68.1529,33.6734,0.61009,174.57,63.592,30.2342,0.986236,150.379,121.802,26.5389,36.1974,166.921,121.251,27.2574,18.5722,171.411
18864_00029,8.0,386.0,2512.18,3060.99,1938.96,14910100000.0,62918.0,163.0,191.723,0.951012,1565.58,9.37824,5.18208,1.0,23.0,0.152922,0.110122,0.0,0.895471,359.583,378.951,0.0,2259.6,819.143,718.299,23.2535,3600.7,0.671958,0.470747,0.0,1.0,77.9797,35.2261,1.71356,175.938,74.347,36.06,6.88833,175.294,107.774,32.7366,0.292165,162.133,108.878,30.7121,2.61475,168.323
18454_00095,8.0,430.0,4531.65,4397.33,3294.8,65656000000.0,69110.0,160.721,370.219,0.740421,4994.35,10.1163,5.50316,1.0,23.0,0.143144,0.111768,0.0,0.871849,2348.52,1818.53,0.0,4670.43,5044.08,4204.46,13.9073,11585.3,0.706161,0.456602,0.0,1.0,71.5528,32.0709,1.478,164.938,62.2478,33.7107,1.84508,159.745,119.134,27.696,40.7148,174.677,118.32,29.6163,22.7422,167.514
18455_00030,7.0,211.0,2770.2,1579.54,837.68,3665390000.0,32519.6,154.121,177.439,1.29129,1028.81,8.05213,3.23848,1.0,16.0,0.199105,0.149468,1.45313e-05,0.696889,460.479,655.531,0.0,2228.02,928.647,912.759,15.7251,3939.36,0.72549,0.448471,0.0,1.0,75.1679,32.0306,17.0638,153.317,82.4908,34.597,14.9586,166.025,112.74,28.6465,41.7982,166.004,95.4314,30.6584,21.5105,160.83
18455_00148,11.0,559.0,2395.54,2301.58,2300.46,12683600000.0,45426.4,81.2637,127.652,0.84389,2426.77,16.9428,12.088,1.0,45.0,0.0922747,0.0822796,0.0,0.709945,2299.46,1292.14,0.0,3343.82,3536.51,1985.42,12.7652,5646.41,0.733577,0.442897,0.0,1.0,77.5156,34.7881,1.15426,174.534,70.8688,36.4354,6.35115,175.053,113.81,31.1098,14.9491,169.78,116.758,30.6473,20.4324,168.637
18455_00020,7.0,349.0,753.83,2844.29,1250.5,2681210000.0,24784.6,71.0161,146.121,0.674948,2428.33,11.0573,6.14407,1.0,28.0,0.106301,0.0869941,0.0,0.59761,1801.46,1055.88,0.0,2634.28,3420.44,2000.1,8.13336,5435.83,0.71345,0.453477,0.0,1.0,74.9121,30.6846,10.4301,178.883,66.4176,31.495,5.53721,168.367,117.899,26.1176,16.0242,166.373,117.986,29.0815,15.6525,161.927
18455_00158,9.0,747.0,3253.64,1110.0,3387.77,12235100000.0,79965.1,107.048,145.549,0.780964,1620.03,33.747,24.0927,1.0,78.0,0.102919,0.0842689,0.0,0.732167,2991.45,1547.45,0.0,4227.64,6064.62,3630.16,14.4385,12263.4,0.728997,0.445081,0.0,1.0,78.1011,35.9186,0.620364,172.958,73.3063,36.8506,7.64931,177.028,113.609,33.412,9.59529,173.607,112.691,33.4802,5.9619,173.383
236174_6855_x15550_y29832,8.0,414.0,5030.1,6032.52,4317.17,131001000000.0,154085.0,372.186,473.661,0.919021,3211.05,13.4444,8.88591,1.0,32.0,0.161223,0.135509,0.0,0.892748,1382.54,1332.53,0.0,5368.99,4707.4,4796.26,17.2709,15090.1,0.714286,0.452871,0.0,1.0,72.733,30.2605,2.51511,164.741,75.2016,38.7093,0.726132,172.622,115.706,28.1446,5.59584,165.527,101.456,36.3284,6.26458,168.24
18458_00083,5.0,653.0,2904.78,3172.71,2226.8,20522200000.0,65900.4,100.919,186.778,0.661458,2305.19,14.6539,7.51295,1.0,30.0,0.115918,0.0914832,0.0,0.595295,1760.42,774.239,0.0,2756.71,7271.31,3656.07,4.48939,11527.2,0.722222,0.448596,0.0,1.0,78.4371,35.0624,3.95857,166.815,73.2017,36.226,3.02585,166.689,110.95,32.5285,8.77453,170.932,109.682,35.7379,13.1156,175.225
18453_7309_x5442_y9199,6.0,278.0,1778.8,2968.52,9811.45,51808400000.0,60076.3,216.102,476.619,1.02652,7232.93,9.02878,5.54983,1.0,25.0,0.185982,0.139344,2.92677e-05,0.798953,1431.05,2989.8,0.0,9475.09,2654.81,4396.49,13.1773,14949.1,0.75,0.434613,0.0,1.0,83.9529,37.8651,10.0603,174.159,84.7201,36.7901,10.6627,167.971,100.667,35.8993,10.3128,163.849,102.357,34.7828,8.90045,161.008
18454_00144,8.0,318.0,3066.73,1062.75,3172.65,10340200000.0,43294.6,136.146,182.705,1.01172,1553.21,13.0692,8.27609,1.0,32.0,0.0932601,0.0878418,2.30562e-05,0.877017,2331.28,1534.84,0.0,3754.77,4147.86,2708.98,10.3694,7663.89,0.748387,0.435347,0.0,1.0,68.0479,35.9033,0.918268,163.645,67.1968,34.9434,10.6871,162.916,123.269,28.8292,0.503546,174.874,117.49,32.9684,6.88283,167.545
18455_5507_x14812_y14221,12.0,516.0,3192.49,2221.22,2289.45,16235000000.0,45211.5,87.6192,152.284,0.338309,2943.74,18.6279,13.7713,1.0,43.0,0.117299,0.0874666,0.0,0.749134,2809.74,1557.8,0.0,3969.85,4994.52,2807.7,12.4374,7631.06,0.698413,0.45986,0.0,1.0,79.6883,30.9586,4.3578,174.964,70.0015,33.7514,3.38214,174.096,113.143,28.1544,9.94643,159.516,118.258,28.7459,14.129,169.072
18454_00154,13.0,551.0,3040.57,1899.69,2604.98,15046700000.0,41644.9,75.5805,203.82,0.297341,4451.12,21.6715,12.4013,1.0,46.0,0.0979509,0.0794777,0.0,0.546035,2912.49,1422.7,0.0,3845.2,5267.14,2575.08,9.05891,7272.42,0.713755,0.452848,0.0,1.0,81.132,32.8909,7.41448,176.173,71.276,33.9485,4.12927,175.746,110.043,29.8156,10.6265,166.396,113.941,30.4702,32.9376,168.496
17302_00077,9.0,285.0,1351.6,2171.42,2797.54,8210490000.0,30002.3,105.271,163.782,0.938312,1867.03,12.1298,6.88747,1.0,27.0,0.137304,0.102708,0.0,0.640387,1608.27,1063.93,0.0,2813.45,3365.51,2298.34,9.27919,5809.17,0.746377,0.436669,0.0,1.0,69.8164,34.3585,3.41464,171.204,66.7416,34.8127,10.2231,175.53,114.566,34.6585,2.45173,164.51,115.104,34.1133,2.45173,168.753
18454_01005,9.0,457.0,1596.92,2522.56,1671.73,6734280000.0,40266.3,88.1101,162.723,1.33339,3129.26,10.5011,4.89724,1.0,18.0,0.104272,0.0795767,6.85123e-06,0.71133,1945.26,1102.5,0.0,2823.48,3223.12,1797.73,7.04852,4860.28,0.709821,0.454861,0.0,1.0,74.9965,27.2901,5.37126,167.902,65.6669,29.8066,5.61866,173.238,118.838,23.5654,11.3469,169.817,119.4,25.8741,15.3263,161.59
18462_00049,7.0,331.0,4960.77,1322.97,1425.07,9352670000.0,21885.8,66.1202,130.604,1.47131,1629.25,11.719,7.03516,1.0,29.0,0.109343,0.10614,1.52413e-05,0.766249,2527.63,1788.68,0.0,4820.15,3212.53,2198.58,20.5382,6503.64,0.728395,0.446166,0.0,1.0,79.2552,35.6122,14.7629,167.899,72.8468,39.2517,1.53218,160.413,110.547,32.6509,15.295,165.424,107.035,38.399,8.96111,166.2
18869_3305_x6812_y6104,8.0,320.0,5418.82,3947.52,3403.83,72811000000.0,47056.0,147.05,335.664,1.45851,4309.23,10.7625,5.82448,1.0,23.0,0.121084,0.101396,5.69054e-06,0.878959,1607.04,1710.9,0.0,6477.01,2922.34,3270.57,14.6878,10250.9,0.724359,0.448276,0.0,1.0,79.4598,28.2733,12.4048,159.075,70.6474,35.0442,7.58312,161.77,112.803,25.2694,51.1167,165.72,111.703,31.6193,8.28005,172.412
18454_01015,10.0,476.0,2980.42,2467.05,1735.56,12761300000.0,40178.0,84.4075,133.46,0.80337,2436.58,11.395,5.04751,1.0,21.0,0.10057,0.0765426,0.0,0.640358,2647.67,1378.2,0.0,3664.7,3820.6,1951.64,15.7752,5359.83,0.708155,0.45559,0.0,1.0,73.7449,26.5379,0.170928,150.998,66.5883,29.6281,4.99368,149.376,117.883,23.5263,38.1928,170.819,120.093,24.8641,32.673,172.46
18867_5942_x29015_y5711,8.0,332.0,2518.21,5916.86,2433.57,36259900000.0,37448.7,112.797,301.116,1.36131,3331.72,10.6687,6.25963,1.0,24.0,0.135701,0.112774,2.7884e-05,0.811578,1234.0,1689.24,0.0,5721.15,2755.81,3462.08,14.916,9137.71,0.777778,0.417029,0.0,1.0,78.4504,31.2922,2.22702,153.855,72.3363,35.0336,5.86987,172.812,111.321,30.5693,22.2102,169.213,108.352,35.5272,13.3825,161.853
18453_4725_x30684_y6703,9.0,457.0,3461.82,2306.16,3525.67,28147200000.0,64266.1,140.626,259.873,0.582736,3573.63,14.0197,10.2844,1.0,36.0,0.111275,0.0887679,0.0,0.624453,1101.57,1395.56,0.0,3469.1,2218.85,2691.26,13.4728,10105.0,0.700893,0.458892,0.0,1.0,70.8412,30.4667,3.24371,167.465,71.8104,33.7207,11.7024,170.4,116.886,28.5915,6.40531,171.063,112.668,31.6632,6.40531,171.597
18867_4984_x30860_y8156,8.0,320.0,3349.57,5159.05,3626.5,62668100000.0,39802.4,124.383,273.356,0.652507,3202.49,10.175,5.72795,1.0,22.0,0.128989,0.106217,0.0,0.722539,1055.77,1368.78,0.0,5879.59,2098.91,2764.26,26.7067,8596.42,0.74359,0.438057,0.0,1.0,78.4653,33.0251,0.332937,154.254,76.2705,33.8708,10.1669,169.683,113.883,28.1436,5.0596,171.979,107.112,30.4288,12.2288,172.173
18453_3471_x28224_y8289,7.0,253.0,1653.85,1100.12,794.12,1444850000.0,34568.3,136.634,154.041,0.935981,1269.17,7.52964,3.27874,1.0,15.0,0.150721,0.104439,0.0,0.535738,220.362,209.157,0.0,850.666,657.387,516.234,8.66464,2137.48,0.707317,0.456855,0.0,1.0,80.6982,32.5728,10.6202,154.543,73.4269,33.9534,13.0129,160.907,109.82,28.8081,34.9325,161.217,108.876,27.3032,1.88345,162.899
18462_00059,8.0,560.0,1321.85,2368.6,2441.43,7643960000.0,44834.9,80.0623,104.644,0.9795,1300.94,23.3393,13.7648,1.0,43.0,0.0858001,0.0744421,0.0,0.536462,1942.55,1060.04,0.0,3009.9,3622.88,2041.39,11.3833,5860.3,0.695652,0.460967,0.0,1.0,75.9781,31.2051,0.509383,157.311,64.7398,28.4775,2.66947,154.453,114.585,29.4275,0.723477,174.064,120.242,27.3785,27.5903,162.682
18457_00145,9.0,649.0,2855.43,1802.53,2020.2,10398000000.0,37016.6,57.0364,124.366,0.769032,2852.05,30.0539,20.6647,1.0,65.0,0.120692,0.105559,0.0,0.637721,2735.81,1194.24,0.0,3470.02,4271.29,1887.73,9.92564,6119.69,0.74375,0.437245,0.0,1.0,87.1286,38.0734,5.78649,176.473,79.4703,39.6648,2.80772,178.116,103.533,31.5821,5.33534,166.04,109.994,31.5526,21.3362,174.583
17545_00092,7.0,571.0,2287.54,3373.62,1753.72,13534000000.0,58715.3,102.829,170.15,0.612876,2426.82,26.8669,18.463,1.0,69.0,0.10812,0.0795792,0.0,0.598952,2096.62,1225.71,0.0,3294.87,6552.73,3891.13,2.02043,10467.8,0.741135,0.43879,0.0,1.0,71.3393,35.0394,0.283963,174.82,73.2528,38.5096,6.81719,169.447,113.337,33.7614,1.80665,172.573,112.682,34.6436,7.80308,165.434
17545_00082,8.0,364.0,1523.27,1957.45,2567.57,7655790000.0,45338.2,124.555,174.341,0.868553,1729.59,10.489,5.63318,1.0,25.0,0.147361,0.102585,0.0,0.68538,1697.99,1103.16,0.0,2792.12,3738.69,2447.1,1.22447,6748.5,0.724719,0.447916,0.0,1.0,67.1606,39.9667,0.602437,164.974,64.6024,35.8053,1.54578,174.134,106.448,38.5485,3.60853,174.452,115.299,33.4565,6.95946,171.381
18463_00018,10.0,342.0,3078.38,3425.69,2341.8,24695600000.0,37077.2,108.413,328.086,2.14712,5844.23,8.22807,4.03366,1.0,16.0,0.1002,0.0976779,1.82918e-05,0.731531,2467.69,1655.16,0.0,3738.88,5581.64,3723.46,15.119,8847.82,0.740964,0.439431,0.0,1.0,73.1283,31.6847,0.280065,152.51,66.1098,30.063,3.62283,174.272,117.404,30.4237,21.0224,176.278,119.339,29.2986,22.0564,165.095
17545_00066,5.0,405.0,1924.69,2407.52,1074.89,4980750000.0,27920.5,68.9396,85.2371,2.03169,697.25,12.679,7.27131,1.0,33.0,0.180111,0.130677,2.18466e-05,0.729423,527.205,635.468,0.0,2206.14,975.581,829.239,15.6094,3727.24,0.765,0.425063,0.0,1.0,85.5811,36.6909,3.1246,168.098,86.2957,34.7891,16.9316,161.691,100.889,35.7474,3.71704,166.533,93.9797,34.8942,3.51001,159.552
18458_00269,8.0,396.0,1052.66,1989.8,2294.1,4805180000.0,28772.8,72.6586,125.758,0.657163,1989.71,12.4596,6.41327,1.0,27.0,0.128685,0.0998425,0.0,0.690645,2005.79,883.087,0.0,2693.76,3537.08,1528.57,10.2056,4760.21,0.695876,0.461226,0.0,1.0,81.1917,35.1275,2.00712,164.513,74.6924,38.0756,2.5339,173.158,110.314,31.0716,17.3646,170.874,112.74,31.0143,23.4844,174.091
18047_3132_x24052_y12385,5.0,407.0,2979.99,2664.02,1536.32,12196500000.0,76047.3,186.849,220.223,1.08943,1140.17,9.7715,3.67516,1.0,18.0,0.182525,0.14568,1.20638e-05,0.903634,483.703,356.635,0.0,1811.54,1098.25,733.462,13.4248,4764.41,0.706468,0.456517,0.0,1.0,74.1307,41.3297,1.1443,167.547,71.1984,39.4185,3.82514,162.425,106.479,39.9736,4.82199,175.547,106.484,37.7609,12.6888,175.797
17109_6601_x5417_y25287,6.0,322.0,2515.38,2198.2,8398.68,46439000000.0,114483.0,355.536,532.516,3.89222,6932.84,8.60248,4.06532,1.0,20.0,0.170324,0.137911,3.26747e-05,0.741637,3608.04,3004.8,0.0,7157.48,5695.78,4462.55,17.538,12286.8,0.71519,0.452759,0.0,1.0,70.0456,31.6823,0.370102,169.852,70.9955,34.3293,6.68872,171.712,120.257,26.3212,1.34814,167.976,105.047,28.7634,19.6583,155.454
17109_3701_x9228_y26684,4.0,332.0,3637.26,2401.57,8946.73,78150900000.0,123049.0,370.63,577.367,2.79614,7570.4,8.95181,3.64067,1.0,16.0,0.176767,0.153072,2.48635e-05,0.799688,1734.37,2604.81,0.0,7804.62,2824.41,3434.26,11.5144,11056.0,0.689024,0.464311,0.0,1.0,76.324,30.1949,0.27506,158.028,74.9421,37.5284,3.65632,172.724,115.085,25.8085,3.15509,164.961,104.305,32.9746,14.475,167.26
18455_00263,11.0,551.0,2727.8,1270.88,2890.77,10021500000.0,41048.4,74.498,103.171,0.686807,1058.11,28.7169,16.3204,1.0,55.0,0.0916284,0.0844484,0.0,0.701813,2808.44,1333.5,0.0,3692.79,5115.91,2479.36,13.337,7272.62,0.733333,0.443038,0.0,1.0,81.1043,35.0921,3.37755,170.601,75.3566,34.73,4.3636,168.554,111.768,32.3151,1.79726,170.578,111.309,30.3851,15.9888,168.98
17302_00093,5.0,147.0,3799.15,945.42,1886.82,6777070000.0,12488.9,84.9584,413.7,1.25822,5028.37,5.65306,2.88751,1.0,14.0,0.16208,0.115728,2.51522e-05,0.549004,492.586,1231.75,0.0,4041.88,808.388,1704.61,11.1593,5827.06,0.732394,0.445862,0.0,1.0,77.9134,27.3151,22.765,135.114,78.8347,33.2099,5.5955,168.544,114.258,26.6047,25.4615,159.316,106.892,34.576,20.1176,170.784
18465_00083,7.0,525.0,1016.5,3165.94,2065.93,6648530000.0,44106.9,84.0131,145.842,0.458231,2054.6,12.821,5.90271,1.0,26.0,0.105532,0.0855154,0.0,0.530035,2214.82,1111.94,0.0,3233.66,4522.01,2272.68,10.8973,6357.73,0.72973,0.444959,0.0,1.0,75.8185,30.8054,7.14033,171.517,68.6625,33.182,5.20705,175.008,112.654,29.0869,0.95886,162.659,116.506,29.2552,11.1086,167.274
191801_4180_x7440_y5386,8.0,462.0,936.13,1364.91,3571.89,4563920000.0,51120.2,110.65,166.1,1.20716,2702.66,11.4632,7.54148,1.0,30.0,0.118047,0.0925748,1.68576e-05,0.736188,255.324,291.796,0.0,2695.26,876.2,915.298,18.5139,5160.88,0.700441,0.459077,0.0,1.0,78.4348,34.7137,2.78997,171.798,73.1426,34.5929,9.93386,171.206,112.207,27.524,19.1744,172.407,112.05,28.652,27.8264,167.006
18458_00077,6.0,1116.0,5038.74,3777.98,3511.29,66841800000.0,111467.0,99.8811,244.212,1.06472,6203.72,12.9032,5.16747,1.0,32.0,0.109835,0.0921324,3.02879e-06,0.766804,2773.73,983.61,0.0,3823.66,8085.39,3162.15,18.6555,13326.8,0.731532,0.443562,0.0,1.0,71.3433,33.0233,0.562799,163.856,67.2707,32.662,4.07067,156.809,118.311,29.2105,17.8429,171.098,118.619,30.5705,7.31842,170.667
18869_4599_x7153_y3640,4.0,474.0,570.4,802.05,533.19,243929000.0,27575.3,58.1758,57.5319,0.8952,307.197,11.0633,4.00847,1.0,20.0,0.080614,0.0604266,0.0,0.399848,107.68,77.7262,0.0,547.341,293.984,121.762,13.0722,797.243,0.676596,0.468774,0.0,1.0,72.1991,26.3701,3.85358,158.159,64.8732,27.8059,10.5417,157.523,119.979,23.9297,16.8195,169.744,123.007,23.6517,13.1586,163.731
18465_00142,6.0,420.0,1346.87,3157.38,2061.6,8767120000.0,35653.7,84.8897,209.495,0.889633,3598.23,12.4286,6.67894,1.0,31.0,0.0924746,0.0760265,0.0,0.411105,1992.51,1030.96,0.0,2739.7,5268.92,2749.29,14.2531,7963.9,0.73913,0.440173,0.0,1.0,73.8481,30.8112,1.97884,169.028,66.4398,35.9441,5.96172,172.2,115.877,27.9509,28.2669,172.424,117.514,30.587,36.8266,167.652
18465_00152,8.0,372.0,2455.85,2483.38,3098.72,18898500000.0,57950.5,155.781,264.366,0.531151,2813.48,13.6452,6.49801,1.0,27.0,0.135816,0.111513,0.0,0.622611,1991.75,951.234,0.0,2755.47,7099.11,3706.79,4.62683,10996.6,0.708791,0.455573,0.0,1.0,78.9733,34.6381,3.77133,172.466,78.0888,39.3186,6.92256,174.736,111.285,31.5647,11.8891,169.662,106.052,32.4294,13.656,166.809
18453_2428_x13810_y8197,7.0,407.0,3754.16,3976.5,6410.6,95700100000.0,74737.7,183.631,301.065,0.380153,3264.71,9.89435,4.84907,1.0,20.0,0.156508,0.11024,0.0,0.744543,1124.18,1363.58,0.0,3895.41,1916.73,2077.12,6.04303,6483.88,0.695,0.461563,0.0,1.0,77.3655,31.8832,0.147855,157.202,75.2503,31.8283,1.22571,156.203,111.852,27.6455,9.61474,163.952,105.041,29.6277,25.2112,166.773
18864_6321_x4387_y7047,9.0,355.0,2593.14,3057.83,2684.81,21288900000.0,57658.5,162.418,291.3,1.21671,4122.86,11.3662,6.45287,1.0,26.0,0.119416,0.0958308,1.65919e-06,0.571454,539.223,656.344,0.0,2601.07,1127.99,1275.38,3.52488,6723.6,0.722543,0.449043,0.0,1.0,70.0685,33.0097,3.24955,170.503,67.5412,31.6546,11.9688,174.682,120.663,27.6141,14.4936,173.477,116.904,27.9865,29.1532,170.524
18454_00061,6.0,338.0,673.28,2790.2,1839.55,3455750000.0,31364.6,92.7947,168.907,0.636972,2727.84,7.80473,3.33541,1.0,14.0,0.0898582,0.0728141,0.0,0.490087,1519.52,1013.9,0.0,2495.2,2997.84,1982.34,9.65109,4925.49,0.692771,0.462741,0.0,1.0,69.0562,29.9933,3.12716,142.918,57.2704,28.7114,1.41507,135.272,121.592,25.8718,36.2872,171.571,126.813,22.5041,47.9589,170.942
18454_00071,7.0,567.0,2908.73,2011.56,2762.55,16163900000.0,47644.5,84.029,157.193,0.518825,3053.66,13.381,6.26529,1.0,25.0,0.0900255,0.0793382,0.0,0.693197,2495.12,1410.29,0.0,3714.32,4591.92,2601.19,0.747521,6769.7,0.696429,0.460623,0.0,1.0,74.914,31.0518,0.50185,156.368,64.1537,28.2667,3.30998,170.286,118.917,27.1389,6.33877,172.072,121.022,24.8559,26.2178,163.075
18869_5571_x8792_y4549,4.0,610.0,963.41,446.02,905.8,389222000.0,26867.1,44.0444,57.7684,0.997565,996.608,10.2131,3.46749,1.0,19.0,0.0822956,0.07344,0.0,0.505823,130.011,67.3411,0.0,413.987,325.235,132.045,13.4945,1428.55,0.719472,0.45,0.0,1.0,77.9009,27.811,5.86703,143.49,72.6095,34.3387,7.14013,169.158,118.629,25.0642,47.2558,170.539,115.36,28.5967,37.062,166.436
18454_00109,11.0,601.0,1951.25,3135.78,1215.32,7436170000.0,52704.9,87.6953,107.46,0.651752,1728.69,17.2829,8.51449,1.0,36.0,0.103528,0.0924618,0.0,0.779923,2356.01,1220.74,0.0,3266.92,3945.77,1987.97,12.3229,5970.63,0.725424,0.447059,0.0,1.0,76.7588,33.4508,4.4822,174.419,69.7649,37.2294,3.693,173.996,114.226,29.6839,11.6999,167.481,116.769,32.2489,5.70604,166.687
17787_7070_x12739_y1410,7.0,255.0,5003.65,1177.97,2482.78,14633900000.0,45194.8,177.235,263.227,1.106,1741.24,9.56471,5.81969,1.0,25.0,0.144557,0.11915,2.98556e-05,0.910093,454.654,842.68,0.0,3798.91,1383.44,1788.97,8.46261,6604.9,0.758065,0.429993,0.0,1.0,80.3157,41.4919,0.121959,179.114,84.847,44.014,8.20409,172.812,98.7208,40.4127,3.72979,166.51,99.1098,37.8099,9.22948,160.777
17781_6262_x6896_y13574,4.0,382.0,4590.18,1705.11,4400.44,34441100000.0,96405.5,252.37,346.076,0.704272,1664.63,10.8272,5.68707,1.0,25.0,0.160309,0.113341,0.0,0.669617,1554.39,1711.01,0.0,4751.5,2496.96,2281.3,15.1505,7309.12,0.751323,0.433394,0.0,1.0,79.9104,31.3401,4.27023,162.858,82.3797,37.5255,2.97798,173.159,110.772,28.3154,23.0143,162.411,100.13,34.6165,5.39906,176.076
18864_6074_x3503_y13192,5.0,311.0,5474.32,2218.99,3266.0,39673500000.0,65250.1,209.808,298.835,2.39477,3329.41,10.1833,5.50324,1.0,21.0,0.149469,0.114748,9.04822e-06,0.683462,926.948,971.947,0.0,2862.22,2120.37,2192.48,7.60118,6882.28,0.679739,0.468109,0.0,1.0,69.3144,34.0439,3.97997,168.892,72.2968,38.969,3.89986,167.101,117.618,29.166,12.8204,169.262,106.824,37.4463,18.9152,171.241
18454_01120,10.0,488.0,1716.95,2448.35,1361.03,5721360000.0,36973.1,75.7646,134.944,0.762196,2517.4,22.9795,18.0655,1.0,62.0,0.0992772,0.0880848,0.0,0.690751,2017.81,1021.98,0.0,2746.9,3762.22,1916.54,13.2094,6150.26,0.753138,0.432091,0.0,1.0,83.0413,33.6707,0.869679,176.893,75.9379,36.9058,14.6608,174.816,109.774,32.6159,6.28891,164.958,112.938,32.9556,18.9072,166.557
18462_00014,8.0,334.0,1057.12,2544.64,1565.54,4211290000.0,28191.6,84.4059,165.298,0.998572,2625.3,9.30539,4.40953,1.0,20.0,0.0960493,0.0807729,0.0,0.480866,1933.67,874.675,0.0,2505.06,3611.66,1588.51,12.9289,4686.42,0.699387,0.459938,0.0,1.0,73.2905,36.5257,3.41846,160.754,60.8249,29.4044,9.86507,151.806,115.554,30.5227,9.6062,168.782,124.495,26.4796,25.4771,164.983
18457_00108,5.0,327.0,5702.81,1350.77,1045.75,8055610000.0,22556.8,68.981,146.989,1.52087,1821.67,15.1346,9.41609,1.0,37.0,0.157228,0.149659,3.55061e-05,0.918905,2773.73,2230.99,0.0,5575.35,3787.37,2885.66,8.40377,7626.94,0.801242,0.40031,0.0,1.0,84.6321,41.982,2.15548,169.347,81.8567,42.7297,2.52939,171.895,105.017,36.9477,8.45138,172.977,95.5474,42.3442,3.93483,168.928
18465_00234,6.0,394.0,1586.23,4174.33,2869.1,18997600000.0,40961.7,103.964,258.86,1.1842,4402.38,10.7665,6.88076,1.0,30.0,0.113696,0.0862152,2.90796e-06,0.605728,2118.68,1709.89,0.0,4025.22,4617.62,3813.96,18.8939,9167.97,0.747423,0.435615,0.0,1.0,79.2342,31.7198,12.6252,164.286,70.1282,35.0184,0.808634,177.263,113.247,27.9783,9.7376,166.923,112.996,31.1239,22.1618,166.306
18454_01048,6.0,546.0,1242.35,3027.09,1787.61,6722680000.0,56988.7,104.375,152.145,0.909649,2078.06,10.1282,4.46824,1.0,22.0,0.0898442,0.0664633,0.0,0.42243,2015.25,1116.6,0.0,3029.3,3894.13,2167.31,11.5105,6051.21,0.714815,0.452341,0.0,1.0,73.2651,27.2742,0.101673,161.209,63.0348,27.1336,8.22614,150.561,120.937,23.5196,0.324096,167.678,124.777,23.1938,38.9371,166.025
18457_00118,9.0,371.0,1902.9,2286.51,1460.86,6356200000.0,31845.4,85.8366,169.127,0.520861,2949.52,13.1402,8.43556,1.0,31.0,0.139803,0.0968485,0.0,0.607225,2017.11,1027.12,0.0,2798.33,3686.83,1917.19,13.1583,6090.9,0.707182,0.456318,0.0,1.0,82.2318,38.2545,0.024101,167.911,74.5976,36.5919,5.07841,175.994,105.501,35.2036,1.52286,168.589,111.413,35.6384,10.7085,170.218
18454_01130,10.0,770.0,2024.14,3813.2,2052.17,15839600000.0,77167.2,100.217,127.88,0.492701,2006.25,13.6753,5.99489,1.0,23.0,0.0832766,0.0606445,0.0,0.445357,2621.7,1418.94,0.0,3879.28,4503.6,2433.13,13.308,6865.75,0.702632,0.457703,0.0,1.0,71.2695,26.6127,2.08742,159.143,57.9908,26.4041,0.349286,169.142,122.307,22.503,22.3712,170.879,127.886,23.2685,21.5431,171.457
18457_00012,9.0,449.0,1697.58,2316.26,1251.28,4920080000.0,31892.2,71.0294,139.999,0.866268,2636.89,11.0312,5.17971,1.0,22.0,0.129992,0.0981635,0.0,0.558727,1837.04,1018.77,0.0,2639.82,2993.66,1633.59,14.797,4406.09,0.686364,0.465029,0.0,1.0,76.7921,38.5239,0.302301,171.412,71.4035,33.7846,6.07661,159.666,111.719,30.913,24.437,170.414,112.318,31.3826,14.6315,165.913
18465_00246,4.0,338.0,6008.72,3137.79,2144.16,40426200000.0,47315.1,139.986,355.1,0.757913,4552.37,18.4734,13.7563,1.0,46.0,0.14832,0.139393,0.0,0.857969,1755.82,1817.88,0.0,4801.78,7460.96,7743.08,10.3775,20480.6,0.814371,0.389976,0.0,1.0,84.2458,35.6486,12.6812,165.94,81.5616,37.1004,8.50259,175.421,104.634,33.4822,12.0514,158.273,98.7524,35.5601,14.8408,160.446
18457_00002,5.0,413.0,1650.56,1912.9,1090.53,3443190000.0,31349.4,75.9064,116.984,0.893142,1298.48,10.724,3.83916,1.0,20.0,0.140911,0.108745,0.0,0.671518,373.06,365.147,0.0,1757.68,888.283,601.6,16.7727,2891.26,0.740196,0.439606,0.0,1.0,78.1414,30.6666,8.55396,157.168,80.3505,34.6632,9.50612,172.551,109.054,28.7818,24.8851,166.45,99.9141,31.3897,23.7123,156.188
18868_5156_x9540_y6495,8.0,646.0,5040.1,6139.23,3516.55,108810000000.0,75752.5,117.264,250.185,0.948311,3446.45,13.8731,6.48093,1.0,25.0,0.119282,0.0890113,0.0,0.633276,1896.25,1647.88,0.0,6058.65,3698.94,3164.67,13.2221,9729.76,0.721003,0.449211,0.0,1.0,77.949,31.2458,1.88589,158.166,72.223,33.1749,1.38762,169.08,114.151,29.5184,3.75061,167.616,110.899,30.5237,6.23058,171.339
18453_3186_x12745_y7108,7.0,255.0,881.48,1137.07,752.98,754715000.0,16210.2,63.5694,74.0274,1.18046,766.444,7.23529,4.43318,1.0,19.0,0.100242,0.0684095,2.26716e-06,0.412179,155.202,154.066,0.0,668.383,299.511,298.242,12.8557,1649.11,0.693548,0.46289,0.0,1.0,71.451,33.5527,0.73206,152.752,67.4335,29.0762,8.77364,154.052,115.391,32.5808,14.9195,171.347,121.103,28.0516,38.9682,163.792
18454_00003,6.0,344.0,4350.16,1606.0,1547.34,10810300000.0,18780.3,54.5939,120.74,1.15197,1503.35,12.0814,8.14191,1.0,32.0,0.126811,0.104596,1.08697e-05,0.625998,1955.7,1690.56,0.0,4441.96,2481.72,2070.68,12.7639,5869.27,0.739645,0.440132,0.0,1.0,80.5958,35.9256,2.47209,172.993,77.3785,33.0024,10.5587,160.163,106.6,32.8042,0.633207,172.586,104.435,35.4791,12.662,167.657
17302_00048,6.0,316.0,3468.16,2730.71,2102.55,19912300000.0,32809.9,103.829,381.412,1.3764,6652.19,9.21519,4.80389,1.0,21.0,0.154667,0.130108,4.87675e-05,0.917022,2248.53,1487.89,0.0,3497.01,5698.05,3756.03,14.2248,8939.84,0.741935,0.438988,0.0,1.0,65.4981,36.4414,1.47726,169.806,64.4368,35.7007,6.92332,177.237,111.475,39.035,1.63216,176.055,117.641,32.1589,20.0426,168.94
18869_4786_x18238_y10268,5.0,303.0,1559.75,1489.5,1298.04,3015670000.0,26197.0,86.4586,158.733,1.46721,1865.95,11.0858,4.948,1.0,20.0,0.118569,0.0989499,7.89704e-06,0.638013,1005.84,372.771,0.0,1679.23,2211.83,852.646,27.5364,4724.17,0.744966,0.43735,0.0,1.0,78.2758,28.9739,9.53628,143.464,73.1976,31.4527,7.93581,165.576,116.445,22.6261,55.5012,162.426,113.999,26.7886,25.7746,167.664
18465_00058,7.0,527.0,3850.32,3530.29,1784.61,24257800000.0,67688.1,128.44,205.905,0.268068,2665.89,20.3321,12.5956,1.0,43.0,0.117727,0.0967748,0.0,0.784142,2695.89,1731.98,0.0,4213.68,6288.28,4006.18,9.86456,10708.4,0.738462,0.44032,0.0,1.0,74.9259,34.9885,6.25127,167.139,68.3199,33.6418,7.07907,178.676,113.089,32.2974,11.8027,167.968,114.02,33.0663,18.1246,166.618
182724_5651_x9832_y25682,11.0,711.0,5369.2,4543.3,6790.07,165636000000.0,135659.0,190.8,308.449,0.433585,2765.02,13.0675,6.43459,1.0,30.0,0.109759,0.0726926,0.0,0.573422,2020.71,1719.67,0.0,7577.48,3738.05,3311.56,14.3149,11887.6,0.737143,0.440816,0.0,1.0,70.8286,31.2041,4.11531,167.904,63.5794,33.5432,3.76394,170.73,119.117,26.3074,11.8907,168.218,120.511,28.2234,33.113,173.775
18453_5578_x32997_y13060,4.0,342.0,8018.18,5271.65,4558.6,192688000000.0,99981.4,292.343,398.09,1.30652,2667.7,12.0234,5.4498,1.0,25.0,0.141642,0.120581,1.45119e-06,0.785985,2240.25,1736.82,0.0,6186.16,3457.26,2415.7,11.7689,8756.55,0.739645,0.440132,0.0,1.0,66.5884,38.8784,0.88007,165.404,68.9098,33.7895,9.98082,164.728,116.275,33.2195,4.63182,168.363,110.178,33.4278,14.2345,165.485
18868_4739_x28536_y7468,9.0,621.0,6708.82,6093.93,4427.13,180995000000.0,93350.3,150.323,270.811,0.977394,2834.88,13.2738,6.14233,1.0,26.0,0.129272,0.091358,0.0,0.678802,2372.19,2033.03,0.0,7208.39,4224.16,3558.59,16.436,11993.4,0.74183,0.438345,0.0,1.0,76.3189,29.6413,3.72423,170.903,68.3248,35.4631,2.17641,171.558,114.231,29.3498,11.5031,168.568,113.939,31.2121,2.43387,169.817
18465_00048,5.0,893.0,2042.11,3668.29,2291.33,17164500000.0,86596.8,96.9729,144.826,0.586151,1819.98,20.2564,10.7308,1.0,41.0,0.111971,0.0831041,0.0,0.570395,2556.37,1345.64,0.0,3626.54,6252.98,3621.64,10.3982,11234.9,0.720721,0.449151,0.0,1.0,73.2919,33.2782,0.979927,178.34,64.8323,32.0284,4.53362,175.902,116.383,30.1489,8.42084,171.233,119.14,29.6882,11.1378,172.117
17302_00120,6.0,404.0,3067.56,2634.63,1896.05,15323700000.0,41356.8,102.368,251.54,0.839493,4583.11,13.5891,7.16446,1.0,28.0,0.131863,0.103647,0.0,0.62663,1873.66,1204.05,0.0,2942.67,6175.32,3928.08,9.52857,9582.27,0.738693,0.440455,0.0,1.0,69.6226,35.3732,3.30829,162.837,72.2959,38.2056,5.26771,176.011,112.722,36.1632,2.69477,173.692,112.17,33.9458,12.4531,170.204
18464_00044,8.0,434.0,1477.7,2014.27,2292.2,6822700000.0,35689.7,82.2343,93.4398,0.299284,801.687,16.977,8.60337,1.0,34.0,0.100468,0.088242,0.0,0.558765,1924.76,1048.33,0.0,2799.26,3603.3,1934.92,10.8662,5214.17,0.71831,0.450883,0.0,1.0,75.3314,35.3734,1.58502,175.084,68.7174,35.1055,7.82968,172.506,116.182,31.2429,2.11978,173.515,118.181,30.2647,7.92551,173.447
18461_4410_x23856_y6531,7.0,453.0,1762.32,2807.67,9185.31,45449000000.0,71150.1,157.064,414.881,1.11535,7971.52,9.25166,4.69355,1.0,20.0,0.109895,0.101967,3.01171e-06,0.805649,436.957,1035.85,0.0,8598.0,925.308,1558.45,14.4989,11519.3,0.695067,0.461415,0.0,1.0,77.1877,29.1972,5.18024,172.717,71.5576,32.2505,6.31537,160.636,115.967,24.4898,16.3989,171.582,114.0,28.7905,13.5645,162.793
18465_00199,5.0,265.0,1513.94,783.83,1051.25,1247490000.0,13498.0,50.936,67.5847,1.44276,619.768,13.5208,7.51013,1.0,32.0,0.130764,0.122516,1.48825e-05,0.783197,631.523,428.843,0.0,1515.13,1157.96,714.272,8.77305,2501.29,0.807692,0.395638,0.0,1.0,86.4113,38.3123,1.63507,175.016,82.7122,39.9792,4.09568,160.708,105.463,34.9507,27.231,172.641,100.657,38.2461,17.7381,165.485
18453_3316_x8214_y11076,5.0,293.0,1592.06,1336.82,1611.56,3429880000.0,36276.6,123.811,144.903,1.06039,1112.73,8.15358,3.64245,1.0,15.0,0.108036,0.077095,2.99644e-05,0.729382,219.051,141.102,0.0,546.676,525.957,343.167,10.5996,1579.85,0.715278,0.452857,0.0,1.0,80.2263,32.7447,1.16803,167.189,70.2243,34.189,5.37683,171.624,111.203,29.2253,14.8829,159.423,118.705,27.8329,37.1021,173.586
18454_01093,8.0,586.0,958.8,2428.71,2259.38,5261300000.0,41378.8,70.6123,111.454,0.839688,1747.49,16.3208,9.54232,1.0,33.0,0.0861098,0.0744475,0.0,0.687524,1914.13,878.978,0.0,2560.71,3849.0,1788.37,11.3325,5442.49,0.698962,0.459505,0.0,1.0,84.1009,30.9168,4.57911,173.338,72.4551,34.6854,7.95917,169.411,111.666,28.6457,6.42947,160.001,114.955,31.3077,14.3803,168.376
18455_00201,10.0,482.0,2136.47,1953.89,2155.15,8996520000.0,32171.9,66.7468,141.598,0.311741,2758.58,25.1743,17.352,1.0,51.0,0.105058,0.0880676,0.0,0.607884,2333.04,1202.14,0.0,3192.11,4592.94,2423.5,0.70408,6804.54,0.699153,0.459601,0.0,1.0,80.6983,33.1934,0.971833,169.04,75.6365,36.633,6.36982,176.893,110.654,28.3177,15.6567,166.365,110.74,32.8217,14.5956,162.021
17782_3672_x34784_y19432,6.0,262.0,8814.16,4786.01,6839.57,288525000000.0,97343.1,371.538,761.318,0.60653,6935.46,8.94656,4.57431,1.0,19.0,0.178669,0.119331,0.0,0.726259,2798.18,2212.12,0.0,6300.21,6236.9,4667.0,12.1758,13845.7,0.757812,0.430091,0.0,1.0,75.0418,31.5084,1.73192,160.785,72.3521,37.835,0.998065,167.162,115.66,29.9284,24.3663,172.748,109.014,35.7445,10.0893,171.586
17545_00004,8.0,256.0,1539.65,1070.08,1100.8,1813620000.0,29982.2,117.118,151.776,0.525159,1217.19,9.21875,5.85034,1.0,22.0,0.20385,0.135213,0.0,0.706429,531.18,581.36,0.0,1492.38,1067.2,1029.18,16.3959,3104.91,0.733871,0.443725,0.0,1.0,77.1609,36.1736,5.42344,166.939,79.0639,40.3195,4.77857,168.262,111.364,31.2042,15.2841,164.747,101.018,36.4241,10.5721,162.491
18867_4202_x26848_y7080,6.0,416.0,4767.17,5293.05,2165.87,54651100000.0,39514.0,94.9855,307.203,0.55872,5067.7,9.88942,5.23402,1.0,26.0,0.12784,0.110506,0.0,0.811113,766.25,1120.64,0.0,6137.83,1568.98,2309.49,18.0005,8568.35,0.760976,0.427532,0.0,1.0,83.8434,29.4926,0.320065,166.56,78.8806,34.46,3.52621,172.349,107.417,28.5867,1.7921,173.069,103.568,33.3841,13.8166,173.125
18458_00468,8.0,1370.0,5261.76,3889.65,3758.28,76918500000.0,153310.0,111.905,170.552,1.12088,2300.82,14.2978,6.84795,1.0,38.0,0.117339,0.0772115,3.96524e-06,0.545601,3709.17,1799.25,0.0,5468.3,5878.8,2789.68,16.9714,10665.0,0.741557,0.438101,0.0,1.0,74.6898,31.8037,0.555509,158.486,67.3134,30.5455,2.21638,171.62,115.339,28.9384,14.4405,175.127,116.815,28.772,9.16181,171.448
18458_00500,4.0,418.0,5667.67,2456.3,1265.36,17615700000.0,26509.2,63.4191,102.568,0.509475,787.915,24.0191,18.7783,1.0,66.0,0.13183,0.112709,0.0,0.589204,1794.2,1722.64,0.0,5650.99,2586.05,2403.39,11.6665,8096.17,0.768116,0.423058,0.0,1.0,81.8047,33.7855,6.45631,169.833,82.1921,36.4693,10.0496,171.357,104.725,32.1309,7.86555,165.228,100.611,35.2469,15.9588,170.796
18869_3064_x20999_y7621,9.0,309.0,5731.1,3518.51,3536.54,71314100000.0,35411.9,114.601,346.988,1.05541,4813.0,14.7994,10.3522,1.0,35.0,0.161884,0.132563,2.58508e-06,0.835571,1979.01,2033.94,0.0,6569.63,3470.03,3409.99,16.5171,9930.48,0.733333,0.443698,0.0,1.0,84.5332,34.2943,0.612588,171.434,81.925,38.4833,4.3993,173.22,106.149,32.7499,11.4529,172.093,99.0459,37.0924,11.4529,170.534
236174_3029_x12820_y24699,7.0,509.0,7786.36,4361.87,4583.85,155682000000.0,178755.0,351.189,465.904,1.10521,5026.82,10.4342,4.52879,1.0,19.0,0.141426,0.117538,3.84124e-05,0.708367,1959.08,1635.48,0.0,5912.5,3596.01,2486.68,12.9602,8324.75,0.689243,0.463728,0.0,1.0,58.7837,28.5594,0.194623,161.86,66.7764,36.4374,2.619,166.535,126.677,27.7921,11.4658,171.864,112.627,36.282,5.63753,171.807
17543_4926_x5833_y20277,5.0,235.0,628.39,1181.71,1532.62,1138090000.0,33186.2,141.218,171.442,1.13833,1430.56,7.44255,3.56141,1.0,17.0,0.171822,0.113611,1.96622e-05,0.628513,246.918,236.976,0.0,1107.28,747.971,715.934,13.4872,3069.85,0.704348,0.458332,0.0,1.0,74.0073,35.3417,3.30248,179.36,72.1116,35.6175,7.8016,154.943,114.982,31.9621,0.969925,170.558,107.527,34.3499,10.3929,156.862
18869_5393_x8284_y3671,10.0,552.0,3147.34,5944.48,2974.71,55654700000.0,75763.1,137.252,255.735,1.01487,2876.33,13.0254,6.62471,1.0,29.0,0.112344,0.0862763,5.99391e-06,0.82681,1675.56,1415.22,0.0,5712.86,4012.24,3435.26,10.4285,9405.4,0.730627,0.444455,0.0,1.0,80.9978,31.6997,4.15366,163.802,74.0206,37.3857,5.52639,176.788,112.631,28.081,9.97575,169.024,108.547,32.6691,14.6359,170.876
236174_4029_x13079_y8858,4.0,428.0,5849.77,4749.43,3598.81,99986000000.0,123146.0,287.725,461.102,1.22404,4261.35,10.972,4.7612,1.0,21.0,0.131027,0.102608,1.00377e-05,0.772899,4311.12,2001.32,0.0,6528.16,7812.36,3865.05,15.9738,12964.0,0.683962,0.466028,0.0,1.0,61.8587,27.0203,3.44598,139.662,59.3972,31.2551,5.82765,159.679,123.144,25.8958,3.0104,167.682,119.554,26.5098,21.5012,165.949
236174_3229_x11884_y10380,6.0,614.0,5206.8,3848.95,4716.74,94526800000.0,184110.0,299.853,381.119,2.68819,2923.68,12.8339,6.42754,1.0,32.0,0.140815,0.110804,3.89676e-05,0.831964,1862.04,1130.05,0.0,3614.82,4066.41,2759.51,18.1298,11647.6,0.694079,0.461556,0.0,1.0,69.5689,31.1694,3.0061,171.902,71.4722,35.5208,4.79929,170.948,119.134,28.5157,9.53603,168.941,112.24,29.5529,26.5462,166.998
18868_3932_x25373_y7132,12.0,510.0,9337.97,6623.98,5781.99,357642000000.0,73109.6,143.352,291.004,0.898338,2604.79,10.7647,7.26103,1.0,31.0,0.144969,0.11791,0.0,0.794808,1542.55,2606.35,0.0,9955.56,2498.23,4143.2,9.76439,15734.4,0.730924,0.444373,0.0,1.0,70.9281,37.4997,0.502193,161.389,65.7936,36.1026,1.30471,162.634,115.369,29.4925,18.2726,173.991,115.001,32.4464,14.7455,174.552
18868_4549_x5910_y9879,9.0,637.0,4046.29,4378.13,4239.27,75099400000.0,49271.0,77.3486,227.613,0.777278,4412.97,10.8022,5.12594,1.0,22.0,0.125816,0.11085,0.0,0.650288,1386.16,2043.13,0.0,6325.35,2341.76,3041.19,12.0727,9031.71,0.742038,0.438211,0.0,1.0,83.0734,30.0523,5.15833,170.266,77.9787,35.4455,1.63729,170.266,109.687,29.57,0.933635,164.521,107.282,32.1709,4.12854,167.169
18465_00106,5.0,347.0,1170.32,2923.83,1060.16,3627670000.0,26942.6,77.6444,203.513,0.616126,3586.27,8.86744,3.96367,1.0,17.0,0.105843,0.103205,0.0,0.621601,2017.54,1089.18,0.0,2843.56,3757.1,1977.05,13.6906,5273.68,0.690058,0.463827,0.0,1.0,75.8763,33.1935,5.38788,163.671,65.0617,31.029,9.40624,171.107,113.758,29.199,28.532,170.963,118.443,28.1974,3.70167,164.778
17302_00116,6.0,348.0,648.87,2360.27,1914.32,2931800000.0,24709.0,71.003,110.827,0.296188,1460.06,32.7184,19.6034,1.0,60.0,0.133652,0.0919567,0.0,0.783222,1901.36,862.0,0.0,2512.22,4530.03,2150.56,0.296188,6481.56,0.766082,0.424564,0.0,1.0,87.6201,37.9439,0.791708,166.442,85.1183,42.4243,9.93536,175.342,100.527,34.8014,11.0062,161.754,99.3297,38.0396,7.70794,164.771
18465_00116,8.0,582.0,2917.9,3114.2,1485.43,13498000000.0,60068.1,103.21,280.675,0.660909,6355.77,26.0962,18.918,1.0,65.0,0.103114,0.0812604,0.0,0.650278,2223.15,1304.28,0.0,3394.88,8052.21,4921.81,10.2258,13627.9,0.74216,0.438209,0.0,1.0,81.1465,35.9407,2.59972,169.919,78.5466,39.5032,5.43898,172.102,110.343,31.8173,16.1029,168.299,109.135,34.6433,16.7917,169.627
17302_00106,6.0,314.0,1786.16,1899.98,997.91,3386570000.0,28267.4,90.0236,107.02,2.48876,592.228,9.7707,5.79178,1.0,27.0,0.168116,0.0979258,4.41526e-05,0.63802,438.919,451.036,0.0,1660.25,768.057,563.746,14.163,2483.68,0.733766,0.44343,0.0,1.0,78.7188,36.0771,1.97905,166.892,82.9057,36.1428,13.9595,167.625,108.332,31.6419,0.844853,165.523,97.239,31.9862,11.4995,159.046
18457_00034,6.0,372.0,5380.73,2315.18,1397.28,17406400000.0,19841.4,53.3372,174.885,0.740566,2982.11,15.9785,9.97082,1.0,38.0,0.12358,0.126646,0.0,0.9209,2970.35,2133.91,0.0,5483.64,4416.13,3032.52,11.2445,8082.08,0.781421,0.414416,0.0,1.0,82.7038,35.4638,15.9404,162.887,82.9579,37.9818,6.74496,174.975,105.899,33.4128,18.7658,162.924,98.1778,36.5907,12.3289,166.635
18462_00050,6.0,222.0,2188.55,1514.18,727.53,2410930000.0,21787.5,98.1418,112.346,1.48942,603.198,8.15315,3.68241,1.0,17.0,0.147409,0.121528,3.33968e-05,0.848671,425.55,446.783,0.0,1652.0,739.848,544.974,14.6166,2354.04,0.685185,0.466607,0.0,1.0,81.7249,32.7279,16.2708,166.198,89.5638,35.8177,22.2568,166.026,106.912,29.8151,38.2757,158.829,94.3216,33.0693,12.8666,149.392
18457_00024,4.0,290.0,638.35,2786.59,1557.17,2769920000.0,27070.2,93.3456,147.398,0.484813,1590.36,9.02069,3.99562,1.0,17.0,0.121555,0.0903831,0.0,0.408453,1549.66,1016.63,0.0,2550.91,3375.01,2254.17,11.4511,5590.0,0.706294,0.45706,0.0,1.0,72.0844,26.9909,9.03211,153.685,64.773,29.5065,15.3856,166.776,115.28,28.5358,42.4717,168.893,117.629,25.0721,19.4099,166.604
18867_7541_x13210_y4462,7.0,753.0,434.41,422.9,344.73,63331100.0,23787.5,31.5903,29.5105,0.623838,214.692,30.8114,18.734,1.0,62.0,0.111094,0.0998884,0.0,0.735692,109.895,35.1863,0.0,228.33,573.13,286.052,18.0439,1116.32,0.745308,0.436273,0.0,1.0,87.2507,36.7749,8.98859,173.637,83.9499,38.3781,3.73183,174.955,106.617,30.9877,12.0234,165.387,107.21,32.8554,17.28,162.481
18462_00040,8.0,462.0,2186.88,2233.62,1475.85,7209020000.0,35881.4,77.6654,147.832,0.515827,2847.62,11.7056,5.11558,1.0,24.0,0.0960684,0.0783118,0.0,0.509011,2129.39,1090.5,0.0,2908.16,3568.66,1778.88,9.83223,4943.13,0.718062,0.450938,0.0,1.0,74.381,29.6877,3.28436,161.425,67.3215,31.8858,5.895,151.234,116.235,28.3639,1.40949,163.084,120.924,25.8199,35.153,171.701
18869_4997_x13063_y4444,12.0,910.0,6452.48,6294.64,3481.37,141400000000.0,135168.0,148.536,267.633,0.546649,3091.1,15.7385,9.49018,1.0,39.0,0.12268,0.104514,0.0,0.647554,2225.89,1877.93,0.0,6109.87,5483.21,4723.04,20.1796,13301.7,0.759465,0.427885,0.0,1.0,76.4626,31.4405,2.52114,167.014,71.7299,32.7555,5.04801,172.742,115.149,28.2772,9.79416,174.857,107.98,32.8994,2.75604,173.356
18457_00056,9.0,377.0,1170.3,1785.42,2059.67,4303630000.0,28456.4,75.4813,126.313,0.794913,2073.04,13.4138,6.02288,1.0,24.0,0.127412,0.0987298,0.0,0.740597,1709.67,866.647,0.0,2394.27,2975.11,1510.83,6.14664,4280.77,0.706522,0.456598,0.0,1.0,77.4013,33.3357,4.0148,159.165,70.6265,32.8905,7.95577,171.905,110.414,28.8168,23.8815,166.937,114.757,27.8795,37.2101,167.884
17786_00024,6.0,186.0,4336.52,3020.82,4301.2,56345100000.0,29906.5,160.788,258.888,1.48761,1556.71,10.6237,7.68419,1.0,29.0,0.197048,0.12278,2.35423e-06,0.753869,1321.35,1292.63,0.0,3664.86,2669.81,2846.43,15.4657,10070.7,0.766667,0.425322,0.0,1.0,80.6287,36.6503,14.4381,176.988,78.4469,41.321,6.70966,175.024,104.965,34.0366,10.3286,161.119,101.124,37.0359,12.5639,160.063
18454_01106,6.0,314.0,1067.12,2661.88,1446.38,4108510000.0,26005.1,82.8186,162.105,0.778637,2633.65,10.8726,4.52995,1.0,19.0,0.092954,0.0827974,0.0,0.697532,1752.01,1030.37,0.0,2764.27,3138.42,1816.96,12.509,4932.56,0.688312,0.464694,0.0,1.0,73.6989,26.7659,2.05114,148.706,64.2938,27.9498,4.22671,170.556,118.966,23.919,43.2709,167.237,121.932,24.9495,42.6972,166.788
18462_00032,6.0,708.0,3023.95,1315.25,3784.53,15052000000.0,92616.6,130.814,158.317,0.863693,2310.65,12.161,5.13022,1.0,24.0,0.0966102,0.0716068,0.0,0.693101,2601.28,1675.3,0.0,4238.36,3786.64,2428.9,15.4981,6720.96,0.698006,0.459778,0.0,1.0,76.304,31.286,1.6427,169.142,63.9935,32.0515,4.53523,171.251,115.291,27.9127,1.3433,172.925,120.003,29.1104,9.62749,174.469
18457_00046,8.0,382.0,1503.2,1993.27,1848.87,5539740000.0,31392.1,82.1783,151.192,0.69075,2578.36,13.3508,5.78054,1.0,24.0,0.13213,0.0926698,0.0,0.495319,1874.06,917.505,0.0,2597.53,3476.29,1690.1,8.04159,4925.5,0.716578,0.45187,0.0,1.0,74.1215,33.6161,1.90671,163.904,70.7769,32.6689,5.78242,154.27,113.702,27.003,32.0411,159.685,115.985,29.8805,30.9736,165.913
18454_01116,7.0,315.0,1160.93,3086.89,1585.66,5682470000.0,27662.3,87.817,232.725,0.73474,3102.02,9.59683,4.35809,1.0,18.0,0.105404,0.0851273,0.0,0.694904,2208.61,1060.14,0.0,2933.56,5186.67,2458.25,2.14694,6808.15,0.694805,0.461992,0.0,1.0,74.4187,28.8837,3.29466,143.042,65.9729,29.2237,5.82232,147.916,115.766,27.7034,10.2431,162.025,117.893,25.4879,1.65239,165.852
18462_00022,6.0,380.0,833.96,2720.69,1692.72,3840690000.0,25312.8,66.6126,185.778,1.07192,3420.8,13.6053,6.4646,1.0,27.0,0.0744858,0.0728694,3.94645e-07,0.5714,1847.31,1003.17,0.0,2624.24,3751.39,2037.87,8.81711,5436.06,0.700535,0.459253,0.0,1.0,78.3712,30.4638,2.56255,166.52,70.0849,33.2188,3.78754,165.653,113.973,26.3939,30.3394,163.75,115.434,27.9301,17.7739,163.973
18868_5141_x8535_y6876,8.0,520.0,3913.67,5833.43,3542.36,80872400000.0,58204.0,111.931,222.715,0.74076,2941.44,13.1692,6.28316,1.0,27.0,0.1238,0.102062,0.0,0.630943,1698.49,1641.46,0.0,5927.88,3024.88,2898.7,17.8033,8577.98,0.761719,0.426867,0.0,1.0,79.5316,33.1721,2.06892,173.993,76.7605,35.1929,8.93832,158.769,112.474,29.9439,1.23871,178.761,104.547,33.2014,16.0619,161.578
18864_3494_x2380_y13749,8.0,524.0,7392.3,4587.73,5993.6,203266000000.0,98607.9,188.183,320.888,0.917149,4183.09,12.1908,7.43987,1.0,29.0,0.140119,0.109187,0.0,0.585544,1305.74,1802.2,0.0,6891.63,2613.77,3357.05,11.5598,11285.3,0.705426,0.456737,0.0,1.0,73.5991,37.8514,0.921886,177.129,69.9926,36.7741,9.81542,176.197,114.504,34.0429,1.39348,171.431,110.559,34.3778,3.2373,167.553
18869_5482_x15126_y4142,6.0,404.0,2590.35,1833.91,1722.76,8183910000.0,44011.6,108.94,137.728,1.21344,1572.32,12.0594,8.07388,1.0,33.0,0.0956574,0.0765665,1.53439e-05,0.502455,615.517,397.456,0.0,1303.75,1380.38,840.083,21.83,2875.47,0.723618,0.448336,0.0,1.0,77.0231,29.251,10.665,155.847,69.5791,31.3175,8.95147,173.479,114.714,23.7265,45.3156,162.665,115.496,27.3116,43.1837,163.443
236174_3929_x12721_y8845,4.0,514.0,4932.91,4974.69,4674.46,114710000000.0,157182.0,305.803,391.504,3.21442,3700.26,14.0195,5.4558,1.0,24.0,0.120112,0.0960116,1.76114e-05,0.600268,2543.62,1508.5,0.0,4546.8,4881.55,2800.81,14.6873,9308.82,0.666667,0.472332,0.0,1.0,59.389,27.8301,1.02495,163.65,61.2015,30.4619,6.23499,151.475,128.251,25.1793,1.57541,168.737,120.415,27.9987,5.78948,171.69
pre_18465_00366,2.0,54.0,1235.23,1071.0,1206.16,1595670000.0,7285.34,134.914,208.124,2.36967,1034.6,4.55556,1.65594,1.0,8.0,0.104875,0.0779253,1.3839e-05,0.280561,186.91,242.975,0.0,1026.47,429.669,567.842,47.0426,2747.69,0.730769,0.452344,0.0,1.0,76.4894,52.3627,2.26743,164.082,69.2019,41.7886,19.9296,142.429,97.5508,53.9507,6.2143,171.567,108.132,45.3166,18.9839,159.896
18454_00057,8.0,496.0,4843.97,4316.64,2779.62,58121000000.0,82128.0,165.581,285.515,0.808126,2963.14,11.9677,5.79576,1.0,26.0,0.117268,0.092498,0.0,0.824107,3256.46,1796.04,0.0,5090.96,5458.95,3086.94,5.01979,9647.64,0.709016,0.45515,0.0,1.0,75.0145,30.8808,0.460221,173.61,69.8636,30.5391,8.08849,155.254,117.844,25.3122,19.5847,173.041,114.147,26.5734,31.5592,165.808
17300_3514_x19676_y45282,9.0,363.0,4586.12,2197.35,9396.05,94686900000.0,67672.0,186.424,591.292,0.35853,9257.82,7.43526,3.78541,1.0,19.0,0.135885,0.121437,0.0,0.687318,1531.39,2718.36,0.0,8800.23,2288.1,3576.2,12.413,12106.4,0.717514,0.451486,0.0,1.0,67.858,33.8991,3.37638,168.788,67.5965,33.0831,2.69697,169.444,118.591,30.6212,22.2054,169.043,116.669,30.7815,23.0682,169.012
18453_7455_x32866_y9412,7.0,283.0,3394.76,3801.08,3273.39,42239000000.0,52845.4,186.733,297.907,0.919462,2185.05,8.31449,3.83018,1.0,17.0,0.155998,0.132534,0.0,0.863656,596.383,748.757,0.0,3072.99,1219.88,1366.11,20.8128,5803.13,0.797101,0.403623,0.0,1.0,69.9147,38.8355,3.86843,171.242,74.859,36.3796,9.26989,174.693,113.08,33.2994,9.87046,173.433,107.591,33.4266,8.86457,164.816
18458_00614,5.0,139.0,2613.94,2738.66,2389.26,17104000000.0,20373.4,146.572,490.132,3.35303,5543.98,5.11511,2.13691,1.0,11.0,0.132845,0.108802,0.00338078,0.59653,980.364,1222.52,0.0,3120.41,2667.62,3260.71,9.23729,7941.28,0.731343,0.446606,0.0,1.0,68.8702,31.2458,9.06717,148.82,72.7029,34.0139,5.01471,154.238,123.381,25.5657,28.3489,167.005,115.32,33.5315,23.984,169.788
18455_00133,11.0,715.0,4897.98,2575.4,3073.44,38769200000.0,113386.0,158.582,239.601,0.92793,2523.22,13.221,6.38089,1.0,29.0,0.121811,0.0859668,0.0,0.630687,3472.76,1670.58,0.0,4961.14,6611.46,3233.42,13.1376,10354.0,0.775568,0.417801,0.0,1.0,74.0834,30.4058,4.94638,177.901,68.4548,32.1912,6.6903,171.75,116.449,26.572,6.71886,166.733,114.682,28.4236,12.0485,166.605
18864_6734_x4899_y27447,5.0,415.0,1322.75,1554.35,2709.2,5570160000.0,58385.1,140.687,191.625,0.807938,2791.81,11.853,7.08779,1.0,28.0,0.136241,0.111445,0.0,0.807288,462.817,515.573,0.0,1700.86,954.103,980.463,9.43512,3457.3,0.692683,0.462511,0.0,1.0,73.763,29.0584,3.6895,149.462,70.9657,31.2638,8.22488,158.746,119.228,25.6876,27.9724,172.07,114.471,30.0286,23.8366,164.174
18455_00123,10.0,890.0,4057.84,2645.16,2624.82,28173900000.0,82133.3,92.2846,145.467,0.425994,2112.83,23.4607,16.349,1.0,62.0,0.102058,0.0850529,0.0,0.789811,2916.34,1214.63,0.0,4206.76,5411.66,2321.31,14.9987,8084.19,0.720455,0.449287,0.0,1.0,77.2675,32.5511,0.579384,175.005,71.3371,33.6133,5.35967,173.854,113.411,29.9175,0.179197,171.845,116.348,29.215,15.107,169.749
18464_00010,6.0,346.0,1745.62,1707.57,959.96,2861420000.0,16487.9,47.6529,92.9429,0.797206,1520.12,11.3873,7.58834,1.0,33.0,0.134375,0.130513,0.0,0.690527,1083.34,748.317,0.0,1891.94,1715.44,1143.63,14.7484,3549.98,0.794118,0.405539,0.0,1.0,80.2894,38.6483,3.59067,170.837,79.5224,37.8723,3.94359,165.674,111.241,34.0843,6.90753,163.142,107.685,32.4702,11.1327,166.827
18458_00051,6.0,370.0,3429.17,3679.32,2233.23,28176700000.0,40219.2,108.7,401.137,0.353395,7457.66,9.33514,4.55691,1.0,19.0,0.114038,0.0899355,0.0,0.568851,2131.6,1286.33,0.0,3168.24,7323.07,4578.39,18.2999,11235.5,0.730769,0.444784,0.0,1.0,77.6729,34.0455,2.42821,170.552,67.8046,31.4039,6.72613,148.896,112.83,30.4716,25.4566,168.703,116.735,29.0945,39.6433,168.321
18867_5867_x21009_y6208,10.0,1428.0,4357.76,5902.73,3774.58,97092300000.0,135028.0,94.5572,172.695,0.147578,2181.24,16.4804,8.47737,1.0,46.0,0.105067,0.0876924,0.0,0.708495,1940.59,1548.95,0.0,4810.02,3944.65,3337.36,10.3691,10883.1,0.767278,0.422865,0.0,1.0,80.0299,30.8952,0.488645,175.933,75.7366,32.9099,3.50791,177.682,111.06,28.9369,2.75871,169.052,107.681,30.9883,7.90157,171.647
17545_00050,7.0,543.0,2477.02,2240.43,1638.91,9095280000.0,57853.0,106.543,138.996,1.16848,1367.72,14.2486,8.23899,1.0,40.0,0.190229,0.113043,5.87607e-06,0.712118,697.761,592.348,0.0,1954.68,1424.51,996.399,17.7589,4410.83,0.731343,0.44409,0.0,1.0,81.1338,33.3847,0.999627,162.663,84.4231,36.5987,9.02828,178.232,105.764,31.784,2.19517,164.721,95.2157,34.9844,2.60642,168.434
17545_00040,6.0,418.0,2167.31,1634.05,929.41,3291500000.0,26190.0,62.6556,88.0451,0.413338,663.284,12.0718,6.14451,1.0,25.0,0.185142,0.122445,0.0,0.6808,569.912,537.531,0.0,1740.21,1030.71,705.111,24.6796,2754.4,0.786408,0.410841,0.0,1.0,85.2825,31.2634,5.44636,175.193,85.8009,34.0886,5.58342,173.576,99.5846,30.4506,3.39403,159.573,98.0779,30.7924,15.5588,164.794
17545_00138,4.0,106.0,4152.59,1303.24,1653.65,8949260000.0,11867.9,111.962,255.934,2.5526,1984.76,6.66038,4.16765,1.0,17.0,0.165543,0.124065,1.37284e-05,0.665508,1226.2,1735.87,0.0,4310.4,1820.21,2426.07,12.8087,6089.22,0.784314,0.41539,0.0,1.0,77.1434,28.9838,22.7769,134.431,67.8913,33.545,8.24574,151.093,116.051,29.0077,1.91076,166.731,117.564,29.2951,37.9056,154.533
236174_4229_x13663_y8589,6.0,358.0,7176.38,4642.76,4578.87,152560000000.0,104441.0,291.736,527.645,0.922498,4305.22,10.4022,5.15151,1.0,20.0,0.135861,0.138234,0.0,0.890297,3639.92,2473.89,0.0,6776.44,6545.79,4498.28,14.0799,13218.5,0.738636,0.440631,0.0,1.0,68.134,32.7093,1.64521,166.071,67.9558,32.3648,7.83139,151.67,120.099,29.6691,0.901742,171.716,113.594,30.965,18.8466,166.254
18455_00255,8.0,344.0,1649.83,1851.42,2526.8,7718180000.0,31894.5,92.7167,136.127,0.980574,1864.05,9.01163,4.26251,1.0,18.0,0.11237,0.0987,0.0,0.778218,1998.0,1143.12,0.0,2980.7,3109.19,1752.94,9.45774,4680.74,0.708333,0.455889,0.0,1.0,73.5908,33.3033,3.20806,174.509,64.6386,30.7312,3.99321,163.511,116.619,33.347,2.10482,162.623,121.266,27.6498,5.80125,174.22
18457_00197,8.0,296.0,1883.82,3211.83,1837.88,11120100000.0,26302.3,88.8591,149.176,0.296295,1496.76,9.93919,5.49542,1.0,23.0,0.0994598,0.0914512,0.0,0.683292,1685.09,1332.04,0.0,3319.72,3143.63,2515.54,4.14171,6119.66,0.722222,0.449467,0.0,1.0,70.9539,30.9125,7.80262,166.203,65.3247,33.4647,7.38111,166.686,118.281,27.8075,37.4586,166.079,119.457,29.5327,20.1349,174.408
18458_00562,6.0,542.0,1606.52,3743.95,2657.99,15987100000.0,52578.5,97.0083,167.678,1.6693,2469.59,16.1882,9.87489,1.0,41.0,0.105272,0.0795846,6.77742e-08,0.661578,2197.46,1275.63,0.0,3469.61,5700.88,3681.77,3.38169,9816.8,0.742537,0.438054,0.0,1.0,75.6477,34.528,0.848281,171.577,67.9398,34.5962,4.7909,176.935,114.067,32.1183,3.6238,174.749,116.437,32.1918,12.1198,171.485
18869_4848_x18620_y8132,8.0,678.0,1070.74,798.76,1068.67,913995000.0,36757.8,54.215,74.4936,0.40919,931.134,15.4631,9.37363,1.0,37.0,0.108375,0.0893519,0.0,0.606754,587.231,264.023,0.0,904.105,1696.47,850.521,15.0051,3156.16,0.713433,0.452834,0.0,1.0,81.0697,32.2016,12.8241,166.467,75.7194,35.1412,7.90025,170.997,114.458,27.2918,20.834,165.809,112.651,30.1356,16.4189,163.423
18454_01023,5.0,215.0,959.91,3161.82,1437.17,4361900000.0,21066.4,97.9835,350.089,0.882659,5059.92,7.94884,4.00026,1.0,18.0,0.0978884,0.0859079,0.0,0.497078,1607.85,1214.69,0.0,2786.96,3774.16,2868.36,12.4622,6601.21,0.685714,0.466457,0.0,1.0,71.8998,24.871,18.0759,126.924,65.6049,27.6164,7.44267,122.191,120.168,22.7348,63.5099,168.585,122.192,23.777,46.1076,173.503
18868_4041_x10632_y7193,6.0,342.0,3729.91,4827.87,1656.04,29821200000.0,36631.5,107.11,253.527,0.327954,3101.91,10.7778,5.64625,1.0,23.0,0.1433,0.116306,0.0,0.81442,1484.89,1514.16,0.0,4567.34,2825.66,2896.61,20.0207,7694.11,0.72619,0.447245,0.0,1.0,76.5087,33.7688,3.95891,166.049,71.1857,36.6354,7.45875,161.645,110.794,32.7245,2.94928,174.217,109.795,34.673,19.3521,169.073
18458_00586,7.0,767.0,2925.26,3353.13,1712.6,16798500000.0,67553.5,88.075,126.592,0.326954,2085.37,26.8853,18.6053,1.0,74.0,0.104831,0.0893388,0.0,0.863398,2945.53,1506.45,0.0,4116.81,5538.75,2940.65,8.39669,9301.92,0.723684,0.447764,0.0,1.0,73.9588,32.5522,4.3558,170.607,66.093,33.706,2.95637,168.994,113.566,31.1742,4.5079,168.084,119.056,31.1321,10.8617,169.95
18454_01033,8.0,360.0,971.55,3311.34,1321.38,4251060000.0,28589.0,79.4139,191.331,0.711129,3381.69,9.91111,4.49858,1.0,18.0,0.101988,0.0914721,0.0,0.598462,2142.27,1264.2,0.0,3125.1,3585.32,2095.8,10.3329,5432.66,0.693182,0.462489,0.0,1.0,77.6614,31.5974,1.71727,173.967,68.713,33.6015,7.52457,170.904,114.983,27.5832,25.6838,164.208,116.316,29.4487,16.5325,172.468
18457_00163,8.0,370.0,1792.38,2976.97,2076.82,11081600000.0,39233.4,106.036,140.217,0.701198,1548.96,13.8703,7.17451,1.0,26.0,0.110593,0.0819111,0.0,0.431501,2007.97,1233.63,0.0,3297.82,3725.15,2280.27,12.052,6237.83,0.712707,0.453755,0.0,1.0,72.8328,32.5786,0.654312,167.206,63.3968,29.2691,4.6785,161.806,115.91,27.3877,19.1163,176.232,120.444,22.9365,56.4754,171.464
pre_18464_00180,6.0,300.0,941.15,793.89,922.25,689077000.0,19436.0,64.7866,80.5035,0.767895,519.349,11.18,5.64629,1.0,24.0,0.146492,0.126773,0.0,0.827464,288.557,201.233,0.0,771.915,985.542,709.257,19.4811,2719.89,0.789116,0.409331,0.0,1.0,87.349,40.8304,10.8817,171.539,84.8593,41.1598,11.0528,161.863,99.0823,37.5852,2.272,166.516,100.813,36.7289,7.92388,171.259
18454_00162,11.0,387.0,2535.28,2379.92,1937.67,11691400000.0,30137.8,77.8753,161.814,0.759313,2917.56,13.0982,7.84736,1.0,29.0,0.0962373,0.0866903,0.0,0.626695,2248.31,1279.05,0.0,3342.1,3654.38,2025.54,4.68052,5642.45,0.696809,0.460865,0.0,1.0,76.7855,35.237,0.910828,172.517,65.1236,33.0437,9.31586,162.69,112.229,31.9415,18.9136,162.517,119.065,28.1835,20.4954,163.543
191807_5062_x6404_y23808,7.0,169.0,2236.6,1706.93,2768.27,10568500000.0,27238.5,161.175,247.365,1.27417,2226.13,7.89941,4.22386,1.0,17.0,0.146719,0.115404,1.96764e-05,0.629094,1021.17,1160.42,0.0,2880.79,1676.86,1772.97,6.60781,4474.59,0.765432,0.426369,0.0,1.0,83.8869,35.8911,14.5989,165.274,73.1902,34.5538,13.1025,163.369,107.927,34.0544,12.9818,161.135,107.105,30.3489,18.0518,158.231
18465_00041,5.0,307.0,1114.45,1767.02,852.47,1678730000.0,15587.5,50.7737,86.8668,0.299147,1318.79,11.3388,6.87107,1.0,28.0,0.127799,0.11215,0.0,0.660852,788.798,619.098,0.0,1641.93,1284.18,949.096,11.7458,2823.55,0.754967,0.431538,0.0,1.0,85.5818,33.1482,1.59866,166.621,84.3493,34.7964,15.7045,162.807,106.51,28.8851,24.8202,158.663,103.135,33.1589,9.91534,161.453
17302_00041,8.0,380.0,2682.32,3292.82,1915.93,16922200000.0,40091.7,105.504,206.947,0.682656,2831.31,13.3368,8.67546,1.0,34.0,0.120341,0.0880006,0.0,0.564827,1597.1,1166.92,0.0,2979.07,5262.92,3872.22,8.69328,9433.0,0.709677,0.455136,0.0,1.0,70.6171,33.0265,4.27555,170.88,70.8003,35.4901,11.0847,170.499,113.022,32.463,0.399683,169.388,113.465,32.6487,12.4596,169.388
18868_5723_x7031_y7203,10.0,782.0,3918.06,5547.88,3830.32,83259400000.0,88501.1,113.173,227.052,0.891954,2812.93,13.2916,7.28684,1.0,33.0,0.116414,0.0914924,0.0,0.751379,1817.01,1522.28,0.0,5645.75,4151.16,3761.18,16.3729,10068.9,0.727979,0.445578,0.0,1.0,79.8375,29.4735,2.68946,168.299,72.0516,34.1654,6.59015,167.341,111.829,27.0919,15.0149,164.623,111.225,30.6906,4.28828,169.638
18457_00205,10.0,814.0,3298.69,3120.58,2700.97,27803300000.0,75997.3,93.3628,142.296,0.835433,2005.9,28.3489,18.633,1.0,58.0,0.105026,0.0868125,0.0,0.811843,2764.0,1518.57,0.0,4151.9,6613.96,3777.72,10.5621,12396.7,0.708955,0.45481,0.0,1.0,75.816,37.1263,3.49593,175.481,69.7872,37.4003,1.13499,175.311,112.981,32.1108,2.94728,175.172,116.815,32.0297,18.8263,174.361
182725_5094_x5532_y11642,11.0,573.0,9202.41,6977.59,4456.4,286148000000.0,93406.6,163.013,407.321,1.02084,5707.34,12.1518,6.86658,1.0,26.0,0.118719,0.106868,1.94458e-06,0.770661,2267.64,3309.0,0.0,9121.11,4356.37,6387.25,13.9014,19487.5,0.733096,0.443131,0.0,1.0,73.9542,33.4391,1.12472,168.172,68.7962,37.8722,3.57371,177.948,116.922,28.5295,4.53402,170.034,115.305,33.2203,17.8669,174.494
18453_6708_x6437_y7833,5.0,407.0,2020.92,2679.18,9898.11,53592400000.0,96860.3,237.986,309.386,1.69609,3553.65,11.1425,6.59895,1.0,30.0,0.155525,0.123769,4.02974e-05,0.954258,1680.86,3012.31,0.0,9142.94,3165.03,4466.01,34.502,14563.1,0.731343,0.444368,0.0,1.0,73.6925,34.2456,1.71013,170.539,76.0301,37.9924,1.92135,171.4,112.632,31.2546,2.4693,172.144,101.462,31.4788,13.3411,161.435
18869_4469_x21852_y5924,8.0,412.0,3887.96,4932.04,3896.36,74714900000.0,47153.7,114.451,246.205,0.589783,2461.97,11.9175,5.96894,1.0,26.0,0.123814,0.110039,0.0,0.778055,1267.05,1542.58,0.0,5776.21,2126.36,2471.84,11.1342,8925.9,0.727723,0.446238,0.0,1.0,82.8663,37.0702,9.01259,178.556,74.1169,34.7607,2.75461,160.173,107.672,34.4469,2.23286,168.661,108.486,32.2355,23.7827,172.231
18455_00016,6.0,236.0,2006.33,2355.4,1129.58,5338070000.0,24563.0,104.08,138.491,0.661613,1133.39,9.79661,5.67572,1.0,22.0,0.123,0.0994044,0.0,0.514088,653.242,827.332,0.0,2516.52,1345.5,1137.97,13.5341,3916.1,0.773913,0.420127,0.0,1.0,83.5767,35.8012,8.29354,164.628,83.5588,37.6373,7.2979,178.712,107.339,33.0643,16.5543,165.785,102.242,34.0581,20.859,169.569
18455_00208,9.0,547.0,2499.02,2324.0,1970.9,11446400000.0,42930.5,78.4836,188.62,0.859814,4053.94,15.9104,9.73632,1.0,37.0,0.0932352,0.0770196,0.0,0.66663,2426.46,1318.1,0.0,3511.96,4727.16,2512.83,13.5536,7291.71,0.713755,0.452848,0.0,1.0,79.6759,35.575,1.76498,175.266,70.7706,39.6969,4.02124,171.976,111.464,33.2438,3.8745,169.963,117.051,34.2006,3.86919,169.076
pre_18864_00003,10.0,632.0,4601.16,5030.53,6219.63,143961000000.0,102190.0,161.694,272.949,1.13119,3020.62,11.6044,6.66032,1.0,29.0,0.129772,0.0908155,2.90596e-05,0.612341,900.763,1438.87,0.0,5244.03,1726.3,2505.28,10.6254,8635.66,0.707395,0.455692,0.0,1.0,75.6867,30.1777,3.95021,163.96,73.5804,33.129,3.90446,174.797,116.961,25.1196,11.426,161.114,110.947,31.6318,8.68555,171.027
17545_00175,5.0,701.0,3872.07,1485.27,1228.17,7063290000.0,67740.4,96.634,165.534,0.260339,3072.12,17.2454,9.57182,1.0,37.0,0.13163,0.091407,0.0,0.590716,2230.91,1458.44,0.0,3874.71,4176.23,2705.22,12.2573,7210.06,0.727011,0.446136,0.0,1.0,69.3237,36.3665,0.623817,170.537,67.1488,35.7563,6.65574,174.146,112.674,34.0359,17.5599,167.335,115.802,33.5139,15.3951,167.464
18867_6408_x9343_y6158,9.0,1207.0,6256.65,6479.57,3851.53,156143000000.0,125865.0,104.279,208.967,0.309139,2728.96,16.4548,8.60152,1.0,45.0,0.121525,0.0957371,0.0,0.80489,2607.69,1558.59,0.0,6086.86,5853.86,3666.63,13.9928,11811.9,0.724541,0.447119,0.0,1.0,81.2951,33.3761,1.34884,173.09,75.6398,36.1346,1.40247,174.231,110.106,29.4257,35.3129,167.448,106.242,33.3923,6.36685,170.677
17781_6802_x8324_y14113,5.0,369.0,5890.31,4664.58,3817.75,104896000000.0,54766.3,148.418,303.826,0.859821,4823.34,12.0678,6.98665,1.0,28.0,0.135939,0.0868761,0.0,0.504304,1945.32,2548.11,0.0,6848.58,2845.55,3458.99,15.3424,9821.35,0.736264,0.441874,0.0,1.0,77.5563,34.5636,0.928481,156.693,67.2783,37.8604,2.25827,167.182,109.616,33.2415,9.82941,166.291,113.717,35.3864,1.76817,174.717
17545_00165,5.0,379.0,1431.83,2074.58,2860.28,8496290000.0,44841.0,118.314,178.919,0.48742,2226.95,11.5963,5.54664,1.0,20.0,0.131512,0.084895,0.0,0.627965,1961.25,1122.0,0.0,2945.09,4333.46,2514.56,15.9767,6746.04,0.71123,0.454407,0.0,1.0,68.2026,30.7696,2.95979,173.415,66.7111,28.7771,13.1465,152.082,116.031,30.682,10.0993,171.36,114.502,28.6448,19.5811,165.312
18463_00073,7.0,689.0,2850.08,3237.75,2744.33,25324300000.0,65099.3,94.4837,143.65,1.2286,1821.66,13.4209,6.0058,1.0,25.0,0.0833076,0.0712725,1.14592e-06,0.505876,2771.24,1506.99,0.0,4011.4,5006.13,2778.97,12.7535,7825.12,0.709677,0.454578,0.0,1.0,72.2273,33.7207,1.04876,172.313,63.9649,30.6104,2.00797,174.325,116.471,31.1083,15.6545,171.724,121.632,26.6322,24.7202,169.903
18463_00001,6.0,444.0,2562.68,3504.33,2069.34,18583700000.0,50081.6,112.796,347.582,0.418952,7110.18,10.7297,4.76811,1.0,22.0,0.0750361,0.0697413,0.0,0.641183,1887.67,1194.39,0.0,2998.69,5712.95,3606.12,7.94946,9069.9,0.716895,0.451539,0.0,1.0,74.1403,32.536,7.41891,164.058,64.5931,33.3883,2.64963,153.039,119.446,28.5934,10.7695,167.709,121.634,29.1862,5.6198,171.788
17787_00007,6.0,410.0,2924.54,2113.28,1848.31,11423200000.0,20111.0,49.0513,87.6803,0.621935,1040.72,27.4537,18.5658,1.0,64.0,0.150807,0.115556,0.0,0.56594,1508.91,1051.88,0.0,3040.21,3246.41,2155.92,12.3889,6927.54,0.811881,0.391778,0.0,1.0,90.2369,35.3854,14.7817,173.472,85.7168,38.4793,2.94225,164.057,101.996,31.4914,30.9293,165.606,94.8852,36.7533,3.39205,169.353
18869_5108_x7688_y4065,8.0,490.0,4851.3,5818.09,2999.67,84666600000.0,68954.6,140.724,237.797,0.719494,2251.91,14.1429,7.33594,1.0,30.0,0.114515,0.0885119,0.0,0.606,1985.59,2015.73,0.0,5886.06,3683.9,3378.69,9.67838,9495.32,0.73444,0.44255,0.0,1.0,78.6145,30.969,0.547042,159.586,70.5409,34.3714,4.52402,169.03,113.006,28.2845,0.527766,160.387,109.715,32.8925,8.92696,168.118
18463_00011,6.0,184.0,2096.65,2654.62,737.78,4106340000.0,23911.6,129.954,147.845,1.24489,1180.71,8.19565,4.28554,1.0,20.0,0.140947,0.121122,1.26506e-07,0.649102,534.714,675.565,0.0,2591.29,829.433,790.403,18.9075,3257.17,0.764045,0.427,0.0,1.0,73.0398,34.3816,4.41061,167.905,79.3288,40.1179,1.35034,165.517,116.087,28.6385,32.7701,169.806,102.693,35.0043,17.6747,168.013
191807_4923_x7499_y24194,7.0,249.0,2592.12,1534.26,3088.5,12282900000.0,36630.9,147.112,216.183,2.41504,1739.9,9.55422,5.43047,1.0,24.0,0.160794,0.111456,3.56158e-05,0.514845,1088.23,1128.77,0.0,2844.53,1817.65,1790.97,14.6153,5186.76,0.760331,0.428657,0.0,1.0,80.1574,36.3296,4.3511,176.613,75.2834,38.2365,6.10031,165.035,105.45,32.9763,8.47723,168.827,107.441,30.6122,8.9065,160.915
236174_6338_x12092_y5845,4.0,392.0,5279.17,5349.21,4152.57,117266000000.0,112970.0,288.189,435.758,1.3778,3285.43,13.449,6.65115,1.0,29.0,0.123092,0.113957,4.93929e-05,0.901057,2353.65,1683.26,0.0,6307.3,4221.84,2751.96,14.1121,10104.0,0.706186,0.456687,0.0,1.0,69.9816,34.7335,2.30714,173.198,71.5698,39.4121,2.6344,175.932,117.222,34.3992,3.94297,168.605,108.486,35.3361,2.87711,175.435
18869_4693_x19236_y9148,4.0,906.0,1670.69,1098.67,1118.28,2052640000.0,30962.3,34.1747,64.7016,0.390875,921.295,11.9912,3.87312,1.0,22.0,0.0829264,0.0854067,0.0,0.650764,536.564,219.458,0.0,1349.61,1167.92,395.887,17.131,2730.38,0.698448,0.459441,0.0,1.0,78.9546,32.4003,3.8556,172.189,73.6079,34.75,8.56282,173.309,117.127,27.9385,14.3365,172.002,117.502,27.7887,23.1611,165.223
18465_00294,5.0,487.0,2505.54,2799.77,2344.82,16448800000.0,36974.6,75.9233,142.333,0.73539,2226.58,14.8563,7.54819,1.0,30.0,0.107626,0.0839231,0.0,0.766485,2423.49,1312.72,0.0,3460.06,4369.53,2372.3,10.9071,6427.1,0.726141,0.446866,0.0,1.0,75.88,34.8458,3.88769,169.09,67.8324,29.8419,8.22145,148.107,113.18,30.6618,7.89832,166.023,118.21,26.2687,29.8713,171.164
18867_5287_x32054_y8614,10.0,844.0,3529.42,4674.13,3816.17,62955200000.0,64656.4,76.6071,172.907,0.844828,2848.02,15.4668,9.13651,1.0,40.0,0.117496,0.089622,0.0,0.628807,1466.59,1451.75,0.0,5742.23,3135.68,2821.89,13.0859,7916.84,0.738609,0.43992,0.0,1.0,78.7789,30.4191,1.33268,171.927,72.8467,33.5158,5.1325,174.821,112.676,26.0985,1.07637,163.409,110.24,31.5523,9.90754,170.58
182724_2333_x7081_y21185,9.0,921.0,11314.8,5177.77,5009.56,293488000000.0,156596.0,170.029,272.126,1.04371,2883.4,18.6395,8.77288,1.0,37.0,0.120896,0.0895962,1.1071e-05,0.640214,4246.47,3489.86,0.0,11030.4,6879.63,5765.82,9.25811,18424.4,0.747807,0.434748,0.0,1.0,72.3148,33.9907,0.189138,171.736,67.9163,33.8806,2.85748,168.824,116.988,28.6622,3.34756,172.782,113.785,30.5328,7.01584,166.661
17302_00033,8.0,312.0,1763.98,1375.48,1014.14,2460630000.0,26198.0,83.9679,116.582,1.36529,786.155,9.78205,5.1577,1.0,24.0,0.193475,0.119512,2.15059e-05,0.743103,450.896,552.121,0.0,1784.14,859.424,668.542,22.3127,2657.1,0.769737,0.422393,0.0,1.0,81.2448,32.6729,9.29474,175.925,90.1271,36.162,11.5221,173.4,104.202,31.7648,8.21382,158.634,93.4711,34.5191,6.31569,166.756
17109_3101_x10824_y7188,6.0,362.0,6599.72,5197.46,6306.16,216312000000.0,124793.0,344.732,516.879,2.62678,3794.28,9.92265,4.43164,1.0,20.0,0.12971,0.125395,4.63092e-05,0.808888,3951.48,2614.92,0.0,6770.38,6423.58,4313.89,23.1695,13908.6,0.679775,0.467879,0.0,1.0,64.0339,33.1073,1.14949,166.422,68.7176,35.9209,1.91964,168.736,122.066,27.5729,2.32394,170.846,114.602,32.8018,19.0571,165.02
18869_6076_x17177_y3306,8.0,912.0,1194.37,549.305,788.18,517104000.0,49738.1,54.5374,53.7052,1.06915,409.47,11.8794,4.83955,1.0,29.0,0.104036,0.0854379,3.06795e-07,0.668808,189.334,135.246,0.0,695.289,380.216,179.4,9.69232,1074.06,0.734513,0.442081,0.0,1.0,74.117,26.87,4.29668,159.885,66.3545,28.6623,2.65519,161.823,118.47,24.4635,17.4616,163.736,121.912,24.2241,27.0045,176.59
17302_00023,8.0,610.0,4011.4,1286.85,1260.6,6507310000.0,55445.0,90.8934,128.96,0.343545,1639.99,18.3475,11.9491,1.0,47.0,0.122431,0.0864146,0.0,0.60626,2314.6,1533.21,0.0,3662.32,4299.04,2866.26,9.70663,7567.3,0.717608,0.450913,0.0,1.0,77.5693,34.3819,1.34465,175.784,70.2377,38.4986,5.73582,174.192,110.827,32.0646,5.78847,168.794,114.642,33.0376,16.7382,168.144
18465_00033,4.0,180.0,5121.49,2621.7,880.9,11827900000.0,17778.7,98.7707,306.676,1.18916,3437.26,10.9556,5.57511,1.0,22.0,0.124546,0.129898,4.11977e-05,0.897085,2986.29,2156.45,0.0,5269.29,5154.85,3533.04,23.346,9055.94,0.806818,0.397057,0.0,1.0,80.0442,36.4798,20.9863,157.42,76.6484,40.3272,1.7999,176.611,108.069,31.7586,24.3851,160.934,108.585,36.112,25.6979,165.216
18454_00100,10.0,462.0,4636.74,2101.25,1282.31,12493500000.0,58891.1,127.47,220.388,0.752596,2947.49,15.9394,8.60186,1.0,38.0,0.114154,0.0887823,0.0,0.779343,3143.25,1768.55,0.0,4445.53,5874.78,3346.52,4.40649,9831.79,0.743363,0.437747,0.0,1.0,80.1592,33.8916,1.86727,176.864,72.1199,36.4058,7.92769,177.186,111.396,31.3889,2.10538,171.898,112.282,33.5829,14.4618,170.117
18869_4837_x18229_y3163,8.0,764.0,889.25,1415.12,786.64,989908000.0,55771.9,72.9998,71.8882,0.604875,416.085,10.8874,3.90253,1.0,25.0,0.0873416,0.0797301,0.0,0.68324,151.495,139.836,0.0,1023.65,353.318,199.448,12.5615,1351.76,0.695767,0.460692,0.0,1.0,74.0932,28.5818,3.68396,161.532,68.9936,30.7765,6.68002,159.733,119.112,23.988,19.8988,169.145,119.954,25.7796,33.4791,171.022
18454_00068,10.0,344.0,1784.37,3477.13,1960.54,12164100000.0,32894.7,95.6242,204.839,1.17241,3147.5,10.7965,5.66503,1.0,21.0,0.0985377,0.0816228,1.40205e-05,0.478043,2342.07,1435.82,0.0,3608.4,4797.88,2922.76,11.865,7161.43,0.706587,0.456696,0.0,1.0,74.2545,29.5214,0.882652,150.538,64.0031,29.8209,12.5189,143.463,117.719,26.6878,17.2092,171.157,120.931,25.8067,34.8832,166.204
18453_5033_x32118_y8975,4.0,224.0,896.02,2407.04,1736.47,3745140000.0,27450.9,122.548,186.95,1.86126,1461.64,7.10714,3.3115,1.0,15.0,0.140633,0.105428,1.07349e-05,0.82302,224.419,303.531,0.0,1249.21,560.88,670.535,14.438,2627.01,0.718182,0.451944,0.0,1.0,79.3312,32.6026,4.61586,154.592,77.3002,31.6503,15.5513,153.044,113.038,27.231,21.2723,161.034,109.784,28.5611,34.0102,162.929
18464_00086,5.0,453.0,3981.67,1013.08,1175.02,4739740000.0,19596.0,43.2582,69.0951,0.326891,676.06,30.1788,18.6011,1.0,71.0,0.15635,0.139197,0.0,0.935039,1939.74,1433.14,0.0,3990.55,2939.58,1965.35,9.96209,5879.92,0.816964,0.387562,0.0,1.0,80.4238,35.6259,0.488874,168.671,78.6094,36.817,4.40408,176.024,105.13,32.4927,11.8538,166.682,101.803,34.1825,18.061,168.896
18457_00069,8.0,616.0,1605.29,3349.01,2310.12,12419500000.0,52094.6,84.5692,161.493,0.76628,3207.53,12.2468,6.31716,1.0,31.0,0.102141,0.0787262,0.0,0.53882,1954.86,1162.33,0.0,3230.47,4428.94,2758.76,5.58916,8058.99,0.713816,0.452722,0.0,1.0,73.885,30.5865,1.16573,168.559,65.5033,30.3179,8.98173,155.205,117.151,26.8104,6.68413,170.053,118.472,26.4839,24.3454,165.052
pre_17543_01276,8.0,230.0,5735.93,1790.01,1928.58,19801400000.0,35651.4,155.006,264.454,4.09802,2006.64,6.28696,3.30347,1.0,15.0,0.132333,0.103466,1.36201e-05,0.718393,875.245,1330.58,0.0,4774.03,1315.53,1809.42,14.288,6989.52,0.702703,0.459141,0.0,1.0,67.5988,35.1167,2.53376,155.397,66.1529,30.3211,14.3371,169.193,112.705,35.5264,3.71458,171.513,122.1,30.5279,11.7843,171.029
18867_3801_x9223_y10977,8.0,450.0,5336.02,3711.88,3663.03,72552400000.0,50612.7,112.473,241.892,0.313819,2981.59,11.5822,6.11571,1.0,23.0,0.146422,0.123575,0.0,0.73367,1787.4,1975.74,0.0,6474.97,3124.81,3228.0,21.1214,8828.96,0.705882,0.456679,0.0,1.0,80.8881,37.0104,1.8466,171.39,78.9016,38.1575,10.4868,171.729,103.835,33.7854,0.722695,168.537,103.707,34.0592,11.6164,168.933
18454_01041,9.0,311.0,1112.55,2669.44,1419.25,4215010000.0,27144.9,87.2825,187.834,0.73797,3035.97,9.99678,5.58598,1.0,22.0,0.122568,0.0970607,0.0,0.637865,1666.6,1034.21,0.0,2727.06,3536.79,2239.17,12.1376,5765.76,0.695364,0.461785,0.0,1.0,80.5921,30.6351,2.73002,166.675,70.1342,34.2681,12.8209,156.93,112.14,26.9062,22.6299,173.358,113.675,33.5606,21.8518,160.214
18457_00111,7.0,807.0,4576.0,4403.79,2868.23,57799900000.0,124747.0,154.582,217.832,0.375024,1908.36,29.8451,16.2272,1.0,60.0,0.119473,0.0986371,0.0,0.735484,2949.84,1546.89,0.0,5151.33,10085.5,5823.4,4.72005,18737.3,0.7425,0.437805,0.0,1.0,72.892,36.5787,0.963343,170.514,66.4597,36.7627,0.671376,169.597,113.713,33.3375,0.185421,175.723,114.088,33.8097,5.0178,178.904
18864_6139_x4843_y27122,6.0,282.0,992.3,1325.26,1650.8,2170890000.0,37933.7,134.517,147.426,2.40086,845.221,8.12766,3.85475,1.0,17.0,0.151563,0.115661,3.51277e-05,0.610131,234.077,220.939,0.0,963.793,581.986,544.788,13.0007,2678.95,0.681159,0.467725,0.0,1.0,78.0684,29.5725,3.79509,168.811,74.6737,31.7456,4.47237,157.672,117.682,24.1219,30.62,163.24,110.973,26.4102,29.937,160.349
18454_01051,9.0,387.0,1357.31,2559.97,1552.58,5394710000.0,38202.6,98.7147,163.641,0.849944,2858.65,8.5814,3.98514,1.0,17.0,0.0966073,0.0790547,0.0,0.558887,1794.95,1031.4,0.0,2671.79,3243.95,1795.64,7.64426,4942.25,0.708995,0.455432,0.0,1.0,72.8863,28.3547,0.166607,168.865,62.501,27.5409,5.32026,155.184,118.925,26.7781,5.79108,170.653,123.338,24.1362,20.0266,165.843
18457_00079,6.0,316.0,3648.52,1009.46,1792.36,6601320000.0,19281.9,61.0186,209.577,0.976303,3601.34,11.4557,7.1043,1.0,30.0,0.153846,0.121554,0.0,0.628319,1911.26,1690.54,0.0,3867.34,2875.66,2508.32,4.8069,6474.32,0.767742,0.423642,0.0,1.0,78.6642,35.494,9.10068,174.798,76.4301,36.5523,11.4762,164.293,113.023,32.7748,15.4331,168.68,108.633,33.8337,12.9838,161.385
18457_00101,6.0,874.0,3470.2,2309.49,2217.5,17771900000.0,66419.5,75.9949,139.435,0.847979,3498.81,15.9634,8.02165,1.0,35.0,0.0996438,0.0713484,0.0,0.458079,2738.83,1163.52,0.0,3670.11,5320.65,2265.93,8.70974,7294.38,0.709677,0.454435,0.0,1.0,73.8152,28.7868,3.74673,169.634,65.1103,28.7434,10.6895,146.517,116.608,24.8384,16.8444,172.698,120.763,25.969,23.4313,169.482
17109_7001_x6205_y5194,5.0,415.0,3942.81,3458.08,8785.77,119790000000.0,136308.0,328.452,554.231,0.97545,8025.16,13.9783,6.66029,1.0,27.0,0.149865,0.114774,0.0,0.746392,4301.34,2988.7,0.0,8083.29,8692.95,5857.49,25.5633,17810.1,0.712195,0.453848,0.0,1.0,70.9073,32.367,3.65438,175.227,80.2386,40.0525,8.06513,173.303,118.571,28.796,23.0925,167.437,100.986,37.8141,4.93948,167.52
18465_00117,8.0,348.0,3704.57,3507.61,1893.24,24601200000.0,46768.9,134.393,346.911,0.785616,5987.6,12.2011,6.71184,1.0,28.0,0.0962476,0.078721,0.0,0.504486,2232.76,1591.31,0.0,3738.22,5517.99,3955.31,7.06962,9575.1,0.747059,0.435982,0.0,1.0,73.8272,30.2556,10.6109,165.834,63.5074,27.3932,13.0992,156.797,116.861,27.1178,6.46212,161.412,121.026,24.5251,24.6944,163.214
17302_00117,10.0,782.0,2804.75,3137.55,2162.77,19032500000.0,80177.5,102.529,177.846,0.711805,3842.49,18.3606,10.3365,1.0,39.0,0.120873,0.0830333,0.0,0.690224,2309.28,1244.86,0.0,3399.12,6066.46,3321.56,18.5205,9217.79,0.717617,0.450743,0.0,1.0,73.137,30.2736,0.0812917,159.346,68.3898,32.9609,5.57557,174.222,114.614,32.2296,5.20112,167.857,115.757,31.5277,14.9391,171.018
18454_00024,5.0,293.0,2948.9,2858.28,1145.12,9651970000.0,18382.9,62.7402,127.709,1.43328,1360.04,17.8259,12.0879,1.0,49.0,0.137515,0.132503,6.27816e-06,0.912742,1821.63,1350.04,0.0,3631.52,3950.58,2705.79,13.1818,8025.57,0.868056,0.339612,0.0,1.0,88.8113,33.495,26.5295,168.32,86.84,39.1594,14.3887,177.866,97.7565,33.0119,4.15715,159.861,91.3121,38.5692,2.68469,161.195
191801_3966_x14363_y10542,4.0,186.0,1092.13,973.87,972.85,1034720000.0,14889.6,80.0515,96.5328,1.5169,626.399,8.49462,5.69613,1.0,24.0,0.126535,0.100588,2.93998e-05,0.737982,317.874,354.299,0.0,1071.8,640.036,666.848,17.3239,2779.77,0.703297,0.459335,0.0,1.0,70.4341,30.7667,1.55925,134.317,77.5199,31.5875,19.383,171.609,118.388,25.3311,51.3684,165.549,108.078,32.0404,25.5334,159.825
pre_18864_00084,5.0,379.0,992.66,1805.09,841.1,1507120000.0,31444.9,82.968,119.917,0.32996,1106.81,11.686,6.31862,1.0,28.0,0.145071,0.111057,0.0,0.667686,168.493,150.079,0.0,925.936,730.558,587.946,10.9828,3070.78,0.748663,0.434946,0.0,1.0,80.2985,34.075,3.40526,167.579,82.1348,38.1483,11.579,172.777,109.058,29.4649,7.37165,174.591,101.319,32.5319,22.2779,157.992
18462_00041,8.0,330.0,2075.42,2173.95,1925.07,8685650000.0,36472.9,110.524,152.836,1.03112,2190.09,13.4545,8.00414,1.0,28.0,0.109191,0.0959815,1.24305e-05,0.704854,2009.5,1116.39,0.0,2979.38,2901.4,1580.0,6.21299,4454.42,0.695652,0.461566,0.0,1.0,73.8898,29.8897,1.3332,170.617,63.8909,31.0974,3.70449,163.578,115.087,28.8101,25.6952,167.458,118.211,27.7412,50.3661,163.583
18465_00309,4.0,586.0,7081.02,4690.92,3818.55,126839000000.0,73681.7,125.737,277.747,0.999799,2864.54,30.6519,20.3671,1.0,75.0,0.144202,0.127296,8.0374e-06,0.823065,2232.93,2020.33,0.0,5730.01,9409.33,8071.02,13.0649,23214.6,0.838488,0.368637,0.0,1.0,85.6951,39.481,0.547317,176.108,84.1188,39.7096,3.71097,173.87,104.35,33.6501,18.8848,172.748,95.6073,39.269,5.2325,173.202
18457_00025,8.0,320.0,777.43,2597.82,1717.02,3467730000.0,22604.6,70.6393,182.732,0.92034,2739.95,10.9437,7.3721,1.0,29.0,0.127804,0.110332,0.0,0.718126,1613.47,957.663,0.0,2377.17,3795.43,2300.93,15.5179,5884.36,0.730769,0.444989,0.0,1.0,75.9992,35.9756,2.6453,171.398,73.5259,38.6106,5.46949,177.73,115.466,27.1173,21.1578,168.878,114.451,29.9982,14.3053,169.181
18462_00051,11.0,425.0,2479.26,1993.92,1981.0,9792960000.0,35736.4,84.0856,154.181,0.801598,2789.54,13.8094,8.20055,1.0,35.0,0.0847895,0.0770616,0.0,0.529302,2355.6,1187.15,0.0,3183.59,3437.95,1701.86,13.3348,4821.52,0.710145,0.454795,0.0,1.0,72.4674,31.1032,2.88827,162.668,70.2051,28.9074,13.6247,156.369,117.241,28.9691,11.409,177.549,118.054,25.6351,28.8007,167.758
18465_00319,6.0,386.0,1493.19,1186.99,1537.38,2724850000.0,16183.2,41.9254,60.797,0.875712,639.234,21.1865,15.1185,1.0,56.0,0.162705,0.146739,0.0,0.861168,592.328,568.319,0.0,1926.1,1477.19,1190.45,16.128,4369.9,0.8,0.401057,0.0,1.0,89.8258,36.0697,12.8091,167.761,88.7804,38.6429,2.16437,176.857,100.342,31.5514,1.02974,160.678,94.5324,36.1164,5.65837,160.954
18465_00261,7.0,579.0,2064.8,2836.58,2967.9,17382900000.0,45159.3,77.9954,131.614,0.66906,2318.98,15.0794,8.94817,1.0,33.0,0.119021,0.0849043,0.0,0.543766,2147.05,1721.38,0.0,4046.3,4097.2,3223.53,15.8539,7644.46,0.713287,0.453019,0.0,1.0,78.4362,33.0618,4.76284,167.965,70.9209,31.3497,6.24622,152.608,112.431,31.1236,10.4211,164.375,114.81,29.1015,19.8494,170.442
18457_00035,7.0,277.0,2660.91,2072.23,346.09,1908350000.0,12802.2,46.2172,163.993,0.933373,2678.99,13.5199,8.81639,1.0,31.0,0.133024,0.115473,0.0,0.592592,1672.96,1287.92,0.0,2851.57,2209.01,1641.75,8.04244,4165.6,0.77037,0.422161,0.0,1.0,84.9251,32.483,23.888,167.251,80.7298,37.2497,14.9196,169.746,104.449,31.2908,11.5591,153.98,98.1447,35.3296,9.92317,154.066
17781_4095_x17570_y12460,5.0,419.0,7916.92,6135.04,4747.53,230591000000.0,129662.0,309.456,605.985,0.624283,5280.92,14.5227,6.72113,1.0,28.0,0.150696,0.106701,0.0,0.698085,3412.51,2118.21,0.0,6303.06,7109.38,4793.01,12.487,15803.6,0.729469,0.445311,0.0,1.0,73.0043,35.3152,3.0287,163.534,71.3315,35.6658,6.8299,170.709,114.009,34.081,16.0461,167.519,108.529,34.8056,15.528,167.517
17545_00023,5.0,269.0,1718.64,1313.97,1199.6,2708990000.0,19182.8,71.3114,85.0654,0.945395,638.817,13.0,8.30842,1.0,30.0,0.172315,0.126676,0.0,0.785358,606.963,635.113,0.0,1914.09,1113.67,933.449,0.945395,2864.52,0.75,0.434662,0.0,1.0,84.0664,36.6741,5.85441,177.946,88.5048,36.7398,13.1099,173.33,101.291,33.3307,23.868,161.046,93.201,32.1239,15.0426,164.808
18868_3627_x28035_y8749,7.0,293.0,2866.14,3663.7,2599.74,27299000000.0,30727.1,104.871,228.971,0.59093,3381.78,8.79522,5.20264,1.0,23.0,0.120985,0.106684,0.0,0.707539,593.327,1099.66,0.0,3867.82,997.342,1696.44,9.51224,6256.81,0.713287,0.453816,0.0,1.0,79.2379,34.2123,1.88455,167.194,70.7273,30.8479,14.47,150.31,110.385,31.6137,6.61723,173.047,113.538,27.9371,6.88137,170.871
18455_00140,8.0,796.0,969.74,2923.57,1576.65,4469960000.0,55698.0,69.9724,98.4265,0.781068,1600.56,20.5729,11.7139,1.0,40.0,0.083125,0.0642468,0.0,0.606902,2060.03,1017.18,0.0,2803.64,4009.36,2004.95,22.4423,6323.03,0.690355,0.462935,0.0,1.0,73.823,29.518,3.29185,174.518,65.7393,27.9136,5.91267,171.761,118.327,26.5667,3.89915,167.867,122.568,24.624,26.7171,169.441
182725_4160_x5717_y19181,9.0,545.0,11777.8,6354.39,4758.53,356132000000.0,108071.0,198.295,342.81,1.23364,3250.54,12.9743,8.08203,1.0,30.0,0.14963,0.127646,2.52797e-05,0.971651,2486.61,3018.79,0.0,9939.04,4044.15,4819.32,16.024,17734.8,0.735075,0.442119,0.0,1.0,76.2773,40.7263,0.573507,173.401,73.4307,37.527,4.53937,175.333,110.544,35.5627,8.68411,172.44,109.163,33.9581,1.90254,171.983
pre_18458_00348,2.0,46.0,604.07,676.1,914.2,373370000.0,4790.45,104.14,119.396,2.02011,478.447,4.34783,1.64948,1.0,8.0,0.118953,0.109976,2.57913e-08,0.572774,179.659,183.755,0.0,683.313,414.675,424.877,14.9428,1606.74,0.681818,0.476731,0.0,1.0,80.6245,41.3023,18.6151,155.556,60.7369,33.9734,16.5917,132.933,106.223,38.1756,41.382,166.824,116.035,37.4276,32.3911,163.028
18455_00150,10.0,500.0,3497.02,1764.32,3134.12,19337100000.0,48436.8,96.8737,131.52,0.582764,1813.53,13.656,7.34886,1.0,33.0,0.100457,0.0820933,0.0,0.632041,2627.37,1605.54,0.0,4111.96,3986.47,2485.28,4.95997,7861.75,0.738776,0.440201,0.0,1.0,75.9867,32.46,14.7296,175.451,68.023,32.6257,8.67447,169.708,116.148,31.1319,1.10358,161.129,119.035,29.9006,6.47253,173.281
18455_00028,7.0,357.0,4123.92,2720.63,1435.8,16109200000.0,19490.1,54.594,141.377,0.319927,1690.11,11.8011,8.61193,1.0,37.0,0.106948,0.09117,0.0,0.525414,2043.09,1993.44,0.0,4667.36,2734.24,2579.95,16.4702,6694.17,0.76,0.428309,0.0,1.0,80.3671,31.4993,1.46604,156.282,75.7076,34.1117,7.38463,160.218,110.51,30.7233,15.6889,166.011,107.777,32.1015,19.6386,168.901
18864_00021,8.0,680.0,3452.37,2651.27,6937.07,63496100000.0,97186.5,142.921,243.832,0.242053,4082.51,13.3088,7.30819,1.0,29.0,0.110566,0.0823651,0.0,0.50683,1984.9,2407.99,0.0,6369.58,2857.35,3129.14,16.0833,8449.28,0.699405,0.459201,0.0,1.0,70.0613,28.268,1.07462,164.494,65.3513,32.3516,4.47694,169.079,121.254,24.5809,0.67748,169.555,118.493,30.2716,1.15561,169.822
18869_4302_x23433_y9053,7.0,457.0,3870.1,2915.21,4412.44,49781800000.0,51638.3,112.994,236.772,1.48977,3591.51,9.71335,4.82897,1.0,21.0,0.130272,0.129627,2.67601e-06,0.974043,1145.1,1563.66,0.0,5582.9,1827.2,2369.34,15.6964,8179.32,0.72,0.45,0.0,1.0,77.0005,34.5785,1.71996,169.052,71.6523,35.1485,8.225,171.23,109.937,33.3988,8.33598,164.418,109.137,34.4258,2.27514,165.715
18453_6756_x7677_y5336,9.0,335.0,1942.58,1433.85,6249.96,17408400000.0,49024.5,146.342,348.035,4.03836,5910.08,9.55522,5.92031,1.0,26.0,0.10809,0.0669652,0.00378449,0.405967,1368.17,2023.38,0.0,5448.03,2002.53,2758.27,10.1708,7480.48,0.736196,0.442052,0.0,1.0,70.3937,26.9426,4.45506,124.261,61.802,26.5808,2.08961,175.124,121.694,21.611,63.6124,176.091,122.195,26.1567,38.7019,168.816
18869_5286_x15761_y3297,6.0,800.0,939.09,702.8,454.92,300244000.0,39266.8,49.0836,50.2799,1.01201,419.949,10.0875,3.68195,1.0,22.0,0.0893587,0.0763413,5.31606e-06,0.533337,156.261,99.4185,0.0,652.481,309.499,132.096,16.9446,867.206,0.712846,0.453005,0.0,1.0,76.7907,29.0671,5.94431,152.139,70.4172,32.0894,7.95907,159.334,116.456,25.4672,16.1798,173.746,118.493,27.7815,28.5747,170.648
pre_18864_00414,7.0,507.0,3776.81,4491.18,6198.68,105144000000.0,93036.8,183.505,289.831,0.789872,2467.91,11.213,6.46104,1.0,28.0,0.137825,0.0964325,0.0,0.679615,1576.33,1770.25,0.0,5179.4,2780.6,3104.8,5.77698,9255.17,0.724,0.447914,0.0,1.0,72.6158,34.2521,1.68191,168.546,67.3604,34.8626,5.16726,172.154,117.906,29.6848,8.7884,173.693,114.084,32.1145,1.20052,168.419
18458_00050,8.0,352.0,3746.9,3536.07,2225.84,29490900000.0,38706.6,109.962,378.082,0.842271,6439.0,12.8068,8.89298,1.0,32.0,0.117013,0.0850735,0.0,0.541312,2239.0,1536.39,0.0,3502.76,7592.23,5230.96,19.5347,12076.1,0.726744,0.446932,0.0,1.0,76.218,32.4909,1.80449,161.469,71.2833,33.5209,5.18088,160.466,114.197,31.5644,28.748,170.674,115.88,31.3365,7.78748,165.685
18864_00043,8.0,624.0,4033.45,2888.35,2493.12,29044900000.0,76091.5,121.941,154.213,1.5034,1305.09,11.3429,6.33478,1.0,26.0,0.101411,0.0705614,4.82476e-05,0.451464,601.024,710.774,0.0,2720.38,1001.01,1062.88,13.2324,4567.74,0.707792,0.455517,0.0,1.0,78.0,30.3813,0.836448,168.202,68.0299,32.5208,3.29325,172.322,113.489,28.6227,6.83926,169.491,116.959,32.0908,3.1543,174.458
17781_5166_x11993_y10858,4.0,298.0,2597.06,2972.76,3509.91,27098000000.0,51235.6,171.932,305.206,0.928526,2764.06,10.6443,4.28932,1.0,19.0,0.1437,0.107545,0.0,0.652573,1518.05,986.644,0.0,3664.79,2599.19,1652.24,14.0422,6013.21,0.741497,0.439309,0.0,1.0,76.4512,33.6192,1.27586,156.954,76.3675,35.3903,6.7272,172.024,112.017,32.1756,8.64057,167.336,108.798,31.6119,14.139,166.516
18464_00169,8.0,212.0,1402.54,490.93,926.98,638271000.0,13286.7,62.673,99.92,0.886069,1335.69,8.14151,5.686,1.0,25.0,0.160707,0.123639,0.0,0.682041,534.256,588.597,0.0,1360.92,858.181,868.851,14.5151,2412.49,0.72549,0.448471,0.0,1.0,73.6091,33.4041,4.25295,160.838,74.1568,36.8225,6.37312,169.821,112.966,29.4041,32.1379,163.885,109.61,34.0283,7.52553,174.616
18455_5404_x24949_y14106,8.0,772.0,3465.93,2280.85,2762.22,21836100000.0,69120.5,89.5343,162.228,0.917911,3788.17,20.943,15.6945,1.0,56.0,0.101264,0.0811996,0.0,0.644952,3008.81,1650.91,0.0,4192.79,4928.65,2727.44,20.0229,8175.92,0.712042,0.453405,0.0,1.0,75.8203,30.4768,2.34235,168.973,66.7124,32.073,1.76108,179.157,116.116,26.886,14.9835,176.73,119.894,28.733,4.06064,174.598
18455_00122,5.0,725.0,2019.69,2970.02,2767.2,16599100000.0,67939.5,93.7097,121.081,1.48872,1423.06,13.1545,5.75929,1.0,26.0,0.0943323,0.0658019,1.60235e-05,0.563362,2288.38,977.067,0.0,3012.06,3919.8,1661.92,14.9682,5622.97,0.722222,0.448527,0.0,1.0,73.7022,28.2501,2.76808,146.267,64.7148,26.4002,10.4013,149.015,118.857,25.3356,6.24421,169.821,122.779,22.3497,39.864,170.105
182724_4599_x8181_y6776,8.0,272.0,1600.05,1409.17,1430.25,3224840000.0,52517.8,193.08,220.216,4.05117,1169.75,6.80882,2.46455,1.0,12.0,0.139416,0.0996511,5.21819e-05,0.648477,303.623,226.315,0.0,838.746,677.82,393.884,16.9351,1616.62,0.704545,0.457985,0.0,1.0,74.4207,32.6407,1.31588,164.174,74.9533,32.2587,11.153,165.092,113.403,29.1719,3.21407,168.004,110.958,27.633,10.2513,163.435
18455_00132,4.0,766.0,4541.05,2317.12,2434.16,25612600000.0,93228.3,121.708,209.566,0.921766,3764.94,14.2193,6.49979,1.0,31.0,0.0907078,0.0729476,0.0,0.595622,2596.6,1728.04,0.0,4431.21,4448.5,2949.39,12.8287,7783.38,0.711286,0.453761,0.0,1.0,71.7927,30.2536,2.43467,168.334,62.0089,28.9531,5.58496,162.464,119.877,26.9422,8.89754,173.063,122.722,26.5267,15.1824,174.242
18458_00615,4.0,90.0,2143.52,2777.82,2357.88,14039600000.0,13720.7,152.452,706.175,0.598491,6747.84,4.51111,1.76892,1.0,8.0,0.104571,0.0938636,0.0,0.613257,149.839,532.128,0.0,2603.79,496.718,1554.74,7.8715,7023.63,0.744186,0.441481,0.0,1.0,65.6897,29.8087,13.2134,140.68,58.3252,26.9421,10.0733,105.988,122.058,28.7561,44.9296,154.781,123.506,26.3889,61.49,172.416
18868_6000_x19811_y5444,9.0,1057.0,5891.62,6023.41,3376.68,119830000000.0,128544.0,121.612,215.93,1.78323,2939.65,14.65,8.19105,1.0,35.0,0.0980318,0.0806328,1.11644e-05,0.789389,1787.55,1661.86,0.0,5064.66,3408.29,3602.45,14.5542,12008.4,0.732824,0.442908,0.0,1.0,75.0133,31.2711,0.277847,168.593,65.7931,31.2482,3.72602,165.715,116.401,28.4274,0.876254,176.052,119.048,28.9523,22.0797,174.605
18455_00254,9.0,481.0,1603.38,1986.5,2352.0,7491390000.0,36674.8,76.2469,117.909,1.0656,1831.88,13.7775,6.74463,1.0,29.0,0.108678,0.0875906,1.2507e-05,0.698657,2088.46,1028.52,0.0,2924.8,3378.73,1668.51,10.5381,4738.33,0.70339,0.457734,0.0,1.0,75.8072,31.5492,1.30133,172.431,69.5681,35.1912,5.84987,178.291,115.734,26.7395,20.5375,168.701,117.819,28.4962,25.6395,170.261
182724_2238_x7096_y20268,8.0,692.0,10015.6,5902.7,4075.69,240952000000.0,127825.0,184.718,320.676,0.887525,2962.39,13.7486,7.32285,1.0,30.0,0.115972,0.0959834,0.0,0.895265,2087.09,2936.88,0.0,9338.39,3051.26,4168.66,5.86762,14841.3,0.730994,0.444093,0.0,1.0,73.4212,35.6224,1.69308,177.988,70.0327,33.0357,5.74411,170.766,111.803,34.1004,2.32694,173.731,113.059,31.6953,8.17227,174.705
17545_00041,7.0,145.0,748.21,1252.26,873.32,818261000.0,15922.2,109.808,129.617,2.87053,853.671,7.56552,3.80937,1.0,14.0,0.214271,0.14529,6.57531e-05,0.765791,159.652,134.3,0.0,604.735,501.636,384.786,16.2048,1599.21,0.73913,0.442326,0.0,1.0,69.5789,35.5879,2.09891,152.009,81.4223,34.9884,17.0922,168.854,112.605,28.6732,16.7105,165.691,101.339,33.0054,24.4298,152.62
17545_00129,6.0,232.0,1260.45,665.96,918.48,770980000.0,10867.2,46.8414,80.9658,0.922718,1079.69,9.46552,5.31669,1.0,21.0,0.160873,0.115361,0.0,0.627904,847.237,540.357,0.0,1292.45,1159.82,707.065,12.897,2038.96,0.761062,0.428334,0.0,1.0,79.3221,33.6183,2.67804,169.62,82.5694,37.9759,16.1579,173.703,107.638,31.9809,11.6258,159.653,105.926,31.5823,13.3021,165.491
17787_00029,9.0,517.0,424.62,590.0,1265.27,316983000.0,16320.8,31.5682,43.6989,1.30463,691.489,14.9033,8.23247,1.0,35.0,0.126507,0.0991162,2.65281e-07,0.516761,680.921,448.451,0.0,1142.49,1185.95,738.468,10.6464,2061.66,0.771654,0.420596,0.0,1.0,84.0136,34.8332,1.87165,164.972,77.7982,35.805,2.13078,176.166,107.16,30.036,15.8095,165.386,108.42,32.0576,20.2445,165.386
18454_01117,5.0,319.0,569.69,3105.68,1310.89,2319330000.0,22146.0,69.4232,113.172,0.332803,1186.93,11.4765,5.22981,1.0,20.0,0.0977349,0.0830312,0.0,0.479942,1936.13,1147.03,0.0,2832.06,3213.76,1917.12,7.77831,4863.35,0.687898,0.464834,0.0,1.0,77.852,30.5395,6.64559,164.836,71.8309,32.7122,5.29645,158.463,115.567,25.8989,49.6586,168.118,115.798,27.091,40.2842,161.668
18462_00023,13.0,487.0,3464.73,1057.18,2867.68,10503900000.0,56885.3,116.808,175.809,0.555518,2272.84,17.1273,10.8906,1.0,35.0,0.0789719,0.0563099,0.0,0.345197,2512.13,1449.32,0.0,3824.76,4909.87,2944.24,4.94361,8515.81,0.7173,0.451265,0.0,1.0,74.6179,33.4154,0.277939,173.237,66.3703,32.1293,6.76056,174.928,114.822,31.824,8.74876,171.306,118.812,29.9143,1.8856,175.761
18465_00213,4.0,360.0,1690.5,726.82,1503.96,1847900000.0,19142.6,53.1738,67.636,0.833232,459.659,15.3556,8.85389,1.0,34.0,0.118471,0.102076,0.0,0.680992,600.605,533.971,0.0,1746.8,1088.41,833.937,7.62266,2590.34,0.780899,0.414804,0.0,1.0,81.3798,33.1507,4.41803,158.67,78.4785,35.3108,11.116,160.972,103.287,30.2698,15.2387,162.094,102.391,32.1972,24.605,161.156
18457_00047,7.0,317.0,1446.65,2348.17,1552.22,5272860000.0,28444.8,89.7313,158.251,0.428765,2429.79,11.9338,6.9304,1.0,28.0,0.114421,0.0883275,0.0,0.586726,1465.97,1039.68,0.0,2606.47,2576.03,1815.93,8.30356,5034.27,0.709677,0.455383,0.0,1.0,75.5548,33.5331,4.47203,169.055,66.4851,32.8432,4.29455,166.622,115.022,28.3696,12.8306,173.668,117.575,28.4426,26.0655,163.958
18869_5019_x5442_y5910,9.0,971.0,714.15,762.27,1132.98,616766000.0,50715.1,52.2298,53.4137,0.953562,470.798,12.4727,5.31503,1.0,30.0,0.106287,0.0786746,0.0,0.619235,143.212,96.4332,0.0,718.241,391.854,193.822,13.8227,1221.91,0.723493,0.447736,0.0,1.0,80.6995,29.7134,1.96839,173.449,74.4739,31.2171,4.00215,172.471,111.519,26.3633,1.68839,172.871,114.23,26.0521,17.0591,168.549
17781_6028_x9772_y42888,4.0,232.0,4135.05,2174.58,3836.05,34493800000.0,49662.8,214.064,365.752,2.16491,3552.1,9.05172,4.44465,1.0,18.0,0.163373,0.117654,7.60346e-05,0.766273,1434.25,1463.07,0.0,3919.88,2504.53,2174.59,11.7817,6812.76,0.736842,0.442292,0.0,1.0,72.2253,29.7763,2.84131,149.735,71.8815,35.4725,5.87594,170.621,117.335,25.5688,37.3385,157.243,110.888,32.7431,32.2692,173.636
18454_01107,10.0,608.0,1402.22,2437.54,2562.87,8759810000.0,50413.0,82.9161,124.277,1.05215,1508.77,18.8651,12.4955,1.0,42.0,0.0793635,0.0599704,3.3251e-06,0.469993,1985.8,1052.56,0.0,2905.49,4744.4,2699.62,12.1542,8061.86,0.715719,0.451827,0.0,1.0,74.9269,29.6085,4.19888,171.859,65.9855,31.5474,4.91592,164.236,119.627,25.3215,13.6146,168.552,121.84,27.7779,18.2935,166.84
17781_5361_x17741_y11849,8.0,410.0,353.92,820.73,986.5,286551000.0,24105.9,58.7949,60.377,1.33476,424.308,12.9902,7.57359,1.0,30.0,0.15983,0.109171,1.40125e-06,0.856384,369.461,273.954,0.0,839.395,866.688,606.146,12.8333,2422.87,0.721393,0.449433,0.0,1.0,78.1118,33.2974,0.185167,168.287,70.7551,36.1652,3.6617,172.662,112.409,26.7659,23.0951,171.543,113.098,30.8108,16.2275,171.548
18457_00057,6.0,346.0,1315.65,1637.58,2198.48,4736580000.0,29549.7,85.4037,156.797,0.84325,2419.4,22.2832,16.6406,1.0,55.0,0.140043,0.0942333,0.0,0.501203,1773.4,862.457,0.0,2582.86,4062.48,2108.59,15.2885,6218.05,0.735294,0.44248,0.0,1.0,88.5532,36.964,19.3316,157.021,84.3798,42.0157,9.1685,176.31,101.815,35.2011,10.4306,164.991,102.173,37.3361,13.099,166.941
18465_00203,6.0,244.0,2094.53,900.13,1019.92,1922910000.0,12486.7,51.1748,76.4921,1.07218,943.266,10.0902,6.09527,1.0,24.0,0.129259,0.102196,1.40866e-05,0.602225,849.6,705.387,0.0,2031.18,1117.15,827.683,8.75317,2693.66,0.798319,0.402952,0.0,1.0,83.0292,33.8217,12.1316,162.158,83.7035,34.0262,12.9187,163.779,105.474,31.1367,29.4261,160.874,98.5247,31.0286,30.1954,161.407
18869_4625_x5853_y5391,7.0,351.0,3641.62,4523.56,3975.2,65483800000.0,35113.4,100.038,262.177,1.13653,2737.35,11.9858,5.80614,1.0,23.0,0.140382,0.123777,2.37041e-05,0.70796,2150.97,2317.45,0.0,6003.32,3343.02,3306.73,17.53,8391.97,0.69186,0.463073,0.0,1.0,83.5771,32.713,9.03516,169.958,80.1123,38.3188,7.11479,175.348,108.076,30.3797,18.9936,166.58,101.192,31.7782,6.69097,159.978
17545_00180,5.0,303.0,6827.74,5183.41,3108.53,110014000000.0,71087.1,234.611,577.812,1.2114,6378.17,9.41584,3.77759,1.0,19.0,0.148563,0.101778,3.13129e-05,0.775722,3096.92,1758.35,0.0,5008.2,8298.24,5199.31,17.4445,15104.5,0.751678,0.433497,0.0,1.0,67.4757,37.8453,0.336363,163.136,67.7663,38.7238,3.32994,174.94,116.89,35.961,0.988924,175.311,112.803,33.8973,14.1707,164.092
236174_3829_x16301_y26647,7.0,301.0,5469.12,3003.33,2578.88,42359600000.0,90504.4,300.679,554.995,2.62883,4853.14,10.2226,6.4203,1.0,26.0,0.130521,0.120026,6.67827e-05,0.759635,2713.71,2287.58,0.0,5489.9,4621.23,4060.4,10.3526,12574.6,0.707483,0.456474,0.0,1.0,67.4658,31.808,1.70102,165.803,72.9111,36.1769,2.62308,162.844,122.47,23.6187,26.3555,172.844,109.839,34.4997,4.48037,173.742
pre_18454_00579,4.0,196.0,1984.67,2455.58,1209.49,5894470000.0,25845.1,131.863,161.848,0.601411,1082.7,8.61224,4.01697,1.0,18.0,0.1591,0.124183,0.0,0.580167,447.318,522.688,0.0,2100.44,886.512,888.877,10.1163,3422.64,0.6875,0.465946,0.0,1.0,76.6094,37.468,2.89703,167.657,82.2114,40.395,13.4636,177.354,107.376,34.7625,10.9598,171.262,96.4103,34.4215,10.2018,162.378
18869_4587_x23021_y6827,9.0,567.0,3473.61,4278.91,3975.92,59095100000.0,52517.5,92.6234,229.566,1.07818,4087.67,13.7125,7.33019,1.0,30.0,0.133821,0.118515,4.28982e-06,0.900715,2566.28,2448.12,0.0,5750.75,3891.16,3396.43,23.3857,9779.19,0.716846,0.45134,0.0,1.0,87.6587,37.1351,9.24424,175.038,80.4081,39.409,5.53986,176.625,102.14,35.0469,1.26964,169.384,100.329,35.4196,7.77195,169.017
18454_00056,6.0,408.0,7010.55,4017.23,4081.63,114951000000.0,79602.3,195.104,394.564,1.01733,4243.28,13.9461,7.55338,1.0,31.0,0.114572,0.103299,3.18779e-05,0.738024,3131.78,1735.64,0.0,5224.78,7495.94,4899.36,6.24399,18311.6,0.741294,0.439017,0.0,1.0,71.0742,30.2401,5.75023,171.598,66.0278,34.6334,1.2538,170.441,119.508,27.0111,15.9052,170.4,114.758,31.1063,18.713,176.426
18454_00046,8.0,326.0,1850.18,2275.72,2080.98,8761950000.0,27271.7,83.6555,179.564,0.510695,2911.66,9.74847,5.54516,1.0,22.0,0.110658,0.0890493,0.0,0.600256,1936.95,1230.66,0.0,3010.66,3162.57,2025.87,17.5523,5860.0,0.698113,0.460527,0.0,1.0,73.4423,31.9069,5.03401,163.02,67.3157,32.379,5.72917,141.37,115.467,28.1652,35.2405,168.773,118.286,27.3858,35.5298,167.912
pre_18465_00367,3.0,57.0,1293.18,863.95,1138.13,1271570000.0,8115.41,142.376,161.372,3.77134,863.761,5.0,2.93987,1.0,12.0,0.12635,0.11989,1.39339e-05,0.581948,222.335,317.139,0.0,1200.0,459.617,506.486,35.8646,2625.23,0.740741,0.446576,0.0,1.0,76.4453,36.9962,24.9228,152.135,64.1651,41.5962,14.5943,161.704,91.1085,47.3905,5.91781,163.803,116.392,32.6281,22.5109,158.958
18465_00175,6.0,812.0,2808.14,2708.61,2020.6,15369000000.0,69336.9,85.3903,125.007,0.524523,2395.48,22.064,12.4424,1.0,45.0,0.11501,0.0879939,0.0,0.826348,2783.14,1412.38,0.0,3887.34,4655.5,2356.62,11.0568,7036.31,0.699752,0.458936,0.0,1.0,84.6497,37.4025,1.43161,171.997,76.665,38.5216,3.7567,177.765,103.457,35.4723,2.63405,168.926,109.832,33.7077,2.42929,169.509
18455_00007,3.0,323.0,1998.34,1870.75,1075.03,4018890000.0,26206.1,81.1335,104.824,1.06899,838.272,15.1734,8.18123,1.0,35.0,0.152036,0.114764,1.41442e-05,0.637801,570.871,637.749,0.0,1857.64,1033.17,819.35,15.6439,3310.41,0.725,0.447916,0.0,1.0,79.5537,36.5324,18.2655,164.502,82.795,37.3218,12.2532,163.272,108.663,35.7237,1.31783,169.841,96.9334,33.4904,19.5013,162.12
pre_18458_00367,2.0,36.0,778.75,389.03,740.63,224379000.0,4139.11,114.975,156.28,1.97322,757.859,3.88889,1.42984,1.0,6.0,0.168083,0.148918,6.17988e-05,0.821132,152.699,193.213,0.0,796.91,362.56,406.604,30.8164,1588.03,0.647059,0.492592,0.0,1.0,59.3591,26.4594,6.23481,95.4165,45.3821,28.8905,6.23481,103.069,114.319,38.9581,21.5511,152.652,127.242,34.6726,51.6251,162.514
18453_4497_x29287_y7176,3.0,203.0,874.8,1042.38,833.97,760475000.0,25903.2,127.602,144.165,2.47805,784.532,6.51724,2.34699,1.0,12.0,0.144773,0.109457,2.94295e-05,0.648744,208.533,185.012,0.0,733.159,530.504,400.352,17.1043,1760.82,0.69,0.464823,0.0,1.0,72.3517,36.5098,8.27747,166.285,65.3413,34.5388,12.7124,165.934,111.532,36.2519,1.79458,163.363,114.812,32.3212,19.1143,169.408
18455_00017,7.0,353.0,1999.17,3552.14,1869.01,13272400000.0,35477.2,100.502,263.355,0.931851,4020.38,11.5156,7.09156,1.0,29.0,0.0899179,0.0796741,0.0,0.530126,1800.11,1071.6,0.0,2847.58,6074.51,3821.85,11.9485,9230.12,0.739884,0.439971,0.0,1.0,72.5035,32.3948,2.11827,173.797,61.9331,29.6785,9.63352,157.084,116.02,29.8286,1.90646,159.43,122.717,25.1253,42.809,162.974
18464_00124,6.0,544.0,2280.68,2439.83,1602.58,8917510000.0,40061.1,73.6416,159.649,0.968424,3364.82,16.5882,9.01194,1.0,35.0,0.0941916,0.082573,0.0,0.788272,2410.4,1106.89,0.0,3143.98,4183.44,1901.7,3.18569,5715.01,0.717472,0.451068,0.0,1.0,80.0277,36.9459,0.564658,173.233,74.9987,37.1447,7.29533,177.277,110.238,31.4368,3.80446,167.9,111.99,32.796,3.80446,166.875
18463_00072,9.0,401.0,1740.35,2552.5,2950.87,13108500000.0,49474.0,123.377,171.593,0.476188,1857.69,12.1671,6.81172,1.0,28.0,0.0909464,0.0765614,0.0,0.544076,2001.58,1137.84,0.0,2958.28,4909.46,2850.44,9.64992,7421.61,0.714286,0.452911,0.0,1.0,72.1723,35.3199,6.82631,174.886,66.9039,33.89,2.67422,168.159,116.887,32.2298,2.86779,169.888,117.147,31.4305,27.8884,166.504
17545_00164,6.0,382.0,1835.43,2150.55,3031.19,11964700000.0,49226.9,128.866,174.434,0.615922,2054.23,11.5026,5.36331,1.0,20.0,0.14233,0.086368,0.0,0.603016,1997.2,1143.36,0.0,3086.56,4601.36,2682.12,9.61769,7046.39,0.723404,0.448509,0.0,1.0,69.2655,29.3678,0.344065,148.294,65.4805,31.7159,7.34247,153.932,115.324,29.7834,0.918799,172.718,116.781,29.5556,15.6924,167.333
18463_00062,9.0,377.0,1481.64,2419.57,2811.1,10077600000.0,47306.1,125.48,192.03,1.49661,2743.35,10.8408,5.70471,1.0,22.0,0.102199,0.0788734,4.26405e-06,0.482663,1873.83,1008.62,0.0,2875.89,4126.45,2305.29,14.7309,6371.75,0.717391,0.451496,0.0,1.0,76.9693,31.1344,5.74021,176.034,66.8483,32.9702,8.85304,169.793,113.106,29.2159,14.6334,164.514,114.792,30.7023,17.3138,171.963
17545_00174,8.0,336.0,3287.54,2840.6,2009.38,18764800000.0,36971.3,110.034,181.525,0.571922,1860.35,17.0238,11.4208,1.0,35.0,0.136577,0.110831,0.0,0.778806,1929.65,1362.36,0.0,3119.83,5393.62,3821.18,13.4905,9116.37,0.719512,0.450613,0.0,1.0,75.1979,41.1924,2.08906,175.739,76.7523,37.2556,17.1037,168.993,108.471,37.8891,1.45806,171.255,106.963,37.7408,21.953,166.244
pre_18464_00138,2.0,34.0,855.06,901.02,1648.0,1269660000.0,5998.91,176.438,302.013,1.35493,1441.62,3.82353,1.31358,1.0,6.0,0.124364,0.0949731,7.08832e-06,0.441095,158.067,214.788,0.0,928.219,411.908,568.155,38.359,2803.44,0.8125,0.403113,0.0,1.0,74.0251,36.9091,31.1042,160.407,70.172,45.5162,17.2967,163.681,117.238,27.8643,70.0882,155.896,116.138,34.6598,57.2149,165.306
17781_5894_x11460_y10079,5.0,301.0,3525.62,2716.82,4442.22,42549700000.0,63243.7,210.112,327.729,0.597154,2888.47,10.0963,5.57501,1.0,23.0,0.177649,0.141062,0.0,0.863281,566.537,528.301,0.0,3256.52,1395.99,1088.48,14.4833,6231.9,0.709459,0.455553,0.0,1.0,81.0041,34.8345,6.45231,164.367,81.1966,33.2024,11.5139,170.18,109.66,31.6423,12.3433,165.259,105.408,33.5402,16.8232,170.208
18458_00456,11.0,601.0,2488.62,3073.25,1377.92,10538500000.0,54279.9,90.316,124.801,0.488732,1517.41,16.2646,7.79625,1.0,32.0,0.106496,0.0835591,0.0,0.601323,2486.67,1261.71,0.0,3464.62,3911.19,1956.25,14.6502,5741.03,0.722034,0.448758,0.0,1.0,76.7913,36.2706,0.0476342,172.376,66.8188,30.5288,3.03238,164.066,112.821,32.2911,1.14091,173.751,116.889,30.0544,5.69592,172.298
pre_18864_00012,7.0,449.0,2911.63,2674.89,5163.33,40213500000.0,50221.1,111.851,272.572,0.700925,4254.29,9.23608,4.64378,1.0,22.0,0.122303,0.104239,0.0,0.691736,287.557,294.103,0.0,2819.1,691.047,695.975,12.5838,5390.48,0.737557,0.440961,0.0,1.0,77.2137,30.8454,3.19149,160.096,72.7445,34.0548,8.96266,161.75,113.644,27.6341,27.259,171.738,110.871,32.7886,14.2127,163.185
17781_6325_x14423_y8278,7.0,479.0,4031.35,3941.89,3452.5,54864200000.0,117742.0,245.808,353.9,1.11848,2632.6,10.5825,5.52031,1.0,28.0,0.186045,0.126439,1.16953e-05,0.750776,1508.71,1122.57,0.0,4430.91,2862.78,2050.61,14.9511,8026.94,0.728814,0.445517,0.0,1.0,77.9369,33.8389,1.42363,171.635,75.7199,33.3547,6.6892,160.722,110.15,32.1576,3.73976,167.857,104.67,33.4919,5.41825,161.443
18868_3977_x25824_y7160,7.0,231.0,4371.02,5906.53,2067.58,53379800000.0,26405.1,114.308,425.261,1.55892,5010.79,8.21212,4.96536,1.0,20.0,0.119455,0.0879464,6.7636e-06,0.498215,1270.98,1789.95,0.0,6528.3,2230.77,2995.85,16.1588,9169.34,0.732143,0.444833,0.0,1.0,78.723,26.9257,4.27699,164.442,76.8699,31.7719,10.6548,174.177,114.736,25.7925,10.8078,156.894,109.693,34.114,1.99614,163.535
18457_00162,8.0,460.0,2714.67,2524.97,2142.75,14687400000.0,38130.6,82.8927,137.581,0.506476,1887.17,15.0217,7.72594,1.0,33.0,0.0963052,0.0824985,0.0,0.49487,2465.44,1294.64,0.0,3569.79,4651.39,2423.05,13.1534,7063.13,0.699115,0.459661,0.0,1.0,79.116,37.8136,9.33802,177.195,72.3119,32.462,7.01894,170.058,112.361,31.9012,20.9865,172.722,114.5,30.2393,13.7213,163.717
18454_01032,7.0,221.0,668.08,3450.64,2057.26,4742600000.0,22051.7,99.7814,206.698,1.35807,2251.07,8.61086,4.18685,1.0,15.0,0.108821,0.0831295,2.18615e-06,0.46991,2104.16,1354.41,0.0,3201.19,4258.58,2698.84,11.6665,6467.29,0.691589,0.464011,0.0,1.0,73.8414,26.616,0.562004,158.694,61.7694,28.1629,4.93564,124.906,118.152,23.2633,12.4115,160.239,121.051,25.1044,48.039,169.033
18869_6241_x19347_y3562,8.0,614.0,783.71,350.07,729.13,200039000.0,39142.1,63.7493,57.3102,0.556368,353.181,8.56026,2.90448,1.0,16.0,0.109303,0.0804646,0.0,0.592195,141.076,83.9826,0.0,469.289,310.068,137.78,10.1515,800.525,0.69967,0.45916,0.0,1.0,76.0091,27.1748,2.35934,171.569,71.6668,28.8491,5.32213,168.742,117.918,21.9739,45.7799,165.583,117.912,24.4938,19.6523,169.675
18454_01022,8.0,1026.0,3561.9,3656.7,3450.74,44945200000.0,86667.2,84.4709,263.346,0.516457,4930.23,21.7271,15.5865,1.0,58.0,0.0865422,0.0736438,0.0,0.581868,2620.02,1033.78,0.0,3403.79,7468.08,3277.21,9.80813,11681.2,0.715128,0.451798,0.0,1.0,74.7311,32.9781,1.58145,175.381,67.1703,32.8226,3.3526,175.648,116.696,29.8785,2.55408,175.548,118.635,30.4469,3.17841,163.497
18465_00050,6.0,284.0,1320.23,2293.75,731.05,2213820000.0,15101.3,53.1734,105.942,0.985023,1611.11,12.4366,7.60831,1.0,31.0,0.153438,0.135103,0.0,0.831483,1117.2,827.287,0.0,2346.49,1754.21,1187.91,10.1613,3507.1,0.776978,0.417778,0.0,1.0,80.106,38.645,0.32775,163.733,81.3558,39.5712,6.7536,169.783,108.491,34.4014,5.85516,169.957,104.038,36.4815,7.12085,165.371
18457_00204,9.0,815.0,3789.45,1730.13,3182.43,20864800000.0,67870.7,83.2769,133.047,0.481952,2280.32,15.211,8.34614,1.0,38.0,0.106714,0.081867,0.0,0.577093,3136.81,1433.58,0.0,4245.0,5039.28,2410.27,13.5511,7877.9,0.709677,0.454475,0.0,1.0,78.6394,31.9748,0.641142,171.168,72.9109,34.296,3.55183,167.901,111.675,29.3852,12.1713,165.815,113.162,30.5831,26.2809,172.662
18465_00128,9.0,415.0,1363.41,2686.05,2078.32,7611200000.0,35825.3,86.326,164.321,0.436403,2340.02,10.5566,4.67918,1.0,20.0,0.118046,0.0914793,0.0,0.553128,1950.92,979.464,0.0,2828.13,4586.2,2256.81,8.37212,6309.22,0.694581,0.461723,0.0,1.0,77.2119,34.3055,0.643088,169.086,65.9615,30.2167,8.07618,165.744,115.314,28.3791,9.54514,171.605,117.734,27.3902,13.8932,169.874
17302_00040,7.0,523.0,2216.69,3344.55,2511.71,18621400000.0,57145.2,109.264,284.541,0.51486,5973.5,20.2161,13.0842,1.0,50.0,0.128941,0.0977294,0.0,0.63077,1699.71,1013.53,0.0,2763.31,6916.06,4223.58,8.56515,10771.5,0.693798,0.46181,0.0,1.0,74.8107,37.089,1.70144,166.701,73.5547,37.8087,5.17312,169.169,109.266,34.7608,4.03441,168.003,110.775,34.7647,4.93732,168.838
18867_6007_x18415_y4843,13.0,1383.0,4789.62,5971.54,3480.6,99550000000.0,123380.0,89.2117,197.458,0.285295,2880.64,17.6652,9.40964,1.0,42.0,0.117668,0.100864,0.0,0.717467,1933.94,1645.91,0.0,5663.12,5669.04,4824.95,16.535,12884.5,0.735766,0.441246,0.0,1.0,82.7693,31.9785,1.72471,173.38,76.668,34.3697,4.15488,176.134,108.65,29.1791,0.02194,172.083,106.925,31.5442,11.6042,170.814
18465_00040,5.0,297.0,4077.68,2737.31,1681.54,18769100000.0,21161.7,71.2514,177.535,0.885501,2087.23,10.8586,6.10661,1.0,26.0,0.164623,0.133125,0.0,0.776664,1716.66,1659.48,0.0,4346.43,3159.39,2814.5,9.873,7852.27,0.746575,0.436469,0.0,1.0,85.0131,36.1302,3.68708,167.815,82.1002,37.816,2.46489,164.413,105.158,29.0504,38.8812,161.33,100.349,33.2907,23.1743,176.655
17302_00050,4.0,356.0,1891.67,1498.28,655.61,1858160000.0,24010.2,67.4445,95.6358,0.64045,1020.04,10.0618,4.18065,1.0,19.0,0.150993,0.104433,0.0,0.524725,383.778,514.999,0.0,1813.83,680.63,615.761,6.93717,2313.9,0.715909,0.452267,0.0,1.0,82.4369,33.9927,4.14734,161.493,84.579,38.1626,5.26082,168.835,106.646,31.3452,22.0755,159.098,99.9331,34.1187,12.1129,158.448
18454_00163,11.0,529.0,1756.93,3331.49,1205.94,7058600000.0,45100.1,85.2554,182.019,0.791807,3830.42,17.9338,13.053,1.0,48.0,0.0901395,0.0749446,0.0,0.571961,2352.39,1241.27,0.0,3346.03,4484.28,2372.53,9.01909,6963.65,0.733591,0.442937,0.0,1.0,74.3524,32.509,8.33562,171.766,66.8221,36.1336,1.26196,174.106,114.582,30.0002,3.60836,170.839,117.794,32.5736,14.9398,170.657
191812_5154_x9610_y25921,10.0,582.0,5569.93,4308.76,10124.1,242974000000.0,145117.0,249.343,439.63,1.35653,5232.02,11.4021,6.43569,1.0,25.0,0.133987,0.100646,4.1202e-05,0.786528,2295.24,2807.15,0.0,9416.81,3806.18,4384.93,15.901,15118.1,0.723776,0.447913,0.0,1.0,64.282,31.9637,1.18706,168.617,65.5043,34.1292,3.33869,169.454,120.45,27.6846,4.70068,170.052,113.944,30.316,5.43477,171.355
18454_00111,5.0,177.0,4714.08,1676.59,1661.25,13129800000.0,15589.6,88.077,273.384,1.29721,3174.53,7.71186,4.82318,1.0,20.0,0.122249,0.0940038,1.00161e-05,0.417885,1462.31,1786.98,0.0,4753.82,1945.59,2283.87,10.2291,6637.44,0.72093,0.451173,0.0,1.0,68.4663,30.9285,0.862361,140.467,67.9791,33.7339,5.54951,151.523,117.627,24.721,59.3705,166.748,118.782,30.1626,27.7723,170.485
18454_00069,9.0,393.0,1755.91,2171.58,2906.66,11083400000.0,34584.4,88.0009,185.556,0.537196,2433.15,16.1094,8.79388,1.0,31.0,0.112213,0.104396,0.0,0.604329,2086.82,1092.76,0.0,2858.66,5658.52,3231.06,9.69869,9230.18,0.739583,0.440009,0.0,1.0,74.4888,34.0973,3.4758,173.301,73.1406,33.6515,3.16955,173.081,115.767,28.8746,26.8155,170.495,113.878,28.5875,30.282,164.947
18454_00101,8.0,510.0,4608.15,1644.75,1219.59,9243580000.0,55325.8,108.482,188.198,0.435904,3212.7,26.7882,18.4266,1.0,60.0,0.10848,0.0974921,0.0,0.899471,2893.31,1865.7,0.0,4413.88,6063.05,4031.15,7.09853,11004.0,0.729084,0.445321,0.0,1.0,76.6918,36.9469,2.54433,173.413,68.9228,40.2712,3.70492,175.88,113.955,32.9937,2.01481,170.984,113.517,38.2345,8.28087,168.439
18465_00032,6.0,180.0,1793.87,2160.87,441.58,1711710000.0,12122.5,67.3472,180.038,0.824282,2337.38,8.83333,5.19615,1.0,21.0,0.144083,0.129065,0.0,0.719819,1340.86,1045.63,0.0,2414.97,2112.2,1566.29,15.1302,3851.78,0.781609,0.415549,0.0,1.0,78.9403,37.6134,4.82183,162.622,81.0638,39.0829,6.93279,154.82,109.525,35.1783,25.1905,169.39,103.664,37.7041,11.3584,167.575
18869_4001_x4383_y7249,7.0,803.0,679.63,947.15,1092.25,703094000.0,45515.5,56.6819,55.3528,1.17988,555.557,10.7684,4.2463,1.0,22.0,0.105831,0.0794306,9.41675e-06,0.504947,165.558,178.108,0.0,995.254,347.07,243.914,11.8581,1614.05,0.741206,0.438523,0.0,1.0,79.0986,25.4425,19.3324,163.359,71.4869,30.9379,6.66817,177.392,115.804,23.8807,11.997,159.744,116.684,26.6319,11.4018,166.305
17109_2601_x10213_y8783,5.0,393.0,7993.93,4992.34,6545.18,261208000000.0,121107.0,308.161,422.656,2.65706,3980.89,10.2519,4.35072,1.0,20.0,0.134713,0.114601,7.85558e-06,0.739539,3734.07,2279.47,0.0,7124.75,6280.16,3869.2,13.7325,12162.6,0.716495,0.451866,0.0,1.0,67.2858,33.0379,0.160877,165.032,71.4655,39.7721,3.00253,175.634,119.47,30.5116,6.84839,170.743,110.659,37.6311,12.431,169.151
17302_00032,5.0,269.0,940.15,1029.4,1144.37,1107510000.0,23567.6,87.612,92.4106,0.895071,450.341,10.0706,4.88512,1.0,22.0,0.169524,0.104818,0.0,0.643837,326.043,216.678,0.0,818.761,758.859,578.515,17.1324,2407.17,0.704545,0.457985,0.0,1.0,76.323,28.7595,13.2498,146.905,81.2729,36.7239,1.73079,167.202,108.814,30.4128,12.6402,160.918,102.072,35.5022,8.35358,166.725
18454_01050,5.0,361.0,2625.73,4116.69,3439.98,37183900000.0,35436.1,98.1611,468.253,0.723034,7924.08,14.0416,8.5317,1.0,34.0,0.115594,0.107239,0.0,0.657779,3054.2,1548.06,0.0,4047.9,10477.1,5296.15,5.9837,14209.1,0.730337,0.445037,0.0,1.0,76.1032,37.2002,1.27275,169.231,71.7596,36.4839,4.55824,171.003,111.653,36.4807,1.02869,173.582,112.152,32.2098,4.99784,166.948
18453_2713_x27713_y9899,6.0,540.0,3584.31,3930.55,3799.4,53527100000.0,81463.7,150.859,230.38,1.42994,2229.51,12.0556,6.83605,1.0,31.0,0.126531,0.0988063,1.86956e-05,0.647101,532.138,598.959,0.0,2639.31,1022.87,1134.26,16.9628,5681.58,0.71161,0.453864,0.0,1.0,76.7056,33.3678,1.0444,160.105,74.9953,33.4558,2.41038,166.512,111.098,30.7452,16.9198,172.704,107.765,32.2622,4.214,170.458
18457_00078,7.0,449.0,971.58,385.87,820.95,307777000.0,16863.1,37.5571,55.2546,0.803098,920.04,10.8396,5.56986,1.0,24.0,0.143368,0.129902,0.0,0.802782,445.13,311.717,0.0,875.02,1059.0,678.203,11.5997,2211.89,0.733032,0.44338,0.0,1.0,75.6625,34.1823,7.95519,159.509,77.1843,38.1735,4.52993,175.013,110.192,32.7179,13.529,163.945,104.969,34.8979,13.3541,164.485
18868_2601_x23273_y17306,5.0,1101.0,516.34,671.69,522.76,181304000.0,37015.5,33.6199,30.0904,0.810803,259.946,17.2416,7.31709,1.0,35.0,0.14767,0.127196,0.0,0.815878,198.39,74.5242,0.0,438.492,658.951,340.338,8.60674,1499.94,0.742701,0.437545,0.0,1.0,86.4829,33.4124,1.37395,173.527,83.504,37.4537,8.67553,172.153,105.799,27.5825,12.6508,168.646,100.53,30.6228,13.0822,164.896
18457_00110,7.0,1369.0,4789.26,4487.47,3333.26,71637300000.0,160517.0,117.251,173.94,0.290464,2459.15,24.0183,9.54003,1.0,48.0,0.113777,0.0797037,0.0,0.722246,3156.33,1445.47,0.0,5072.11,6565.25,2916.59,14.2129,10898.9,0.74743,0.434806,0.0,1.0,73.6991,29.993,0.141853,172.64,67.1408,32.221,0.946274,178.14,117.052,27.8773,19.639,173.482,115.591,29.6613,6.0382,169.334
236174_3447_x12562_y10626,6.0,296.0,6273.87,4903.59,9491.62,292005000000.0,115806.0,391.235,632.261,1.43278,5896.22,8.83108,4.02936,1.0,16.0,0.137311,0.113698,1.77768e-05,0.623627,3645.09,2330.26,0.0,8026.45,6231.29,4083.04,13.3522,13108.2,0.737931,0.441284,0.0,1.0,67.8869,29.5397,1.41048,171.814,61.9534,36.096,4.47736,174.001,122.318,25.7139,8.83007,173.431,117.48,33.5806,6.69437,173.58
18457_00068,9.0,425.0,1299.77,2239.97,1658.04,4827290000.0,29861.4,70.2622,185.484,0.560582,3672.91,16.8118,10.7485,1.0,38.0,0.110364,0.0972945,0.0,0.766142,1819.08,930.162,0.0,2575.23,3992.64,2095.89,22.751,5848.06,0.701923,0.458517,0.0,1.0,71.2034,38.0237,0.535825,166.048,72.0828,35.1495,7.21066,165.051,115.973,32.8051,5.49098,173.233,114.681,30.1708,33.8378,167.58
18454_01040,5.0,247.0,836.24,3019.45,1275.07,3219540000.0,22805.9,92.3316,173.729,0.502066,2193.62,10.0202,5.82359,1.0,21.0,0.0910185,0.0756619,0.0,0.532253,1507.14,1210.96,0.0,2839.05,2756.19,2165.47,13.3607,4970.57,0.719008,0.451352,0.0,1.0,70.2719,26.7573,11.579,134.504,57.576,29.4216,3.31263,143.352,122.003,24.8933,4.46637,168.007,128.889,26.0236,47.9353,165.88
18868_4523_x15124_y15767,5.0,503.0,1297.63,1553.22,1560.66,3145520000.0,26858.6,53.3968,93.476,0.827305,986.553,19.9463,14.602,1.0,53.0,0.142862,0.11258,0.0,0.689046,685.555,293.526,0.0,1433.57,2142.5,1176.06,13.3821,4371.3,0.718876,0.450454,0.0,1.0,86.3837,32.2622,0.367381,171.578,84.9236,36.602,6.37648,162.676,105.257,27.6985,14.9445,159.556,98.345,33.3113,12.7879,161.971
18458_00424,6.0,360.0,1018.69,2840.17,1624.71,4700700000.0,27743.4,77.065,156.502,0.668614,2093.21,12.1444,6.03437,1.0,24.0,0.130587,0.103222,0.0,0.75342,1944.14,1065.41,0.0,2795.78,4182.65,2249.54,13.7376,5892.29,0.711864,0.454179,0.0,1.0,78.5288,35.2274,0.125697,162.691,71.9754,35.15,6.14104,165.455,109.834,33.1302,1.58808,166.473,113.128,29.515,3.61474,166.334
pre_18864_00060,8.0,380.0,2127.73,3539.32,4198.7,31619200000.0,51364.9,135.171,235.155,0.809284,2477.19,9.83158,5.97029,1.0,25.0,0.141716,0.110151,0.0,0.599138,672.061,1016.36,0.0,3783.41,1182.21,1613.55,7.65193,5926.12,0.704301,0.457588,0.0,1.0,77.2615,34.2337,6.4463,165.26,71.3663,33.4521,9.87941,161.5,115.236,29.311,24.0585,166.523,115.704,27.8132,42.1574,167.975
18465_00285,7.0,101.0,1654.63,2754.59,1250.81,5700970000.0,14419.0,142.763,375.693,3.08425,3453.02,5.49505,3.40183,1.0,15.0,0.18147,0.164055,0.00010823,0.763547,166.978,157.773,0.0,583.255,512.575,643.224,17.6761,5271.49,0.787234,0.413688,0.0,1.0,84.2957,29.7754,38.7053,164.885,84.1284,41.1604,14.6535,165.817,103.529,29.74,28.0418,149.469,100.861,38.2198,13.8996,164.282
18864_6104_x9372_y1806,8.0,536.0,2625.79,4069.8,10250.8,109545000000.0,86925.1,162.174,255.829,0.785072,3009.19,13.1343,10.8807,1.0,42.0,0.132225,0.0994858,0.0,0.574413,1874.08,3382.59,0.0,9998.99,2974.82,5054.63,16.5299,15379.2,0.719697,0.45,0.0,1.0,78.8915,32.1228,3.8195,172.316,77.3247,35.5863,7.80789,173.168,112.134,31.705,5.39301,170.265,108.962,33.4827,10.8374,165.655
pre_18864_00108,7.0,583.0,805.06,3096.14,1530.87,3815810000.0,58023.5,99.5257,156.753,0.314095,2369.84,10.5678,6.80624,1.0,29.0,0.128043,0.095462,0.0,0.634769,273.278,247.563,0.0,1322.7,769.569,974.823,19.8692,4796.6,0.697917,0.45996,0.0,1.0,73.0202,30.0281,4.20169,161.488,71.5083,35.3702,7.10151,167.246,116.764,27.0308,9.59589,166.623,113.332,31.5811,9.59589,172.893
182725_4390_x5078_y18459,7.0,559.0,7426.48,6100.93,4429.7,200703000000.0,78827.1,141.014,260.71,0.775215,3418.37,12.7639,7.04222,1.0,28.0,0.144413,0.112537,0.0,0.64454,2759.01,2955.33,0.0,7800.39,4767.4,5390.23,8.79883,16275.1,0.73913,0.439907,0.0,1.0,76.1764,36.3826,0.202323,167.974,72.3587,35.7209,4.94655,172.028,104.837,34.915,0.126638,171.846,110.369,33.1891,11.8099,166.094
18463_00010,4.0,160.0,1557.98,2628.07,770.74,3155780000.0,20785.5,129.909,199.177,1.06608,1856.2,8.9875,4.48195,1.0,19.0,0.135345,0.103597,0.000133387,0.475385,645.353,863.014,0.0,2331.66,1103.53,1140.54,11.3644,3610.98,0.717949,0.452911,0.0,1.0,80.594,34.2017,19.9373,157.227,83.9365,36.8544,22.2281,173.936,111.426,31.696,27.5538,158.078,102.57,35.2618,17.5602,160.444
18869_4419_x16667_y10498,4.0,606.0,1778.46,1953.72,1916.26,6658260000.0,34698.1,57.2577,106.106,0.920469,1112.37,20.7426,10.7359,1.0,49.0,0.112569,0.0998591,0.0,0.672507,1390.38,530.865,0.0,2492.53,3524.22,1540.32,10.6247,6159.16,0.760797,0.427307,0.0,1.0,81.5614,33.9044,11.6565,172.906,78.1815,38.7738,7.15065,175.905,109.818,29.3227,3.56223,170.93,110.272,32.2326,3.56223,168.181
17781_6270_x9494_y43380,5.0,281.0,2864.12,2476.95,3526.32,25016700000.0,65646.5,233.618,300.991,3.10619,2108.64,9.14947,4.19171,1.0,20.0,0.161342,0.119071,2.15266e-05,0.793172,1894.4,1488.35,0.0,3791.72,2924.46,2137.04,15.6994,6522.9,0.695652,0.461807,0.0,1.0,78.1566,29.6827,13.3768,159.163,72.7454,30.7033,2.75555,166.943,111.282,28.036,16.6786,165.287,105.427,30.2369,28.6632,159.057
17545_00116,7.0,419.0,2247.12,1715.44,1465.28,5648360000.0,45895.4,109.536,129.338,1.20586,806.789,9.59666,4.60726,1.0,24.0,0.210403,0.128816,3.4911e-05,0.723379,416.719,441.054,0.0,1878.1,980.237,779.052,13.5571,3742.99,0.737864,0.440868,0.0,1.0,76.4691,34.0165,2.89232,175.885,81.8474,36.5959,6.07082,173.844,105.033,32.5784,7.81555,164.818,95.3377,34.2309,6.18639,167.978
18864_00114,6.0,230.0,744.7,1039.5,943.59,730448000.0,30016.5,130.506,157.178,1.48087,797.023,6.64348,2.8011,1.0,13.0,0.149646,0.113268,4.42242e-06,0.585289,185.947,180.644,0.0,711.175,510.587,421.412,13.9463,1994.62,0.75,0.434959,0.0,1.0,80.2633,33.6594,6.03348,167.591,73.8566,35.5196,9.35885,159.846,111.04,30.9889,18.9887,166.318,106.186,34.704,20.7304,170.52
236174_5840_x15240_y29741,7.0,499.0,5408.33,4758.01,4681.93,120480000000.0,169180.0,339.039,392.601,1.87942,2667.49,11.4689,5.15664,1.0,20.0,0.164348,0.136141,6.17664e-06,0.807552,2695.71,2020.91,0.0,6355.27,4460.53,3060.27,13.6428,9598.49,0.674797,0.469406,0.0,1.0,67.9461,27.9287,1.44273,171.568,76.2978,37.9249,3.97404,176.599,121.253,24.5649,32.0452,172.229,105.977,34.2164,6.48276,170.535
pre_18455_00241,2.0,48.0,784.45,672.88,344.06,181609000.0,2992.11,62.3356,90.6611,2.74145,527.923,6.125,3.50456,1.0,13.0,0.173928,0.138961,7.85885e-06,0.824822,360.206,324.672,0.0,799.397,713.836,562.698,34.3844,1729.58,0.73913,0.448978,0.0,1.0,72.4549,29.1968,30.0884,127.854,59.1802,39.0994,3.7728,168.952,116.046,28.7433,52.04,161.349,118.361,25.9477,45.506,152.486
18458_00049,5.0,437.0,3225.13,4102.65,2343.1,31003000000.0,62552.0,143.14,412.069,0.991464,8087.62,12.9588,5.95573,1.0,25.0,0.107962,0.0899782,0.0,0.596493,1947.19,1014.51,0.0,2762.14,8789.58,4673.23,14.0033,12559.7,0.703704,0.457684,0.0,1.0,71.4307,31.3846,6.10734,161.116,68.3682,29.4052,6.77781,163.085,117.711,30.5374,5.24698,167.817,118.469,29.2291,23.7218,168.362
18867_5486_x20836_y5690,8.0,902.0,4475.49,6501.4,3550.78,103317000000.0,122538.0,135.851,249.461,0.705638,2755.99,18.051,10.0956,1.0,46.0,0.123515,0.096794,0.0,0.702173,2026.16,1911.57,0.0,6340.79,4990.65,4667.05,9.59459,13543.9,0.720358,0.449326,0.0,1.0,80.0146,30.7319,2.73355,174.825,72.8028,35.5659,6.76468,171.301,111.498,28.8981,0.306305,171.289,110.937,32.2918,18.0037,169.485
18458_00121,9.0,491.0,1522.42,1786.52,2335.37,6351820000.0,39609.6,80.6713,112.249,0.646749,1677.99,22.5886,17.0976,1.0,60.0,0.114906,0.0955542,0.0,0.630524,2075.19,990.339,0.0,2865.79,3681.46,1913.5,3.28372,6727.63,0.721992,0.44895,0.0,1.0,77.6611,38.1631,0.398363,167.892,70.8942,39.2716,5.41811,176.941,110.465,35.8009,2.93763,175.361,115.972,33.3058,7.49197,171.823
17109_2601_x9498_y8169,6.0,216.0,3086.88,3330.26,8696.66,89402600000.0,73808.4,341.706,625.808,1.8204,6865.23,8.84259,4.42858,1.0,18.0,0.137999,0.128309,1.44154e-05,0.735771,2237.54,2726.94,0.0,7813.64,3563.23,4134.57,10.3854,11741.1,0.714286,0.453921,0.0,1.0,60.6362,27.0482,6.30324,141.789,64.2592,31.8381,5.25094,170.898,124.752,25.0834,45.2688,168.501,115.759,28.4033,33.4031,165.368
17109_2401_x9954_y9122,5.0,249.0,4061.0,4492.12,6603.46,120463000000.0,84396.2,338.941,488.733,1.51495,3145.62,11.7229,6.49562,1.0,22.0,0.133007,0.130014,6.57476e-06,0.815731,2163.61,2238.02,0.0,5863.27,3733.44,3663.03,13.4217,10305.0,0.713115,0.454173,0.0,1.0,59.5622,30.4437,6.20651,156.968,65.2371,33.6787,2.80751,162.843,127.386,30.8133,5.7994,166.156,115.679,35.6702,15.819,170.782
18455_00043,5.0,341.0,2895.67,3420.18,1736.82,17200900000.0,38605.5,113.213,333.651,1.0988,5822.31,9.75073,5.11854,1.0,21.0,0.0967452,0.084728,3.1921e-06,0.490263,1807.38,1181.83,0.0,2931.2,5776.78,3836.21,12.524,9196.66,0.714286,0.453104,0.0,1.0,78.7858,29.2853,2.45025,152.31,65.5786,30.2406,11.3145,154.148,115.65,27.6568,30.9753,170.218,121.191,24.2221,36.0626,163.497
pre_18864_00046,8.0,394.0,1049.35,1869.01,2911.55,5710270000.0,36491.1,92.617,158.589,0.774295,2455.81,8.37056,3.79497,1.0,20.0,0.127137,0.103306,0.0,0.728996,238.681,176.948,0.0,1159.69,557.12,434.203,12.711,3978.61,0.73057,0.444818,0.0,1.0,81.0452,33.0297,18.3855,177.802,76.2026,32.6452,9.30749,165.768,109.696,30.407,22.9211,165.406,105.196,30.4477,28.329,165.707
191803_8254_x7045_y21580,8.0,462.0,3562.99,3463.77,8382.32,103449000000.0,77181.8,167.06,369.479,1.30057,5816.56,14.5628,8.83761,1.0,33.0,0.129965,0.0995842,6.89651e-06,0.964249,2810.97,2865.29,0.0,6968.09,6981.66,7237.3,10.553,17695.1,0.770925,0.421166,0.0,1.0,76.9568,38.9449,0.141964,176.626,71.4758,40.4744,1.41438,168.989,109.398,34.2983,6.48921,168.94,111.41,35.5023,12.5056,173.412
17109_7001_x5738_y6470,6.0,456.0,2471.41,4072.34,8446.08,85005000000.0,155962.0,342.022,489.766,1.45684,6034.21,13.193,6.44623,1.0,24.0,0.159205,0.120473,5.94435e-05,0.710571,3186.12,2704.19,0.0,7697.12,5842.83,4760.46,22.6562,15334.7,0.688889,0.46398,0.0,1.0,70.5987,31.7942,0.601337,166.064,73.7089,42.4085,4.74212,169.392,117.44,29.4086,2.86399,165.22,103.505,41.4035,6.33371,172.93
18463_00036,4.0,562.0,3372.52,3182.15,2487.03,26690500000.0,50331.5,89.5579,152.839,1.20638,2281.71,19.6121,12.3889,1.0,41.0,0.101074,0.0926122,2.60363e-06,0.589001,2746.1,1663.11,0.0,4150.1,5123.39,3193.27,7.02534,8630.33,0.695341,0.46109,0.0,1.0,78.4889,32.3436,4.11403,162.77,71.3303,33.9543,2.78092,166.953,111.732,31.4286,0.0980051,173.435,116.158,31.2575,10.8416,171.336
17545_00120,7.0,339.0,1154.73,1439.54,1236.13,2054790000.0,41672.0,122.926,136.902,2.76198,851.516,8.17404,3.89383,1.0,21.0,0.215479,0.121299,1.78896e-05,0.884724,304.989,286.294,0.0,1069.58,774.042,635.511,20.3166,2726.97,0.692771,0.462741,0.0,1.0,80.9139,33.8829,6.69921,168.824,84.2008,38.4876,4.24675,170.439,108.915,28.968,18.1307,175.371,97.9938,32.2184,17.2326,161.696
17545_00058,8.0,566.0,2036.64,2304.04,1868.0,8765590000.0,42844.0,75.6961,117.553,0.169871,2175.04,13.8693,8.33378,1.0,32.0,0.130579,0.0949922,0.0,0.580146,2080.29,1204.85,0.0,3096.01,3383.25,1956.6,17.2603,5584.2,0.713262,0.453051,0.0,1.0,75.7807,35.2958,2.18896,175.164,67.5863,33.3294,8.68586,168.385,111.809,31.6245,1.42517,168.747,118.012,28.7905,9.85316,170.505
17545_00130,7.0,265.0,4186.88,1394.16,1416.78,8270000000.0,16887.8,63.7275,149.392,0.959031,1815.47,12.7509,6.82619,1.0,25.0,0.176797,0.128881,0.0,0.592445,2804.55,1791.67,0.0,4192.32,3940.39,2448.81,17.7905,6017.11,0.790698,0.408397,0.0,1.0,83.3239,35.8155,4.76353,169.057,84.9155,35.7938,16.8255,173.307,105.993,34.3653,8.66567,166.669,99.2953,34.8027,13.2294,161.45
18869_4457_x17404_y9449,5.0,793.0,629.61,1033.9,766.77,499132000.0,30613.1,38.6041,47.8974,0.46711,545.089,12.2005,4.83609,1.0,31.0,0.0994316,0.0957802,0.0,0.768588,634.498,193.761,0.0,917.18,1287.71,446.941,17.8416,2168.74,0.713198,0.452843,0.0,1.0,79.1597,32.8166,8.22051,160.668,73.3504,39.7628,1.35586,171.592,115.317,28.0271,15.7937,163.901,112.945,34.4167,17.1522,174.178
17545_00048,4.0,510.0,1364.12,1156.98,1295.92,2045300000.0,43779.2,85.8415,108.41,0.919315,861.754,10.1843,4.08088,1.0,20.0,0.20592,0.127132,0.0,0.779618,361.203,239.622,0.0,1121.17,977.209,569.561,12.6742,2522.42,0.762846,0.426181,0.0,1.0,80.6766,35.8087,2.60631,167.049,90.9246,36.1387,6.50642,173.976,98.8691,34.8655,2.20303,168.63,89.3397,32.1681,3.73216,159.637
18457_00126,7.0,727.0,2387.54,2797.01,1829.58,12217900000.0,47269.4,65.0198,113.467,0.261922,2146.0,14.9202,6.99777,1.0,29.0,0.112053,0.0945825,0.0,0.694666,2368.88,1117.11,0.0,3142.88,4346.03,2068.16,12.792,5959.74,0.711111,0.453877,0.0,1.0,77.7541,35.8992,1.89177,177.513,70.7268,35.5574,2.12554,169.098,109.193,33.5314,2.40488,173.546,114.424,30.7599,18.3276,175.928
191812_3762_x9097_y24261,10.0,794.0,4799.21,4432.55,9754.05,207495000000.0,156757.0,197.427,356.975,0.931295,6653.3,11.7884,5.39072,1.0,25.0,0.132431,0.0967681,0.0,0.587375,1935.95,2059.56,0.0,8617.0,3191.38,2905.24,14.6601,12045.4,0.727041,0.446049,0.0,1.0,68.6501,31.9531,1.38913,164.273,65.4943,33.6114,1.72876,162.314,121.119,25.9753,20.3724,169.72,115.385,28.4479,12.3054,167.401
18868_3715_x8453_y8977,7.0,505.0,6958.6,4891.11,3362.2,114433000000.0,59024.7,116.881,283.761,0.755492,3522.34,11.2653,5.69956,1.0,24.0,0.130604,0.0972411,0.0,0.654029,1817.33,2268.25,0.0,6746.28,2715.91,3173.93,16.5068,10855.8,0.714859,0.452391,0.0,1.0,75.9764,29.9481,2.57825,167.8,69.5268,34.7548,7.62057,173.94,112.593,28.5489,6.8206,159.795,112.5,32.326,12.3878,173.656
pre_17543_01241,10.0,120.0,1698.26,1169.64,5515.63,10956000000.0,14381.8,119.848,548.742,2.68503,5926.1,4.0,2.16154,1.0,10.0,0.086285,0.0554642,1.49897e-05,0.267625,138.823,608.43,0.0,4778.87,286.599,993.114,19.3681,7253.94,0.781818,0.416818,0.0,1.0,68.383,29.861,11.2231,168.025,53.7116,23.6586,15.2495,118.922,119.624,32.6174,17.7196,164.526,135.607,20.0307,83.588,165.906
18457_00136,6.0,1258.0,5726.43,3967.1,3899.49,88586000000.0,163606.0,130.052,217.413,0.472085,2747.81,51.1017,33.926,1.0,127.0,0.127837,0.0881404,0.0,0.579775,4295.12,1914.73,0.0,6052.39,16214.6,9635.09,16.7539,31541.6,0.752396,0.431966,0.0,1.0,77.7782,35.9802,1.05273,173.264,72.9891,38.9954,1.71829,177.465,110.495,33.6718,0.892891,172.359,109.036,36.2514,4.52752,170.28
18454_01066,6.0,776.0,3483.32,2307.39,2560.42,20579100000.0,70693.8,91.1002,137.758,0.712401,2796.19,15.6314,8.77391,1.0,40.0,0.0782236,0.0609015,0.0,0.551877,2818.06,1514.11,0.0,4076.29,4234.84,2271.31,13.5864,6696.14,0.72987,0.444604,0.0,1.0,74.5075,28.3143,2.11208,157.672,63.6243,29.9178,2.56838,172.627,118.289,26.7281,0.956726,169.716,123.972,24.5165,25.7371,169.775
182724_2383_x9300_y17890,8.0,414.0,8997.68,3548.37,3692.37,117887000000.0,73179.8,176.763,298.416,1.30155,2434.51,12.1401,6.52762,1.0,26.0,0.115273,0.100385,6.78932e-06,0.820386,2308.59,2851.59,0.0,8359.42,3344.47,3934.74,9.49725,12358.0,0.724138,0.448053,0.0,1.0,79.0593,32.8218,3.06839,169.155,72.5493,35.8514,4.82503,167.293,111.055,28.689,1.07781,160.395,109.284,32.677,6.64177,172.726
18458_00386,8.0,330.0,1327.29,520.4,826.6,570950000.0,13559.0,41.0878,72.3948,0.752698,1183.75,10.4,7.16696,1.0,29.0,0.162932,0.147583,0.0,0.851717,492.792,538.816,0.0,1259.75,911.74,909.659,4.94961,2350.27,0.708075,0.456067,0.0,1.0,86.6184,34.4917,0.627133,172.987,84.7365,37.6441,13.963,176.995,108.626,29.9856,1.27035,171.83,105.247,31.4642,22.1516,161.337
18869_5754_x7159_y3959,8.0,352.0,2718.63,5726.81,3411.41,53112500000.0,53191.3,151.112,276.698,1.20639,2808.99,10.642,5.44564,1.0,22.0,0.112169,0.0951647,9.01574e-06,0.606034,1537.24,1482.33,0.0,5529.35,3712.6,3558.08,18.7022,8682.33,0.738372,0.440804,0.0,1.0,74.1946,30.539,7.89759,169.658,69.9991,34.4504,4.56318,171.199,117.799,27.1927,22.9766,162.258,113.548,30.4626,11.0449,172.8
18454_00137,14.0,498.0,2028.23,1716.35,2359.97,8215410000.0,39134.6,78.5835,114.895,0.427303,1894.24,15.3815,7.73368,1.0,33.0,0.113424,0.0959012,0.0,0.556723,2221.37,1144.53,0.0,3011.71,3421.38,1735.67,14.6223,5065.47,0.719008,0.450415,0.0,1.0,80.2008,35.7939,0.921386,177.155,68.8823,34.0446,3.65412,176.089,108.998,33.4573,1.89957,167.214,116.525,30.2242,3.04771,166.826
17109_1801_x6698_y12550,5.0,433.0,4840.12,4221.6,4585.33,93692400000.0,183061.0,422.773,560.693,1.06693,4497.63,10.1501,4.60104,1.0,19.0,0.16123,0.132547,3.24671e-06,0.648534,2072.36,1640.01,0.0,4417.35,4009.3,3098.02,21.1683,10680.7,0.71028,0.454696,0.0,1.0,64.2019,28.0932,2.00349,164.297,71.3908,35.6391,3.15526,169.536,122.459,23.7766,5.9158,168.093,109.798,32.4141,18.0407,167.416
18454_00127,7.0,423.0,1082.59,2587.42,2688.25,7530100000.0,44023.3,104.074,186.214,0.720335,2690.67,12.8109,7.62275,1.0,33.0,0.103595,0.0796903,0.0,0.567441,1813.77,1101.07,0.0,2800.92,4809.95,3084.4,7.08434,9347.71,0.730769,0.44463,0.0,1.0,73.1578,30.4475,2.48346,170.59,70.1275,35.5723,3.9893,167.907,117.837,27.1203,1.46268,169.764,114.126,32.9838,17.5423,165.421
18868_4803_x7002_y8311,5.0,293.0,3662.32,5130.89,3230.54,60704900000.0,34811.8,118.812,287.155,1.37663,2981.41,10.0444,5.07695,1.0,20.0,0.137143,0.117195,4.20756e-05,0.782197,1169.1,1728.48,0.0,5904.6,2057.09,2796.38,18.7377,8327.48,0.736111,0.442278,0.0,1.0,80.5498,32.3722,15.0172,167.271,72.5816,35.7727,8.29853,157.086,109.42,29.2869,28.7334,161.358,109.504,31.6121,28.0056,164.312
18453_6477_x30376_y5078,8.0,272.0,1893.23,759.831,913.431,1314000000.0,36912.5,135.708,137.122,1.70555,633.546,6.79412,2.93375,1.0,13.0,0.118379,0.0903945,6.78013e-06,0.473167,242.524,277.991,0.0,1282.03,530.276,457.493,10.7652,2115.77,0.674242,0.470443,0.0,1.0,73.3446,28.196,7.34124,161.184,71.9361,32.3182,2.67025,163.136,118.041,23.0323,36.0027,167.172,114.5,25.7182,33.2019,161.895
18455_00182,4.0,234.0,4283.88,1357.3,1364.0,7930990000.0,16391.1,70.0472,203.59,1.4536,2715.76,9.73504,5.96181,1.0,23.0,0.143539,0.128665,6.8418e-06,0.713815,1881.84,1992.43,0.0,4330.4,2558.56,2605.89,11.1118,6131.95,0.765217,0.425718,0.0,1.0,78.733,38.04,5.76397,168.812,80.4533,38.0281,6.1147,167.391,112.965,32.0933,30.9287,168.006,105.456,33.3783,16.581,162.183
17302_00014,6.0,288.0,1786.99,1679.36,1317.78,3954660000.0,22486.1,78.0767,112.253,2.97814,1029.92,14.4306,8.62672,1.0,34.0,0.135264,0.0992891,5.92552e-05,0.621335,808.071,626.627,0.0,1762.15,1691.26,1273.95,18.2965,3911.87,0.787234,0.410723,0.0,1.0,83.6639,33.1283,12.499,166.774,79.695,36.4798,7.69756,171.431,107.406,29.4022,27.4761,166.263,102.118,31.7082,23.8429,161.189
18869_3263_x6927_y6229,9.0,489.0,5823.65,4125.75,3608.02,86689600000.0,69899.1,142.943,220.487,0.684035,2322.79,13.4376,6.53307,1.0,24.0,0.127505,0.102018,0.0,0.713896,2022.03,2011.52,0.0,6652.33,3135.2,3068.59,10.7613,10016.6,0.7125,0.453543,0.0,1.0,75.0094,29.0586,3.53419,163.758,68.7148,33.3159,5.68131,158.29,115.756,27.2419,13.959,169.386,112.945,31.5022,7.9578,173.803
17302_00066,10.0,472.0,3128.0,2600.54,2098.99,17074200000.0,47203.9,100.008,136.875,0.39726,1180.11,20.2246,11.622,1.0,39.0,0.116317,0.101046,0.0,0.750196,2030.13,1211.89,0.0,3176.91,5748.18,3463.05,8.92965,8870.34,0.753247,0.432058,0.0,1.0,70.5575,43.4252,1.22404,174.558,72.568,43.8558,8.80261,177.191,112.684,38.9399,1.56025,174.603,111.964,38.249,8.20673,162.122
17109_6401_x7989_y3767,4.0,160.0,3174.46,3132.17,10121.9,100641000000.0,56181.1,351.132,743.578,4.69855,8475.11,6.4875,3.12826,1.0,13.0,0.148134,0.13177,7.15542e-05,0.600954,2528.7,3411.65,0.0,9280.02,4052.84,5093.69,13.28,14266.1,0.692308,0.464526,0.0,1.0,68.245,31.8224,0.262874,160.978,70.6189,31.5863,13.0422,165.203,121.803,25.2009,26.5326,166.364,105.913,31.5023,27.004,162.345
17302_00076,6.0,244.0,1330.64,1775.7,2743.17,6481610000.0,26410.1,108.238,192.102,0.10208,2527.01,9.42623,5.3038,1.0,21.0,0.117747,0.0852203,0.0,0.526128,1544.62,1223.84,0.0,2805.21,3137.58,2456.6,0.10208,5807.58,0.714286,0.453664,0.0,1.0,60.734,36.6966,0.936975,159.438,58.1934,34.0303,8.35831,173.085,119.815,35.3464,9.36587,176.102,124.131,29.2438,21.4848,169.187
18454_00155,13.0,565.0,3261.43,1694.28,2605.32,14396400000.0,38412.6,67.9869,137.283,0.537494,2149.76,17.9416,11.1176,1.0,42.0,0.0867284,0.0794442,0.0,0.59692,2844.52,1522.91,0.0,3863.7,5211.59,2786.04,16.3586,7319.02,0.699275,0.459406,0.0,1.0,81.242,34.3506,1.6505,166.037,72.3637,33.604,5.00205,176.956,110.937,32.8122,0.648556,172.755,116.867,30.2722,5.92325,174.324
18454_00145,7.0,385.0,1641.21,2288.2,1687.6,6337640000.0,29599.5,76.8818,104.009,0.418286,937.102,12.8701,6.83806,1.0,26.0,0.10405,0.0795957,0.0,0.525681,1884.91,1157.51,0.0,2865.13,3123.33,1915.4,9.18199,4864.21,0.730159,0.445056,0.0,1.0,76.4798,32.5801,4.38265,160.395,65.2836,34.2688,4.29108,167.999,113.057,28.9625,15.9944,175.654,120.283,28.5842,25.9827,166.544
191807_5031_x5620_y23074,8.0,268.0,1772.43,2014.11,2330.09,8318120000.0,27846.7,103.905,179.604,2.38109,1874.39,11.2985,6.89681,1.0,26.0,0.158746,0.121788,1.22154e-05,0.671893,1149.96,1100.22,0.0,2558.72,2215.63,2147.19,18.0463,5718.5,0.761538,0.427791,0.0,1.0,74.1029,32.3686,8.34855,163.918,75.3396,35.7142,1.90297,171.754,111.703,30.158,11.0898,161.36,107.077,31.3865,16.3835,167.746
18869_4550_x17965_y4177,8.0,556.0,567.94,1080.7,599.08,367699000.0,35721.7,64.2477,63.7935,0.663955,350.555,8.80216,3.06807,1.0,15.0,0.0975275,0.0738188,0.0,0.40324,168.791,108.354,0.0,579.125,309.383,139.797,10.786,761.763,0.718978,0.450321,0.0,1.0,73.4216,27.7806,0.709662,154.361,67.5702,32.4036,4.09599,156.572,118.217,23.0537,55.3601,177.057,121.442,25.1529,45.621,170.142
191812_3163_x6264_y21524,9.0,871.0,6269.49,4851.14,8183.87,248906000000.0,246243.0,282.712,375.521,1.41111,4918.37,11.248,4.77499,1.0,22.0,0.136987,0.0976272,6.98821e-07,0.74443,2078.33,2011.49,0.0,6742.69,3729.21,3293.67,13.3657,12801.4,0.712297,0.453218,0.0,1.0,67.4838,29.879,1.7581,169.046,70.6234,34.6999,3.06601,165.635,123.128,23.8608,24.1846,175.734,112.013,30.7778,10.8719,166.674
pre_18465_00102,2.0,60.0,1115.5,748.58,1392.14,1162490000.0,6552.12,109.202,131.566,3.31941,676.18,5.73333,2.94507,1.0,13.0,0.124914,0.113608,2.7828e-05,0.535693,325.144,400.021,0.0,1269.09,642.803,770.06,25.4505,3023.93,0.758621,0.435494,0.0,1.0,81.587,43.4717,2.1929,176.738,78.923,44.9909,17.4246,168.341,102.151,37.4878,23.3155,160.24,106.802,42.7974,19.0301,162.157
17545_00093,5.0,227.0,3092.07,3635.73,2135.95,24012200000.0,28481.4,125.469,402.138,0.704942,5797.56,8.01322,3.93473,1.0,19.0,0.13503,0.102708,0.0,0.778589,1340.56,1347.89,0.0,3005.85,4701.34,4779.47,7.07213,10190.5,0.738739,0.441314,0.0,1.0,65.9328,33.127,1.20279,171.617,64.1177,30.0287,10.1108,162.063,116.526,32.5088,11.0078,176.926,120.289,27.2057,19.3162,168.687
18462_00058,10.0,488.0,959.68,2656.06,2020.65,5150570000.0,44828.8,91.8623,133.139,0.537869,1743.14,19.9426,13.7145,1.0,44.0,0.0989793,0.0836073,0.0,0.733176,1926.66,992.533,0.0,2761.49,4352.61,2379.79,14.5243,7522.77,0.698745,0.459766,0.0,1.0,79.3194,35.1759,0.0751227,174.313,72.8098,35.5842,2.33624,170.927,110.218,32.7954,1.70324,168.748,111.767,30.2352,23.7936,168.393
18457_00144,5.0,515.0,2805.62,2031.23,1766.97,10069700000.0,43831.7,85.1101,137.674,0.594289,2246.75,20.165,11.336,1.0,37.0,0.110391,0.0874571,0.0,0.621808,2409.7,1280.02,0.0,3368.36,3749.63,1950.13,14.1178,5807.35,0.709804,0.454745,0.0,1.0,82.4208,37.2353,2.3702,171.784,74.3809,38.6058,3.49337,176.995,109.857,33.9889,5.50614,170.602,111.47,32.8779,6.70546,166.777
18454_01014,9.0,535.0,3423.87,2235.78,2343.25,17937600000.0,50621.8,94.6202,236.18,0.432714,5134.3,15.3402,7.47256,1.0,32.0,0.0939173,0.0783667,0.0,0.608728,2466.21,1419.06,0.0,3652.55,5870.0,3371.84,10.339,8752.4,0.718631,0.450524,0.0,1.0,72.697,29.9571,0.701316,165.571,61.3999,27.6131,1.83696,150.558,118.162,27.833,1.00981,167.472,123.42,25.3622,31.6138,170.24
pre_18467_00495,3.0,737.0,4033.69,1962.19,2600.02,20578800000.0,66596.3,90.3613,155.798,1.57139,1700.57,20.0393,8.36496,1.0,40.0,0.143903,0.101271,2.90333e-05,0.818107,1299.23,1111.09,0.0,3849.66,2396.91,1664.7,7.29448,7012.18,0.784741,0.411563,0.0,1.0,77.707,36.2119,0.847761,168.824,75.6401,35.4585,5.80102,167.934,109.395,30.1652,12.5708,170.044,106.682,31.8755,18.1729,169.832
18462_00048,6.0,164.0,2029.47,1544.83,1193.83,3742880000.0,22598.5,137.796,181.549,2.18836,1705.68,7.34146,3.73088,1.0,15.0,0.157418,0.121175,4.39389e-05,0.679638,602.884,687.598,0.0,1776.69,1058.09,937.678,10.2048,2960.44,0.708861,0.45719,0.0,1.0,73.7948,34.4786,7.36181,166.0,78.893,37.4659,4.76976,167.421,116.798,31.7625,30.2739,173.581,99.3076,31.8241,31.2435,161.975
18465_00300,7.0,627.0,2796.84,4424.98,4182.12,51757800000.0,80314.5,128.093,250.082,1.07806,3607.82,11.1499,6.38813,1.0,28.0,0.109894,0.0889931,3.64511e-06,0.620874,2463.22,1649.12,0.0,4557.02,5440.28,4025.73,17.5325,11275.4,0.709677,0.454645,0.0,1.0,73.2499,33.0138,1.28991,167.631,68.2885,32.2973,7.9123,173.713,117.869,29.035,5.12649,169.156,115.409,31.566,19.394,172.019
18454_01004,8.0,714.0,3110.91,3504.44,1672.67,18235500000.0,66806.4,93.5664,129.922,1.13235,1933.04,16.4146,8.29076,1.0,34.0,0.0755063,0.0657215,1.94432e-06,0.621107,1971.18,1146.14,0.0,2987.98,3640.01,2101.2,14.3013,6335.7,0.713881,0.452587,0.0,1.0,70.7895,30.2436,0.700914,161.347,61.9307,27.5976,6.21911,168.819,121.701,26.7884,3.23043,175.163,123.272,25.641,45.1956,169.979
18463_00054,6.0,680.0,3538.19,2234.49,2278.5,18013900000.0,58185.0,85.5661,144.977,0.96206,2951.74,16.1941,8.00574,1.0,33.0,0.101071,0.0803562,0.0,0.720951,2771.27,1520.39,0.0,4022.66,4129.4,2244.51,14.3351,6354.69,0.694362,0.461362,0.0,1.0,70.436,34.0652,0.777309,171.257,65.4203,29.1319,6.57751,164.236,115.381,30.3167,20.2316,174.793,120.697,27.6167,36.573,170.765
17545_00142,9.0,537.0,1413.85,1939.73,3167.65,8687230000.0,52295.2,97.384,116.269,0.376721,958.29,10.4786,5.51254,1.0,22.0,0.125654,0.0802917,0.0,0.492895,1747.62,1316.93,0.0,3147.75,3077.43,2277.15,9.38892,5789.87,0.723485,0.448124,0.0,1.0,70.6721,32.0145,1.08977,163.154,64.9809,26.5582,6.07427,152.136,115.91,30.8589,4.25167,164.685,117.693,25.6729,8.65499,164.736
18864_4693_x10912_y2095,5.0,445.0,2257.57,3847.64,9815.14,85257400000.0,73253.0,164.614,276.046,0.995674,3162.24,14.2764,11.0567,1.0,41.0,0.155543,0.124244,0.0,0.70468,2153.59,3468.79,0.0,9337.83,3448.6,5139.32,9.70127,14422.0,0.718182,0.450911,0.0,1.0,79.877,38.4689,1.88902,175.926,75.5887,39.8276,8.71391,177.832,106.358,35.1185,1.68635,170.746,106.879,34.8373,3.90996,169.297
18458_00460,8.0,414.0,1954.78,1866.44,2444.78,8919730000.0,34782.3,84.0153,104.798,0.754457,1063.29,15.8551,11.1437,1.0,38.0,0.143711,0.107805,0.0,0.890278,2105.49,1207.24,0.0,3127.34,3490.98,2027.31,11.745,5684.93,0.724138,0.448053,0.0,1.0,82.6028,35.5243,2.77349,173.332,75.7169,36.8298,7.71121,173.488,104.416,32.2973,1.7236,165.983,113.555,30.4478,18.8705,170.786
18457_00095,9.0,289.0,2330.89,2576.76,965.21,5797190000.0,24029.5,83.1469,162.003,0.770946,1628.85,8.15571,4.34693,1.0,17.0,0.107876,0.0852446,0.0,0.492136,1632.9,1365.32,0.0,3108.21,3078.81,2543.22,13.5975,5838.44,0.7,0.459903,0.0,1.0,69.1692,28.7116,1.50497,130.119,61.8338,28.9786,10.3521,156.978,119.486,25.9088,32.9974,163.927,121.311,26.3879,10.5836,164.389
18461_2985_x10744_y3095,7.0,353.0,4408.35,3757.1,7269.47,120401000000.0,70428.4,199.514,349.864,1.54807,3730.02,8.29178,3.95175,1.0,19.0,0.12058,0.106347,7.26961e-06,0.594525,493.888,832.5,0.0,5536.32,878.36,1332.83,5.03027,10222.9,0.722543,0.449043,0.0,1.0,67.4643,34.0783,0.31065,167.559,65.4153,32.6883,6.94142,168.614,118.623,30.2037,2.62237,172.772,114.977,28.9942,31.961,170.147
18455_5472_x13482_y11733,12.0,500.0,1259.32,2338.17,1706.78,5025620000.0,40466.8,80.9336,128.599,0.918257,2275.34,20.732,13.4064,1.0,48.0,0.112373,0.0964366,0.0,0.662581,1941.48,922.601,0.0,2614.56,3839.28,1862.81,15.1963,6204.44,0.741803,0.438542,0.0,1.0,87.4208,33.7468,4.73677,171.029,78.4848,36.9952,8.83896,177.512,107.762,31.821,1.56779,159.345,110.227,32.8388,7.7104,167.676
18455_00159,12.0,686.0,3461.6,2192.98,3440.24,26115600000.0,62496.1,91.1022,156.893,0.55212,2232.14,14.137,7.14246,1.0,30.0,0.0822772,0.0649013,0.0,0.412948,2780.31,1550.98,0.0,4148.83,5668.93,3336.54,10.9717,9559.89,0.700297,0.458809,0.0,1.0,72.722,29.8396,1.38651,171.299,62.1109,27.9194,7.18933,167.714,117.276,28.8522,1.7529,176.02,121.726,25.7566,38.4594,171.433
pre_18458_00351,2.0,50.0,602.66,751.23,1185.62,536773000.0,4881.85,97.6371,137.702,1.17471,673.206,6.36,3.98856,1.0,15.0,0.131869,0.129466,0.000300921,0.696881,250.536,262.783,0.0,1025.38,555.69,584.125,55.5096,2279.34,0.833333,0.380693,0.0,1.0,76.7309,33.0965,23.2007,140.608,65.1721,40.5446,7.8349,151.539,111.69,27.6847,47.1133,157.703,113.961,36.5999,35.321,166.074
18868_3658_x9598_y8113,9.0,617.0,8582.39,5758.98,4455.3,220207000000.0,85647.3,138.812,279.957,0.661235,3071.2,13.7423,6.36269,1.0,25.0,0.133341,0.126015,0.0,0.894029,1896.86,1926.43,0.0,7910.41,3432.73,3230.14,19.448,13004.8,0.694079,0.461556,0.0,1.0,79.611,34.5768,9.72212,167.176,70.1031,34.8974,1.50904,165.216,111.178,32.7534,12.2599,164.447,112.747,33.1142,15.0378,171.327
18455_00021,7.0,333.0,733.93,2619.65,1364.11,2622690000.0,22692.9,68.1467,205.334,0.503638,3626.51,15.5766,9.38714,1.0,32.0,0.0910554,0.0722196,0.0,0.433311,1751.83,996.717,0.0,2635.41,3902.58,2288.97,13.3568,6288.62,0.717791,0.451461,0.0,1.0,76.6648,34.0456,1.91218,176.768,71.555,35.2849,3.57217,177.638,115.46,29.2249,16.944,166.498,113.739,30.1347,18.4452,158.698
18455_00031,7.0,101.0,1425.34,1997.64,875.57,2493020000.0,15545.7,153.918,204.853,1.84633,1477.89,5.21782,2.30913,1.0,10.0,0.188831,0.149956,1.12741e-05,0.833309,473.658,614.759,0.0,1879.25,876.352,925.065,9.53804,3099.82,0.680851,0.471186,0.0,1.0,90.4563,41.8018,23.0859,174.019,94.6552,40.4073,12.7249,169.704,102.696,40.6714,2.68848,164.185,91.1362,35.398,10.5155,160.943
18464_00102,7.0,869.0,3846.63,4577.32,2656.02,46765200000.0,125299.0,144.188,224.436,0.879046,2587.05,21.5386,12.1725,1.0,57.0,0.122969,0.0861417,0.0,0.648283,2916.3,1438.06,0.0,4667.57,6999.39,3594.09,19.0548,14099.5,0.770302,0.421128,0.0,1.0,79.4536,32.9743,0.841773,169.903,72.9336,33.4631,4.03915,171.587,111.209,29.6157,3.84254,166.849,110.523,30.3658,27.2304,167.641
18464_00112,5.0,363.0,1544.19,883.25,829.19,1130940000.0,15341.0,42.2618,46.3163,0.639957,210.241,19.8926,11.8337,1.0,49.0,0.124777,0.103564,0.0,0.530167,738.415,488.802,0.0,1558.2,1228.21,776.928,12.8353,3007.73,0.826816,0.379468,0.0,1.0,85.7297,34.2197,6.74189,176.466,84.1279,35.3197,13.7834,165.41,100.496,35.4078,14.2404,163.671,97.376,35.7176,19.1268,158.922
18867_4156_x9348_y9148,8.0,408.0,4761.6,4588.33,3472.91,75875400000.0,42838.7,104.997,321.536,0.624254,4778.44,9.42647,4.87782,1.0,21.0,0.133921,0.110322,0.0,0.77151,1060.01,1839.03,0.0,6541.69,1945.32,3012.17,8.85142,9003.12,0.73,0.445074,0.0,1.0,81.3012,29.6162,5.0529,156.576,74.6289,34.4736,5.54645,172.845,108.707,27.6772,5.54921,158.708,108.012,31.5803,8.46055,166.718
18454_00070,11.0,551.0,2560.79,1443.12,2933.18,10839600000.0,48737.1,88.4522,142.16,0.934763,1771.35,11.5118,6.17144,1.0,27.0,0.082089,0.0649443,0.0,0.451557,2324.67,1458.71,0.0,3583.53,3903.15,2463.97,11.0569,6364.81,0.707407,0.455798,0.0,1.0,72.2041,28.8347,0.230374,159.058,60.9848,25.7845,11.6515,131.326,120.25,26.9751,6.4212,172.811,124.07,24.2802,33.2141,167.15
pre_18047_00009,8.0,586.0,2345.86,1974.63,1557.55,7214890000.0,69570.8,118.721,174.135,0.441439,1526.23,9.94539,4.21358,1.0,23.0,0.138671,0.109712,0.0,0.853491,427.567,303.519,0.0,1477.88,991.211,664.797,23.5464,4090.55,0.788927,0.408778,0.0,1.0,73.6166,39.0719,2.32236,177.945,75.664,38.5154,4.14955,169.482,105.872,37.7127,5.77474,175.052,103.877,35.765,12.8803,170.01
18454_00060,8.0,366.0,1411.99,2517.98,1986.55,7062910000.0,33746.2,92.2028,164.822,1.74618,2265.56,9.57377,4.54189,1.0,18.0,0.0984547,0.0946211,6.63502e-06,0.679248,1570.91,980.49,0.0,2598.5,3485.78,2185.99,9.45747,5628.96,0.72067,0.449928,0.0,1.0,72.8641,28.8203,0.627293,171.532,64.8446,31.6294,3.36856,167.71,119.213,27.7166,1.37437,173.334,119.929,27.0564,18.9698,160.288
18867_4922_x30354_y7405,6.0,432.0,3378.38,5335.42,3423.71,61712600000.0,40914.1,94.7086,289.785,0.564425,4226.75,9.43981,5.14442,1.0,24.0,0.13115,0.125392,0.0,0.768666,1069.6,1463.19,0.0,6011.84,2320.6,3021.28,12.7586,8490.73,0.704225,0.457465,0.0,1.0,79.1505,33.3467,1.24604,167.427,75.297,36.119,4.137,172.778,115.678,25.5339,29.8296,171.774,107.924,33.3417,3.74513,168.766
18457_00119,5.0,351.0,1517.62,2332.0,1457.88,5159570000.0,28016.2,79.8182,151.117,0.695874,2359.84,8.34473,3.5566,1.0,16.0,0.138617,0.0949536,0.0,0.517832,1689.12,1105.48,0.0,2723.96,3017.92,1920.95,2.35699,4863.59,0.710983,0.454622,0.0,1.0,79.3188,33.9993,5.07726,158.763,70.5777,31.6124,1.96364,163.115,112.037,30.2848,14.9426,169.662,115.13,29.7336,25.6444,175.041
18454_01131,8.0,616.0,4515.28,2707.2,2154.51,26336200000.0,86448.9,140.339,232.781,1.06854,2580.38,13.5909,8.09305,1.0,34.0,0.0970359,0.0879458,5.65091e-06,0.585131,2650.71,1773.68,0.0,4429.37,6141.21,4399.57,9.48323,12262.1,0.713816,0.452722,0.0,1.0,69.8987,29.2729,4.11466,163.565,61.6861,29.545,9.24388,168.172,121.311,25.0853,12.7057,165.819,122.959,26.2212,33.8883,166.746
18462_00005,5.0,131.0,2113.51,2312.87,1036.89,5068600000.0,19622.7,149.792,181.835,1.67624,1544.04,7.59542,3.25051,1.0,16.0,0.180272,0.114682,3.08096e-05,0.520362,469.944,675.125,0.0,2518.33,895.442,908.893,13.5622,3571.26,0.698413,0.462633,0.0,1.0,75.6672,33.6093,2.90427,160.201,79.8923,35.8028,4.60638,165.204,113.678,29.4704,32.0591,168.614,97.7145,30.9485,17.8324,163.106
18867_5640_x21236_y5683,10.0,960.0,5014.91,5934.03,3955.2,117701000000.0,134627.0,140.236,245.501,0.409223,2695.65,14.225,7.65547,1.0,33.0,0.128147,0.0989182,0.0,0.692132,1620.97,1579.01,0.0,5224.36,4276.99,4087.8,12.8052,12501.4,0.72,0.449472,0.0,1.0,77.3927,30.54,1.9198,175.129,73.4073,33.9954,4.83715,175.211,113.685,27.8405,2.31806,172.521,108.524,32.5288,1.79832,167.363
18457_00061,9.0,507.0,951.01,2361.47,2011.53,4517460000.0,31618.1,62.363,189.731,0.963744,4054.0,11.8008,6.09524,1.0,30.0,0.132362,0.0897969,0.0,0.498119,1786.46,888.349,0.0,2349.89,4450.6,2260.5,13.0802,6191.27,0.718876,0.450454,0.0,1.0,83.6082,28.7362,12.146,168.838,74.9205,32.3645,7.3414,160.078,110.968,24.5392,30.1682,161.446,113.945,25.5362,37.3979,165.113
18454_01049,9.0,585.0,1390.0,3221.1,2478.25,11095900000.0,51548.0,88.1163,140.094,1.42618,2109.94,11.9607,5.39852,1.0,21.0,0.0879159,0.0651428,1.01307e-05,0.451963,2157.19,1110.49,0.0,3188.69,4359.31,2248.37,13.865,6533.64,0.701389,0.458446,0.0,1.0,76.8573,28.5371,2.40482,156.555,67.8209,29.3709,8.16769,151.029,116.828,26.7638,2.51191,174.837,118.649,26.3328,26.3291,165.455
18465_00235,9.0,539.0,1863.7,4130.53,1682.13,12949200000.0,49003.5,90.9156,194.108,0.642642,3450.9,15.7681,10.1792,1.0,36.0,0.106797,0.0843479,0.0,0.614815,2503.28,1692.87,0.0,4111.33,5218.0,3588.25,7.71718,9227.41,0.74717,0.435457,0.0,1.0,76.3415,34.1404,3.23302,161.167,68.9454,35.3565,5.16469,174.304,111.728,31.9933,13.7988,169.169,115.527,32.9884,14.8727,169.915
18454_01121,7.0,621.0,1937.79,2971.86,1097.9,6322630000.0,56469.3,90.9328,140.691,0.433506,1911.5,24.4396,14.1143,1.0,56.0,0.100207,0.0944154,0.0,0.66064,1994.36,1102.07,0.0,2855.85,4791.88,2683.79,6.57158,8008.67,0.697068,0.460276,0.0,1.0,73.3619,33.985,2.89259,170.752,67.7182,36.0789,1.23883,174.441,115.602,32.005,1.99204,168.376,116.587,31.28,6.49722,167.97
18462_00015,10.0,458.0,1203.73,2474.09,2008.32,5981050000.0,34433.5,75.1824,145.617,0.990814,2504.17,13.2052,9.10944,1.0,38.0,0.0987127,0.0923702,0.0,0.666058,1859.04,975.348,0.0,2653.23,3944.45,2125.93,8.94371,6119.13,0.723214,0.448412,0.0,1.0,80.9296,35.4189,5.87168,172.495,73.7884,35.3502,8.04721,166.02,110.475,31.4412,25.0008,172.271,112.905,32.1457,19.8033,163.245
18453_5317_x24548_y3717,5.0,219.0,1897.66,1117.68,1230.57,2610020000.0,42690.7,194.935,249.146,1.28464,2186.17,7.96804,4.44579,1.0,20.0,0.150776,0.112825,3.15655e-05,0.743639,273.332,206.062,0.0,790.351,819.974,691.718,16.523,2902.3,0.700935,0.460003,0.0,1.0,74.5914,29.7566,3.14653,152.729,70.5624,36.487,7.01069,175.917,114.677,25.5542,26.4587,159.372,109.238,34.6176,16.9376,161.793
18457_00109,11.0,1005.0,3579.93,1628.87,3021.2,17617300000.0,70256.1,69.9065,159.943,0.255056,4368.8,23.1871,12.9967,1.0,50.0,0.142528,0.0929602,0.0,0.618054,3164.46,1325.24,0.0,3962.22,7087.76,2961.18,14.2835,9581.45,0.702213,0.457746,0.0,1.0,76.4282,35.3856,2.03961,174.071,71.0918,34.6222,3.16825,176.315,109.256,32.5436,5.01974,175.308,114.845,31.7153,14.4494,170.567
18454_01059,10.0,378.0,2007.28,2308.6,2005.72,9294520000.0,32528.6,86.0545,190.415,0.590001,3362.29,10.7778,5.33477,1.0,20.0,0.105649,0.0843916,0.0,0.611017,2182.19,1259.61,0.0,3106.61,4064.59,2301.5,12.7988,5875.87,0.722826,0.448824,0.0,1.0,77.3918,28.7532,15.1147,151.875,66.7918,31.1308,12.1713,156.252,117.406,25.4369,9.3226,162.198,116.961,26.9615,6.34611,166.8
18452_4126_x15225_y20986,3.0,259.0,1351.01,1214.42,1248.93,2049110000.0,16253.5,62.7547,63.9539,1.17963,332.447,16.8842,10.5284,1.0,40.0,0.131901,0.108136,1.47654e-05,0.655998,613.5,508.012,0.0,1691.98,1092.02,837.287,15.4392,2972.98,0.773438,0.420252,0.0,1.0,74.3536,33.7803,1.74036,174.619,73.631,36.5336,12.6151,164.657,111.862,31.7429,5.76188,170.63,107.47,34.7505,18.547,167.939
18453_5436_x32746_y12751,6.0,392.0,3479.12,4245.12,5026.12,74232200000.0,111445.0,284.299,410.117,1.34638,2862.11,12.3367,5.68292,1.0,24.0,0.158469,0.126019,3.52596e-05,0.755147,2740.91,1782.6,0.0,5155.87,4737.27,2852.57,18.0113,9932.01,0.715026,0.452576,0.0,1.0,67.6192,38.2007,0.609743,175.063,69.4195,33.7387,11.613,168.41,113.55,34.8613,2.2229,172.863,107.545,33.5173,16.7033,162.432
pre_18864_00079,7.0,749.0,1561.2,1450.71,1369.95,3102730000.0,56830.6,75.8753,93.2813,0.71396,582.945,12.2123,5.7772,1.0,27.0,0.109671,0.0807544,0.0,0.633303,365.374,200.518,0.0,1141.65,781.645,510.391,13.0151,2421.77,0.754717,0.430836,0.0,1.0,77.3177,32.0757,8.54588,157.478,72.856,32.4648,5.50699,157.467,111.115,30.9094,25.5626,174.294,108.075,31.8606,18.3291,173.095
18455_00262,5.0,293.0,1078.87,3034.33,1353.87,4432090000.0,24620.6,84.0295,157.472,0.915972,2341.63,12.3993,5.86909,1.0,22.0,0.100591,0.0835388,0.0,0.575615,1976.63,1221.27,0.0,2997.44,3942.92,2439.39,9.67457,5977.77,0.722222,0.449467,0.0,1.0,67.1035,30.1474,4.04531,156.42,61.1793,32.1965,6.58495,165.522,122.729,27.8685,12.7269,165.655,123.638,28.4803,19.6946,168.616
18453_7245_x12979_y2864,7.0,357.0,1882.0,1790.85,3241.85,10926300000.0,48347.8,135.428,191.34,1.96655,2253.99,9.67787,6.02662,1.0,25.0,0.149354,0.113757,1.32544e-06,0.768226,727.265,784.38,0.0,2196.11,1274.81,1268.16,8.50801,3945.69,0.68,0.467815,0.0,1.0,75.8386,26.9223,19.4423,156.085,69.4274,32.8078,5.44052,164.446,120.956,22.4338,43.8283,159.596,115.868,27.801,28.6171,167.282
pre_18864_00069,7.0,673.0,3736.65,4112.4,7892.4,121279000000.0,113057.0,167.99,276.653,0.79164,3170.46,11.7608,6.3771,1.0,26.0,0.146224,0.104491,0.0,0.697068,1103.39,1485.2,0.0,6027.01,1847.54,2235.72,6.11229,9413.25,0.714715,0.45223,0.0,1.0,75.4501,32.7004,0.691638,165.572,69.5773,30.8782,1.64047,161.094,111.806,32.0878,6.26964,165.218,114.287,29.7694,25.2718,166.315
18458_00555,7.0,355.0,991.47,2903.01,1136.08,3269920000.0,29999.6,84.5059,165.263,0.698091,2785.55,13.7324,6.74591,1.0,25.0,0.113532,0.08937,0.0,0.468674,1946.99,1142.75,0.0,2876.52,3389.51,1944.63,14.373,5082.04,0.724138,0.448238,0.0,1.0,70.2301,30.5002,2.66127,170.55,63.2302,30.9801,4.12894,158.378,119.732,23.3281,20.0251,163.68,122.405,26.9714,29.7652,169.378
pre_18864_00111,9.0,421.0,2947.21,3490.32,3908.64,40207100000.0,50363.5,119.628,194.63,1.44564,2319.22,11.076,7.14935,1.0,27.0,0.114344,0.0869681,1.05057e-05,0.636863,791.577,983.132,0.0,3159.21,1265.79,1542.55,16.4321,5407.99,0.737864,0.440868,0.0,1.0,70.1231,32.2363,1.46367,170.618,63.8219,34.5192,6.34411,176.757,116.354,29.6857,9.99399,172.422,121.017,31.2508,15.0206,172.147
18458_00268,8.0,408.0,1153.43,2177.08,2163.55,5432910000.0,33574.0,82.2892,144.954,0.545514,2438.48,12.348,6.12976,1.0,25.0,0.123596,0.0880975,0.0,0.493285,1931.86,928.893,0.0,2629.26,3256.04,1554.76,17.3279,4745.48,0.705,0.457187,0.0,1.0,76.3516,33.5509,0.326889,174.189,69.9743,35.3504,3.14245,170.2,113.362,30.4113,15.2594,172.207,117.241,29.1446,10.3727,162.581
17545_00067,3.0,325.0,1129.33,2523.5,1065.27,3035880000.0,25702.6,79.085,107.84,0.727716,812.784,9.61538,5.13428,1.0,24.0,0.194598,0.137614,0.0,0.864985,463.77,633.567,0.0,2427.57,941.678,918.787,11.4982,3796.84,0.732919,0.443815,0.0,1.0,78.7991,36.8176,0.218535,172.633,85.4747,38.7614,6.1028,171.49,104.504,34.5325,7.13731,174.094,96.762,35.2548,15.4027,162.954
18463_00019,8.0,276.0,4251.73,1833.73,1568.76,12230900000.0,19828.2,71.8412,153.343,1.54737,1849.92,11.9348,8.17465,1.0,30.0,0.116872,0.122829,2.28459e-05,0.794633,1876.91,1737.36,0.0,4296.18,2711.29,2422.4,9.8728,6391.91,0.753731,0.432454,0.0,1.0,77.863,33.9702,2.32018,164.123,74.519,35.4762,9.67284,172.046,114.251,31.1013,11.6744,170.962,110.083,32.4246,20.2443,168.011
18864_00313,5.0,381.0,4299.16,3513.55,3442.52,52000300000.0,103783.0,272.396,349.736,1.75748,2515.82,15.0262,8.27929,1.0,30.0,0.155873,0.131142,9.06582e-06,0.811907,1422.57,1384.75,0.0,4514.56,2770.16,2358.93,14.2698,7758.04,0.718085,0.451134,0.0,1.0,67.3504,34.2224,3.03322,167.167,72.5362,37.4436,2.24422,171.074,119.188,30.1617,5.27266,168.956,105.323,34.5293,8.46001,164.777
pre_18864_00432,7.0,689.0,3187.71,2618.38,6091.9,50846900000.0,93667.7,135.947,205.768,0.318423,2656.25,13.8534,7.73491,1.0,30.0,0.129249,0.10556,0.0,0.764893,875.467,1053.82,0.0,5179.69,1816.82,2101.45,8.63641,7872.16,0.715543,0.451819,0.0,1.0,77.634,33.8789,2.05121,179.792,72.5047,33.5537,9.57801,172.202,112.885,30.7105,0.447833,169.493,112.613,31.2391,4.15389,164.031
18465_00092,9.0,579.0,1739.8,1772.99,2729.12,8418370000.0,37860.3,65.3892,123.874,0.612448,2558.35,13.0587,7.00568,1.0,33.0,0.117755,0.0941724,0.0,0.582914,2254.43,1197.33,0.0,3165.53,3345.29,1750.37,7.73515,5093.98,0.715789,0.451831,0.0,1.0,78.7168,34.2614,4.33834,175.333,71.5971,33.4505,7.97377,170.205,113.144,30.2369,7.44398,167.189,115.105,31.2161,18.9514,162.733
236174_4429_x13147_y8003,5.0,637.0,8147.3,5535.68,5078.66,229052000000.0,252530.0,396.436,589.979,1.03078,4704.06,12.8776,5.35419,1.0,25.0,0.137428,0.122784,2.26674e-05,0.767203,3346.78,1903.7,0.0,6267.7,5254.11,2843.03,11.9256,9936.32,0.689873,0.463279,0.0,1.0,63.3122,29.2769,0.638834,161.922,65.0456,37.4444,2.97676,165.108,122.635,29.0399,5.60612,176.846,112.908,34.6931,22.8145,167.626
18465_00082,7.0,373.0,669.35,3117.63,1594.73,3327860000.0,29816.8,79.9378,155.817,0.919745,2325.44,11.134,6.33757,1.0,24.0,0.126982,0.100112,0.0,0.638416,1814.35,1284.69,0.0,3110.74,3483.94,2531.11,18.2092,6050.44,0.743169,0.438084,0.0,1.0,81.2191,31.7565,14.4297,150.664,73.1219,31.9454,6.64052,144.692,110.485,29.6948,3.71483,165.059,112.427,29.3063,12.7805,160.465
18453_1641_x24165_y10580,9.0,611.0,3880.4,4473.65,5371.86,93253100000.0,106331.0,174.027,296.603,1.17382,3519.76,11.3404,5.52182,1.0,25.0,0.115776,0.0858687,1.23749e-05,0.649165,828.225,977.842,0.0,4574.7,1752.57,1987.56,17.1519,8440.83,0.727575,0.445949,0.0,1.0,73.5999,32.9577,3.84869,169.556,70.4729,33.4691,1.9495,173.262,117.246,28.8294,19.328,169.927,113.816,32.1427,15.1575,168.934
17781_6355_x6443_y33777,4.0,258.0,3862.61,2712.57,2192.2,22969000000.0,29569.6,114.611,219.668,0.704404,2992.5,12.0,7.48643,1.0,28.0,0.139388,0.110633,0.0,0.560996,385.029,495.094,0.0,4143.12,1318.34,1703.02,6.54363,9207.41,0.724409,0.448581,0.0,1.0,74.6646,31.4107,1.81682,146.683,68.0933,38.6215,3.32812,161.187,113.566,32.9393,22.5009,165.091,113.736,35.4085,25.261,174.938
18464_00045,10.0,484.0,1506.22,1842.93,2466.07,6845460000.0,39035.6,80.6521,96.3462,0.59555,1108.14,27.6281,16.8012,1.0,59.0,0.111033,0.0894085,0.0,0.552672,2163.52,1007.63,0.0,3003.17,4034.36,1953.48,9.30632,6393.0,0.729958,0.444921,0.0,1.0,78.346,38.8224,2.24198,171.174,74.265,41.5779,10.4361,172.717,110.561,33.1393,4.43458,164.871,112.278,35.9262,9.93828,170.971
18453_2991_x13607_y7348,7.0,401.0,3101.48,1843.03,5900.67,33728900000.0,71568.5,178.475,305.434,2.77274,3605.22,10.197,5.62882,1.0,23.0,0.152925,0.121469,4.04801e-05,0.728982,1099.83,1324.83,0.0,4201.44,2191.94,2660.45,7.97692,8101.92,0.695431,0.461397,0.0,1.0,75.2246,30.5563,0.111504,166.321,68.495,33.0314,4.6755,164.854,115.593,24.7132,21.5421,167.641,113.352,28.0867,33.6794,165.914
191812_4445_x5426_y10324,9.0,537.0,2619.91,4062.93,7362.43,78369600000.0,101991.0,189.927,312.911,1.31755,3614.19,9.41713,4.14264,1.0,20.0,0.117887,0.0912352,4.37054e-05,0.690812,844.357,919.731,0.0,3717.02,1887.54,1680.48,15.6076,6834.05,0.734848,0.442252,0.0,1.0,71.466,28.7804,4.97022,145.557,67.3949,34.6609,3.53084,172.393,121.746,23.5026,50.2196,168.911,112.362,29.632,11.3422,165.025
18869_5343_x5414_y5337,9.0,519.0,7245.77,4775.43,4542.32,157172000000.0,87096.7,167.816,256.35,1.03209,1916.17,12.5761,6.2907,1.0,26.0,0.113822,0.0839968,1.72531e-05,0.566269,2126.49,1948.99,0.0,6765.9,3597.26,3211.87,12.6617,9869.65,0.721569,0.449108,0.0,1.0,77.6367,28.2021,5.33069,171.245,69.0001,31.0675,1.8848,174.361,114.577,28.1374,4.26662,168.456,114.006,27.023,19.9275,166.685
18455_00200,8.0,500.0,2132.38,2028.17,1947.8,8423900000.0,29351.0,58.702,81.4918,0.287551,963.184,21.444,12.9308,1.0,51.0,0.105239,0.0872499,0.0,0.594311,2309.93,1190.78,0.0,3113.29,3619.76,1845.96,9.82939,5334.23,0.719512,0.450153,0.0,1.0,79.1057,29.7707,5.10084,167.731,73.3486,33.4021,5.28181,165.986,112.494,27.2076,21.3155,167.193,115.393,28.1652,26.3664,165.705
18454_01092,6.0,360.0,1617.26,2508.46,2032.27,8244580000.0,31407.4,87.2427,263.914,0.721368,4833.56,10.5333,5.82034,1.0,26.0,0.113711,0.100539,0.0,0.554558,1805.05,971.142,0.0,2564.0,5309.11,2866.23,9.88363,7538.31,0.751412,0.43342,0.0,1.0,76.243,32.9577,2.75952,172.108,66.1136,34.2569,8.35173,169.503,115.723,28.9885,20.9699,167.49,116.107,30.6254,12.81,168.361
pre_18864_00163,7.0,445.0,2286.0,3743.25,4713.83,40336500000.0,83077.6,186.691,352.017,0.357029,4815.54,12.8112,8.12628,1.0,32.0,0.127174,0.0944462,0.0,0.58199,1016.4,1196.7,0.0,3452.02,2019.1,2492.87,14.7756,10185.5,0.689498,0.463759,0.0,1.0,74.5734,33.1354,8.09944,174.442,67.8571,35.2549,1.87135,173.901,115.83,30.9801,9.70727,171.038,115.419,33.8687,18.7799,175.61
18455_00210,11.0,597.0,3039.6,2436.59,2171.4,16082000000.0,49412.0,82.7671,152.766,0.632204,3221.56,12.6013,6.02332,1.0,24.0,0.0991747,0.0784165,0.0,0.572798,2835.89,1434.56,0.0,3944.74,4304.02,2104.15,5.40724,6158.04,0.706485,0.456152,0.0,1.0,77.976,32.3481,1.29703,178.212,67.4372,30.9665,2.51549,178.212,113.341,28.8108,27.0823,164.285,119.664,28.3823,11.8987,167.655
18454_01082,10.0,498.0,1372.66,2238.76,2236.32,6872340000.0,43352.5,87.0532,124.946,1.00213,2127.96,10.3454,4.72261,1.0,21.0,0.081286,0.0581288,0.0,0.376956,1796.17,997.563,0.0,2634.31,3072.3,1697.59,10.0236,4973.6,0.70082,0.45884,0.0,1.0,71.6882,30.2592,2.76555,160.69,61.7621,30.054,4.84946,153.462,118.729,27.4403,1.89349,175.724,123.891,26.6964,15.6293,168.78
18869_4054_x19963_y5080,7.0,403.0,5208.81,4925.33,3009.71,77214400000.0,71000.5,176.18,326.692,1.31073,3432.34,13.397,6.63559,1.0,23.0,0.154215,0.133346,2.24206e-06,0.773543,1635.53,1461.88,0.0,5625.46,3247.56,2911.96,17.1193,8519.03,0.737374,0.441177,0.0,1.0,78.8661,39.1588,0.366354,173.047,71.617,33.1526,3.61324,174.697,107.059,36.2991,1.09392,175.874,109.54,30.5149,32.8771,168.74
18869_4764_x5211_y5995,9.0,519.0,6190.85,4328.98,4624.62,123940000000.0,79758.0,153.676,270.469,1.30879,2515.22,13.0385,6.46691,1.0,25.0,0.111662,0.0936877,1.92176e-05,0.759292,1674.22,1616.69,0.0,5599.86,2926.66,2874.82,10.7441,8964.07,0.729412,0.445137,0.0,1.0,78.8525,31.3608,2.39045,169.002,67.8538,32.7865,7.74257,163.005,114.37,27.9412,29.6284,167.811,114.821,30.226,24.8755,168.548
18868_3799_x6462_y13405,10.0,682.0,7518.35,2615.68,5405.78,106308000000.0,68342.1,100.208,233.112,0.919981,2398.69,16.9648,11.7314,1.0,47.0,0.12206,0.0926225,0.0,0.725775,2991.05,3038.23,0.0,7294.97,4616.88,4584.44,13.7285,11419.2,0.72619,0.446577,0.0,1.0,79.4741,30.1245,2.13462,165.557,72.5217,35.8778,4.52708,172.981,112.951,28.4612,11.085,163.333,112.371,31.8106,8.16082,173.967
18869_3701_x5589_y7633,9.0,315.0,3107.92,1970.16,3891.25,23826500000.0,39424.4,125.157,217.804,1.44233,1912.71,8.9619,4.6889,1.0,19.0,0.127744,0.104215,5.79162e-06,0.592093,764.286,1255.28,0.0,3899.15,1679.8,2637.72,18.753,8219.16,0.705882,0.457141,0.0,1.0,76.9538,32.3989,3.86186,164.788,68.5951,33.9863,5.6609,166.768,113.03,28.9243,5.5995,173.58,111.953,31.3227,26.5244,174.312
18867_4677_x24410_y14710,6.0,658.0,949.43,1917.25,1021.0,1858520000.0,31144.0,47.3313,84.2178,0.534549,1457.86,11.4498,4.80659,1.0,28.0,0.116048,0.0952736,0.0,0.655311,1254.27,462.584,0.0,1647.61,2096.7,766.222,15.3373,3029.61,0.714724,0.45224,0.0,1.0,83.0556,32.5248,0.614029,178.254,78.0066,36.2268,6.61149,174.042,109.856,27.5344,36.0401,161.742,108.19,31.6397,20.9016,168.239
182724_2494_x6419_y20983,7.0,1191.0,9106.05,5403.6,4741.27,233296000000.0,168972.0,141.874,240.724,0.763084,2395.98,20.2024,8.7559,1.0,42.0,0.126243,0.107521,0.0,0.899394,3264.63,2873.81,0.0,9335.13,4992.32,4283.44,11.4944,13062.8,0.72973,0.444475,0.0,1.0,79.227,32.1069,3.5276,156.419,72.1477,35.5848,0.0,173.986,111.727,27.761,7.53134,170.909,108.847,30.9174,6.13179,170.631
18869_4371_x21382_y5522,6.0,230.0,1795.4,3892.06,2376.6,16607200000.0,24171.1,105.092,245.362,1.21984,2928.91,8.7913,4.62855,1.0,19.0,0.124475,0.100528,1.76577e-06,0.498525,850.756,906.626,0.0,2547.64,2050.41,2332.24,10.2832,6198.55,0.732143,0.444833,0.0,1.0,84.6904,31.6321,32.4353,174.657,78.1173,36.164,14.1579,178.073,108.22,29.6778,9.24029,159.013,108.635,33.3884,23.4658,167.574
18457_00003,7.0,297.0,1097.35,1893.78,995.97,2069760000.0,16665.1,56.1113,118.945,0.624161,1862.27,9.90909,5.23261,1.0,21.0,0.136124,0.122882,0.0,0.836605,999.832,717.468,0.0,1716.77,1698.71,1135.78,13.3481,3128.26,0.751724,0.43351,0.0,1.0,86.1424,34.7136,8.16167,174.696,89.2136,37.4398,13.9394,168.271,103.076,31.2385,10.3665,162.304,96.3457,36.837,10.0442,170.639
18867_4593_x26568_y15120,5.0,669.0,3669.63,2010.44,1448.43,10685900000.0,35819.1,53.5413,78.311,0.827395,1018.37,14.7997,8.57524,1.0,38.0,0.134354,0.116899,0.0,0.807152,1287.83,965.543,0.0,3512.55,2190.02,1428.72,16.4027,5485.98,0.725904,0.446731,0.0,1.0,82.7277,33.8243,4.34013,170.042,82.9679,41.6496,5.64275,173.161,111.469,29.5074,18.0385,164.677,102.91,35.3221,7.24614,170.111
18453_5862_x33046_y12305,6.0,356.0,4690.52,5156.38,4910.57,118767000000.0,90915.9,255.382,341.947,1.05353,2371.78,14.0056,8.04319,1.0,33.0,0.141508,0.116049,1.69419e-05,0.666294,1880.31,1790.73,0.0,5522.62,2799.29,2317.47,10.624,7713.02,0.742857,0.438313,0.0,1.0,63.5005,37.7502,1.49836,161.233,66.9567,35.22,2.78489,157.407,115.612,33.3181,0.444575,172.866,111.901,32.8183,4.92999,165.243
191812_3176_x5144_y19229,9.0,351.0,3606.76,1795.0,6185.17,40043600000.0,77617.7,221.133,342.962,1.71651,3948.51,7.45014,3.20396,1.0,14.0,0.12919,0.103332,2.76244e-05,0.532762,768.329,994.538,0.0,3548.38,1699.96,1875.54,14.0519,6961.54,0.707602,0.4562,0.0,1.0,73.2573,29.2034,15.3976,156.464,72.9981,33.4324,10.4844,164.186,120.556,24.498,22.3368,168.024,110.217,28.2373,23.2194,167.585
18457_00013,8.0,422.0,1611.96,2138.42,1544.32,5323340000.0,33712.3,79.8869,152.049,0.60168,2870.44,17.7014,12.916,1.0,43.0,0.152775,0.114397,0.0,0.787388,1873.05,935.282,0.0,2574.29,3783.4,2002.46,16.7195,6514.75,0.68599,0.465245,0.0,1.0,81.132,40.6165,0.613874,163.943,75.0896,38.9316,3.26171,177.785,102.89,38.1107,4.26964,165.425,110.731,35.9916,12.0037,165.309
17302_00121,9.0,339.0,3271.35,3405.37,2198.31,24489500000.0,39982.7,117.943,195.699,0.568925,1890.27,14.351,8.61663,1.0,32.0,0.121431,0.0924808,0.0,0.620628,1846.95,1277.22,0.0,3141.73,6011.72,4318.67,8.27534,10187.3,0.727273,0.446718,0.0,1.0,69.9057,35.3344,4.49022,167.367,65.4836,37.0124,4.84739,163.708,117.024,32.8715,5.06785,169.929,119.774,30.2964,4.9158,166.357
17302_00059,6.0,194.0,1809.1,1823.79,910.93,3005540000.0,20587.3,106.12,126.066,0.261785,789.209,7.86598,3.64096,1.0,17.0,0.170728,0.130174,0.0,0.877659,366.796,513.669,0.0,2137.27,684.463,652.985,10.0783,3148.18,0.723404,0.449713,0.0,1.0,80.0105,33.7415,2.48115,159.872,82.3979,36.53,13.2119,171.602,105.625,30.5123,5.60195,169.73,98.3039,32.2348,27.8256,160.503
18465_00059,8.0,584.0,3477.1,3315.23,1852.95,21359700000.0,52629.2,90.1185,117.541,0.939961,1157.18,19.6575,11.4861,1.0,35.0,0.107695,0.0824406,0.0,0.590983,2141.93,1464.49,0.0,3661.54,5773.99,4066.51,10.2337,9738.11,0.732639,0.443353,0.0,1.0,69.4596,33.9031,0.886272,165.035,61.6711,29.3442,5.28488,161.977,119.348,30.2365,28.5907,173.657,124.092,27.2325,11.7249,171.631
17302_00049,8.0,448.0,3237.52,2827.15,1958.44,17925500000.0,44987.8,100.419,223.678,0.716118,4021.08,10.6384,5.80431,1.0,28.0,0.12386,0.106414,0.0,0.65033,1870.5,1237.4,0.0,3144.75,4981.62,3329.91,8.68968,8380.42,0.713636,0.453092,0.0,1.0,75.6665,35.6302,1.99906,174.883,73.9132,36.8624,3.72791,173.131,112.475,34.8665,10.6302,175.823,110.77,34.7493,9.5163,170.209
18868_3552_x28542_y9340,4.0,230.0,5100.08,4342.61,3684.08,81593700000.0,31663.0,137.665,401.894,0.743763,3544.88,9.2087,5.00567,1.0,23.0,0.152465,0.115467,0.0,0.627675,1919.41,2186.9,0.0,6644.92,3264.1,3576.72,18.4681,9060.43,0.699115,0.460686,0.0,1.0,82.3415,38.4942,0.298399,174.146,75.4806,35.9837,7.53169,165.711,108.139,32.0956,0.466203,158.684,104.562,32.8523,21.0685,161.334
18464_00184,6.0,392.0,2372.33,2630.45,1819.85,11356400000.0,35434.5,90.3942,164.388,0.89753,2665.07,11.8776,6.35725,1.0,27.0,0.111865,0.0869908,0.0,0.508415,2161.68,1367.13,0.0,3492.5,3605.79,2251.38,8.18335,5856.71,0.689119,0.464058,0.0,1.0,70.953,32.0166,7.74886,161.416,64.4129,26.4726,13.3349,164.022,116.309,28.4744,13.3691,167.231,120.547,26.3557,24.0459,164.545
18864_4267_x2794_y21031,9.0,435.0,3095.7,4268.57,7060.28,93296100000.0,78430.8,180.301,327.115,1.68081,5416.27,10.6414,5.74938,1.0,24.0,0.119258,0.102447,3.9088e-05,0.651225,741.332,1595.71,0.0,7300.09,1713.02,2283.8,10.0653,9899.6,0.737089,0.441251,0.0,1.0,72.0565,28.8462,0.863978,148.804,70.8751,32.2564,8.26939,155.991,119.221,23.6424,43.0975,164.046,110.881,30.5845,13.067,164.276
18864_4429_x7945_y3080,8.0,358.0,3084.67,2051.72,2726.99,17258800000.0,46904.7,131.019,216.435,1.21986,2704.18,9.42458,5.96523,1.0,25.0,0.124047,0.106271,5.32647e-06,0.647032,350.184,479.456,0.0,1765.64,765.876,965.602,11.8859,3576.73,0.702857,0.458311,0.0,1.0,70.9853,27.4141,8.49838,151.968,70.1948,34.5291,0.583712,161.291,120.245,22.7248,43.0368,163.393,114.827,29.4043,16.4142,170.548
18453_6675_x8876_y4461,7.0,435.0,4224.5,2626.45,7010.75,77787400000.0,70765.2,162.679,436.857,1.16766,8061.11,11.492,6.31849,1.0,26.0,0.120742,0.0911217,6.172e-06,0.672952,1137.02,1592.35,0.0,6655.1,1835.56,2200.23,14.787,9461.01,0.686916,0.464836,0.0,1.0,74.7305,28.4985,1.03685,161.569,71.2523,32.4883,3.61535,166.908,116.126,26.5908,2.42863,167.155,112.701,31.4475,3.74272,171.117
18454_00002,4.0,214.0,2578.62,2061.93,1184.1,6295780000.0,15680.9,73.2751,149.932,0.724982,1728.39,13.0467,8.19296,1.0,28.0,0.126128,0.106351,0.0,0.696607,1265.43,991.384,0.0,2693.71,2999.36,2116.52,12.1407,5878.84,0.828571,0.378691,0.0,1.0,78.3897,35.655,1.12858,168.654,76.8417,37.0012,13.8752,171.754,106.74,33.7179,28.0204,170.93,101.4,39.3753,0.739737,162.261
18464_00194,4.0,448.0,2748.52,2957.55,2996.25,24356200000.0,62682.5,139.916,211.346,0.323592,2775.06,13.558,6.40164,1.0,25.0,0.14229,0.103455,0.0,0.813204,1866.98,1051.28,0.0,3077.33,5355.83,3203.37,10.6844,8560.86,0.72973,0.445103,0.0,1.0,74.645,31.9954,4.83393,163.434,68.7786,35.7955,3.33813,162.342,119.343,26.464,20.1249,174.602,111.417,31.6027,16.0441,171.128
17545_00053,5.0,293.0,1971.92,1703.9,1124.96,3779810000.0,37494.3,127.967,168.532,0.50513,1005.42,10.1263,6.12382,1.0,25.0,0.200765,0.143122,0.0,0.799878,292.083,341.065,0.0,1511.05,874.711,617.426,14.7932,2238.76,0.743056,0.438474,0.0,1.0,80.5343,36.4864,5.86817,175.533,87.9017,38.686,4.64585,175.966,105.091,33.7866,8.40403,169.51,96.5208,34.2207,13.7208,161.874
18455_00256,12.0,424.0,2319.93,778.83,3203.67,5788490000.0,41849.9,98.7025,131.558,0.495831,1408.81,13.2311,10.3123,1.0,39.0,0.0922056,0.0787164,0.0,0.595094,2239.14,1487.94,0.0,3526.93,3357.94,2274.69,10.6033,6738.13,0.742718,0.438201,0.0,1.0,77.3604,33.7062,3.01502,173.333,70.0094,37.7367,5.87616,177.803,116.602,28.4842,15.474,169.929,118.702,30.1432,21.9912,164.933
18457_00194,6.0,440.0,1804.33,2786.05,1407.85,7077200000.0,35721.5,81.1853,154.955,0.577456,1670.01,11.4682,5.18135,1.0,22.0,0.104932,0.0846455,0.0,0.574947,1846.45,1118.56,0.0,2982.03,3614.06,2223.72,11.9771,6029.79,0.737327,0.441104,0.0,1.0,73.9155,30.3587,6.16915,156.698,67.0142,30.9066,8.5723,176.26,116.362,27.0615,26.4791,170.066,119.345,25.1017,33.534,169.073
18458_00419,5.0,493.0,1566.52,3890.72,3300.58,20116700000.0,48767.7,98.9203,205.064,0.446443,3502.46,12.6227,5.43772,1.0,22.0,0.105257,0.08692,0.0,0.553726,2542.54,1650.76,0.0,3937.98,5678.02,3613.02,15.7042,8664.28,0.729508,0.445127,0.0,1.0,73.3094,33.9049,1.27142,167.947,69.0236,32.632,7.26761,167.423,118.586,28.0363,12.0896,165.398,114.047,29.2367,8.27645,164.493
18457_00184,3.0,311.0,836.22,1434.3,431.65,517717000.0,15615.2,50.2095,55.8399,0.93151,436.878,16.582,10.496,1.0,44.0,0.124857,0.103123,0.0,0.609442,525.964,363.938,0.0,1349.16,930.271,663.36,15.4572,2324.32,0.785714,0.411665,0.0,1.0,75.4911,34.1543,4.63875,171.001,71.3185,37.3925,8.81024,163.062,112.091,28.2549,31.2794,167.846,112.902,34.3725,27.3263,166.937
18458_00561,7.0,635.0,1272.75,3177.73,2554.13,10330100000.0,59218.3,93.2572,120.522,0.311195,1326.62,13.9701,7.41199,1.0,31.0,0.0885528,0.0719541,0.0,0.619991,1896.65,1094.38,0.0,3132.1,3682.48,2164.1,18.1376,6524.58,0.703822,0.457299,0.0,1.0,71.2345,30.7514,3.20081,168.253,62.5348,30.4134,3.92956,176.604,118.779,28.2994,10.7986,171.752,122.046,28.8023,13.4232,172.216
18864_6821_x5144_y6844,7.0,415.0,1807.09,1722.05,2428.03,7555760000.0,63638.5,153.346,182.823,0.532451,2008.49,9.66024,4.81471,1.0,21.0,0.133325,0.0996187,0.0,0.636159,680.258,627.457,0.0,1881.54,1208.28,1083.99,14.1227,3970.47,0.696078,0.461081,0.0,1.0,70.6175,29.7251,5.51387,164.776,69.637,32.1103,6.44501,171.406,119.247,28.3037,1.78168,168.489,114.446,28.1475,17.7724,164.307
18455_00048,7.0,757.0,1653.99,2285.7,2586.43,9778060000.0,60174.0,79.4901,105.432,0.739764,1291.84,14.8573,6.94218,1.0,31.0,0.0908901,0.0772519,0.0,0.601822,2057.84,953.846,0.0,2904.66,3887.06,1860.5,7.19661,5817.18,0.698667,0.45945,0.0,1.0,75.5175,31.3154,6.80263,177.285,67.6697,30.2967,7.0043,173.7,113.713,30.0352,2.2681,166.578,116.537,28.5646,7.14747,173.201
18455_00120,7.0,237.0,859.5,2959.35,955.13,2429440000.0,19208.8,81.05,176.53,0.48439,2375.37,10.4093,5.33111,1.0,20.0,0.107777,0.0866915,0.0,0.496075,2024.95,1052.36,0.0,2786.92,3938.24,1995.35,12.0749,5421.12,0.704348,0.458332,0.0,1.0,77.752,33.368,6.0879,173.951,64.7271,32.4633,7.26863,154.092,115.223,28.3881,11.0931,162.536,121.239,26.5192,29.3033,167.492
18453_4899_x10111_y5917,7.0,211.0,945.76,1203.96,1279.34,1456730000.0,33640.6,159.434,184.308,1.4962,1175.39,8.72512,5.01714,1.0,20.0,0.141748,0.111159,1.28619e-05,0.618471,243.884,179.421,0.0,779.933,915.917,810.173,15.0297,2635.8,0.715686,0.453315,0.0,1.0,68.304,27.8125,8.35583,140.238,65.1543,30.8337,9.16795,148.325,124.972,20.671,66.8562,167.844,116.533,30.5091,23.8273,163.195
191812_5158_x9017_y25877,11.0,303.0,4759.28,5413.2,4096.03,105526000000.0,61516.6,203.025,463.466,1.49693,6557.47,6.94059,4.14431,1.0,20.0,0.112197,0.0979185,0.000289642,0.709283,800.909,1627.41,0.0,5810.34,1367.59,2388.28,10.2873,8614.45,0.739726,0.440294,0.0,1.0,68.9936,32.3847,1.19896,150.308,64.5232,35.0505,4.58805,156.16,122.053,27.0715,14.0784,171.575,118.425,30.3135,35.1546,165.311
18470_3582_x22459_y29708,8.0,576.0,4926.25,6588.88,2726.15,88486700000.0,82760.3,143.681,298.149,0.639002,3700.78,18.684,11.1477,1.0,38.0,0.152471,0.105581,0.0,0.650738,1468.56,1853.09,0.0,6815.47,3357.36,4138.66,12.2595,12798.0,0.760563,0.427493,0.0,1.0,78.8567,36.1385,0.910696,171.407,74.8829,35.1936,1.39962,160.371,110.545,33.4164,8.10058,165.844,105.05,33.4659,5.57375,163.442
18455_00199,7.0,759.0,2436.99,1992.45,3395.64,16487800000.0,82462.7,108.647,136.046,0.661992,1607.34,15.9038,7.65964,1.0,31.0,0.0920939,0.0718588,0.0,0.56346,2343.19,1429.72,0.0,3748.57,3980.6,2401.39,21.1754,6764.25,0.715426,0.451813,0.0,1.0,70.5705,30.2172,0.857825,160.831,61.1517,28.5079,1.08917,158.957,119.607,28.9538,3.36414,171.932,124.683,26.0477,25.9599,169.157
18867_7790_x21511_y18480,8.0,286.0,3710.72,4725.52,4056.67,71134000000.0,49022.2,171.406,391.425,1.03073,5453.65,7.62238,4.27937,1.0,21.0,0.160174,0.104172,8.88056e-05,0.60644,2937.28,2018.68,0.0,5551.03,5231.12,3587.84,15.027,10397.2,0.733813,0.443562,0.0,1.0,77.8716,29.9228,4.9902,154.652,64.8843,32.7987,9.30264,152.832,114.672,28.0676,41.6871,169.984,116.473,29.556,20.9812,170.308
18465_00177,8.0,688.0,2580.38,3699.69,1411.8,13477900000.0,69427.7,100.912,167.219,0.57554,3341.05,17.4506,12.7158,1.0,48.0,0.106721,0.0905615,0.0,0.878344,2418.59,1621.22,0.0,3997.99,4573.76,3063.35,10.526,8019.26,0.711765,0.453609,0.0,1.0,78.0061,33.137,6.06372,170.039,67.7121,34.6617,6.62194,170.318,111.761,29.9582,10.7575,173.381,116.586,29.7736,14.8072,166.697
18453_6576_x22528_y4353,5.0,173.0,816.93,334.293,675.71,184532000.0,13072.3,75.5624,107.297,1.72641,1022.06,7.95954,4.39392,1.0,17.0,0.160111,0.108548,4.60621e-05,0.671018,209.978,123.174,0.0,516.657,417.998,251.895,19.7874,1239.9,0.75,0.435613,0.0,1.0,78.8283,30.1907,7.59307,153.311,76.5699,31.8381,7.9706,170.111,110.58,26.1848,49.3573,158.442,105.532,27.7573,31.4203,160.27
18868_4863_x31402_y10126,11.0,549.0,5855.32,4692.94,4625.72,127109000000.0,65972.5,120.169,252.659,0.586134,3026.04,11.918,6.81231,1.0,27.0,0.127845,0.0936659,0.0,0.636019,1540.72,1638.05,0.0,5550.29,2835.77,2982.2,25.5494,10218.7,0.754647,0.431098,0.0,1.0,82.0543,34.7345,0.258701,174.106,71.9054,32.4196,8.32732,157.413,108.539,31.9553,0.97994,171.709,113.266,29.1565,19.9463,171.108
236174_3729_x13645_y9551,5.0,373.0,6370.37,2924.71,2071.24,38590300000.0,90058.6,241.444,434.432,2.75198,4556.41,10.8499,4.61577,1.0,22.0,0.119392,0.115325,1.35484e-05,0.625686,3804.6,2200.98,0.0,5918.5,5441.54,3138.77,16.0198,9920.15,0.728261,0.44607,0.0,1.0,65.9633,26.8302,0.967218,166.083,63.047,31.3322,4.58182,174.888,124.377,25.4322,4.91327,172.865,118.098,31.4023,10.2465,165.358
17109_4101_x6753_y6197,5.0,461.0,3847.61,3574.16,9017.33,124006000000.0,144714.0,313.913,491.142,0.450911,7141.47,9.04338,4.20433,1.0,19.0,0.137769,0.119303,0.0,0.662878,2302.85,3093.42,0.0,7938.87,3353.47,4054.49,23.4753,12195.3,0.697368,0.460408,0.0,1.0,68.3604,30.5433,1.08038,178.701,67.8681,31.6807,3.21835,167.705,118.022,28.7624,0.162639,168.903,111.736,31.3127,22.4461,164.873
18454_00054,9.0,719.0,4820.45,1655.41,2012.61,16060300000.0,66962.5,93.1329,187.2,0.315206,4259.39,17.5118,11.0663,1.0,45.0,0.0984522,0.078295,0.0,0.64212,3214.21,2003.04,0.0,4840.13,5288.3,3357.3,6.78757,9290.04,0.723944,0.447676,0.0,1.0,74.3027,33.1508,5.67228,166.958,68.4266,32.7839,3.5217,172.811,115.743,31.9689,1.10135,172.892,115.735,31.369,12.4728,172.433
18864_3338_x3396_y21865,5.0,299.0,2514.56,3500.58,2481.65,21844500000.0,63615.3,212.76,274.61,1.1205,3125.71,11.709,6.6271,1.0,25.0,0.162146,0.11636,4.06374e-05,0.680385,615.908,940.479,0.0,3451.49,1819.6,1883.81,10.6138,7033.31,0.70068,0.459526,0.0,1.0,77.5144,32.4772,3.67008,164.972,78.1379,36.3991,4.76959,175.555,113.882,27.996,20.0438,168.227,103.53,34.4331,16.0328,162.515
18867_5083_x14145_y15212,6.0,514.0,1678.38,1556.15,2487.79,6497640000.0,32735.4,63.6876,141.129,1.02483,1868.19,10.6537,4.4696,1.0,24.0,0.11538,0.0830241,1.95172e-05,0.545432,1050.99,364.6,0.0,2243.88,2141.92,748.046,14.4768,4064.58,0.724409,0.447694,0.0,1.0,83.6501,30.6692,0.960952,177.399,76.9437,34.3886,3.19218,172.541,113.994,23.3928,13.124,164.891,111.928,27.5124,18.6165,175.147
236174_3536_x15159_y25525,4.0,472.0,6326.56,5123.15,7133.64,231215000000.0,181483.0,384.497,552.124,0.59143,5972.61,12.25,5.37678,1.0,23.0,0.151992,0.14046,0.0,0.930868,3287.12,2144.87,0.0,6935.11,6125.69,4038.08,17.9535,13264.7,0.675214,0.469299,0.0,1.0,59.7082,28.4913,1.15709,140.634,64.699,32.8622,1.26422,162.647,127.335,24.8326,23.9052,171.26,108.998,36.3517,4.60966,170.762
18462_00031,13.0,757.0,4558.3,2173.37,3015.06,29869800000.0,81889.1,108.176,183.739,1.14952,3837.4,17.2087,10.501,1.0,42.0,0.0948737,0.0750713,4.61199e-07,0.666677,3464.27,1905.31,0.0,4961.92,5769.69,3154.93,5.48922,9600.13,0.733871,0.442528,0.0,1.0,75.652,30.1126,2.45962,169.806,66.1249,28.9624,7.01081,152.389,115.134,26.2482,24.3736,165.919,120.167,26.6248,12.6704,166.634
18454_01105,9.0,279.0,1032.32,2484.69,1807.69,4636720000.0,20510.5,73.5144,149.295,0.633002,1969.41,10.6703,5.46791,1.0,20.0,0.105475,0.0830151,0.0,0.524423,1714.15,1048.79,0.0,2655.3,3524.22,2189.58,12.8437,5401.52,0.718519,0.451397,0.0,1.0,75.1998,29.7278,4.32839,146.532,69.7933,32.3367,6.08085,167.195,118.684,22.4455,49.1724,164.388,119.817,24.6468,21.8019,168.505
18457_00055,10.0,362.0,1187.87,1705.01,2175.34,4405780000.0,29410.7,81.2451,151.087,0.308771,1970.28,10.7735,5.81226,1.0,22.0,0.129152,0.114701,0.0,0.791091,1488.09,905.258,0.0,2482.23,3362.82,2131.79,10.8664,5462.59,0.721591,0.449495,0.0,1.0,75.1164,32.102,6.33622,156.638,69.0557,31.2982,7.20458,161.969,113.999,29.9268,15.3455,167.637,114.818,29.2837,2.48061,171.154
18462_00021,7.0,343.0,877.47,2551.53,1730.25,3873840000.0,25314.4,73.803,158.225,1.19072,2444.88,12.1487,6.79943,1.0,27.0,0.0795793,0.0707929,3.94523e-06,0.46644,1855.9,935.7,0.0,2558.86,4042.32,2032.71,10.5283,5664.13,0.72619,0.447245,0.0,1.0,73.6161,32.8529,0.649591,173.452,65.2363,32.8178,7.60853,165.429,118.595,31.4411,21.3008,165.217,121.902,27.9476,33.5415,167.359
18454_01115,8.0,430.0,871.1,2767.85,1304.01,3144070000.0,28897.8,67.2043,161.421,0.599209,3119.5,8.78605,3.65158,1.0,16.0,0.116281,0.0979219,0.0,0.889841,1942.74,1008.81,0.0,2683.64,3479.23,1773.39,14.3717,4979.39,0.691943,0.462788,0.0,1.0,72.2143,29.7981,5.55848,164.34,70.0384,34.0531,2.35452,169.61,120.12,25.4977,30.0147,169.633,115.675,30.8585,6.09336,169.473
18457_00045,7.0,473.0,1880.12,1710.34,2228.92,7167420000.0,41164.3,87.0281,126.868,0.515372,2100.19,11.6004,5.56843,1.0,23.0,0.128052,0.0936692,0.0,0.687711,1933.98,970.824,0.0,2812.08,3558.84,1798.86,4.86431,5171.83,0.699571,0.459432,0.0,1.0,73.536,34.8394,1.99685,178.95,67.7833,32.6873,2.49499,177.43,113.451,32.1889,0.24016,168.602,117.59,29.2204,12.5325,169.057
18867_4926_x25796_y14504,6.0,662.0,1055.75,1115.01,1693.79,1993880000.0,22704.0,34.296,83.3657,0.224735,1612.91,12.1088,4.72227,1.0,25.0,0.131223,0.113491,0.0,0.681733,1153.04,434.439,0.0,1699.62,2087.3,782.151,20.8425,3688.8,0.731707,0.443748,0.0,1.0,86.6495,33.6974,9.09064,175.611,79.9455,39.0935,2.71153,175.492,104.239,28.974,7.31656,161.794,101.134,34.6815,7.94867,171.512
18462_00053,9.0,491.0,2645.54,3266.85,2815.88,24336500000.0,52848.8,107.635,186.097,0.965454,2404.44,11.3503,5.43641,1.0,21.0,0.096331,0.0737492,0.0,0.416075,2691.9,1434.35,0.0,3766.6,4723.73,2525.95,12.2597,7066.74,0.705394,0.456814,0.0,1.0,73.1938,36.8287,4.86789,171.711,66.1113,31.2016,3.67744,160.267,113.569,33.8643,3.46813,175.121,120.316,26.5524,40.0891,170.349
18457_00037,5.0,319.0,2113.69,1445.52,447.85,1368350000.0,13098.4,41.0609,93.0533,0.307642,1508.81,12.8433,7.48965,1.0,28.0,0.141275,0.131041,0.0,0.687541,1145.94,905.6,0.0,2161.33,1659.63,1225.88,8.58349,3313.97,0.77707,0.417544,0.0,1.0,86.2493,34.9514,7.94242,164.694,86.112,38.3255,7.94242,167.8,104.289,30.818,27.9048,166.892,96.3268,36.1871,12.6071,162.144
18462_00043,4.0,260.0,2706.79,1731.0,1172.6,5494160000.0,28007.5,107.721,148.597,1.15836,1470.39,10.7769,5.80143,1.0,27.0,0.153745,0.133689,3.99415e-06,0.685297,618.188,833.389,0.0,2742.22,1086.29,1034.42,15.1263,3867.06,0.742188,0.439149,0.0,1.0,83.9158,37.4823,4.07449,173.058,81.0333,38.8906,12.0329,178.237,104.425,34.3252,14.1744,164.571,99.8326,34.5348,15.7215,165.028
18457_00027,10.0,458.0,1158.1,2008.98,2026.03,4713760000.0,31254.9,68.2422,152.604,0.59376,2948.15,10.262,4.36531,1.0,19.0,0.13261,0.100028,0.0,0.704313,1772.2,851.247,0.0,2341.11,3604.45,1758.71,14.0327,4843.63,0.727679,0.446151,0.0,1.0,80.9898,32.609,4.42914,171.937,71.5474,30.9056,10.2571,162.766,105.454,34.2209,3.18037,168.109,114.028,29.3353,19.4169,166.413
17545_00088,4.0,468.0,3020.6,3271.5,2431.89,24031700000.0,40993.8,87.5937,207.874,0.301791,2922.92,9.75214,3.66453,1.0,17.0,0.136519,0.0976595,0.0,0.634997,2015.64,1608.95,0.0,3581.12,5020.42,3962.72,0.301791,8761.27,0.719828,0.450054,0.0,1.0,78.0578,36.8026,2.8176,177.475,70.4315,37.6915,4.35091,162.379,111.651,33.0034,4.6788,169.14,115.363,31.9585,16.1632,167.106
18867_5408_x30554_y7318,7.0,303.0,1607.05,3806.04,2903.17,17757200000.0,30903.5,101.992,248.413,0.648351,2735.04,11.4356,5.82655,1.0,21.0,0.143301,0.115831,0.0,0.862478,863.094,1044.55,0.0,3492.78,2028.19,2540.29,12.0192,6502.72,0.716216,0.452364,0.0,1.0,73.349,30.3521,11.9726,162.11,70.2454,34.8506,3.33873,177.819,114.355,27.2595,12.8614,161.013,109.62,34.2223,2.89965,170.961
18869_5213_x7186_y4274,6.0,596.0,3813.36,5605.02,3556.23,76010700000.0,72918.5,122.347,254.681,0.435158,3399.35,14.0168,5.63629,1.0,25.0,0.124144,0.0982887,0.0,0.569611,2479.45,1903.49,0.0,6106.45,5143.04,3597.7,15.6315,9825.17,0.711864,0.453664,0.0,1.0,80.8102,31.9508,0.279811,171.928,74.1495,34.7894,6.88012,173.151,111.942,30.6453,0.755593,171.041,106.925,33.3862,4.72168,159.716
17302_00115,6.0,384.0,898.63,2243.98,1894.6,3820470000.0,32872.5,85.6054,139.89,0.363599,2105.16,14.0573,8.66745,1.0,34.0,0.126875,0.086167,0.0,0.4901,1653.32,894.367,0.0,2396.16,3670.23,2001.14,11.5908,5775.56,0.714286,0.452954,0.0,1.0,76.2423,33.3706,2.36038,170.811,72.4205,37.0476,9.14395,174.026,113.738,30.5169,5.25816,166.65,113.824,33.5294,11.834,168.397
236174_3229_x11951_y11316,6.0,450.0,3744.26,3928.8,8435.2,124086000000.0,144928.0,322.062,445.766,2.36768,3193.61,11.0267,4.92068,1.0,21.0,0.121003,0.119631,6.58668e-05,0.83076,2593.34,1791.15,0.0,7419.67,5658.96,3814.25,17.0205,12554.8,0.720721,0.449659,0.0,1.0,65.9402,32.1578,5.36194,161.808,71.6293,34.6801,8.30645,165.552,124.02,29.322,0.695845,170.853,109.928,33.6597,4.36952,165.604
17788_4719_x3512_y9492,11.0,953.0,4803.97,4256.99,10086.2,206268000000.0,183561.0,192.613,342.439,0.987304,6882.08,30.4187,18.4551,1.0,67.0,0.181036,0.123544,0.0,0.778672,1790.13,2236.77,0.0,9329.88,8233.92,6138.32,8.98791,21555.0,0.730361,0.444244,0.0,1.0,75.1734,39.7491,0.282567,177.892,75.1873,41.4344,1.70403,177.241,107.813,36.537,0.21771,170.015,104.341,37.751,8.28457,167.233
18869_5150_x8933_y7652,7.0,697.0,2367.58,1695.07,2073.6,8321800000.0,34118.4,48.9504,93.6301,0.72862,1304.34,17.6227,10.2721,1.0,45.0,0.103842,0.093277,0.0,0.849073,988.271,381.951,0.0,2526.09,1754.17,683.556,15.5652,3719.39,0.733333,0.442859,0.0,1.0,80.6536,29.3645,2.59605,169.577,74.933,32.5733,6.12302,174.418,114.23,24.9172,0.8421,164.069,113.373,27.1073,4.86221,164.655
17302_00105,4.0,228.0,2157.3,1924.7,976.97,4056530000.0,12063.9,52.912,102.892,1.72011,1133.3,18.5965,10.6657,1.0,41.0,0.140626,0.116186,2.12821e-05,0.629556,1520.57,839.109,0.0,2357.33,2229.24,1169.98,10.4566,3696.61,0.848214,0.360426,0.0,1.0,88.6132,36.6807,14.5781,167.445,87.4465,39.1977,3.33268,176.176,101.954,31.9099,4.90617,165.445,96.8202,34.4426,22.3245,170.733
18465_00115,5.0,397.0,3701.49,3234.14,1905.62,22812400000.0,44861.4,113.001,310.697,0.647115,5841.74,13.5491,7.93125,1.0,31.0,0.088228,0.0803202,0.0,0.475598,2470.84,1572.81,0.0,3751.64,5938.43,3747.06,10.7099,9869.55,0.734694,0.442627,0.0,1.0,72.0619,29.1459,3.93218,164.062,68.8827,28.8084,4.45858,157.455,117.168,28.7548,12.1964,175.623,116.075,28.7597,19.3362,170.16
pre_18467_00104,3.0,265.0,2771.36,3543.12,3313.35,32534600000.0,48566.8,183.271,322.044,0.803242,2390.47,10.7208,5.1062,1.0,24.0,0.147099,0.112199,0.0,0.59061,1383.14,1265.01,0.0,4363.26,2314.02,1757.22,7.29002,6193.99,0.80916,0.394471,0.0,1.0,75.1964,37.7835,3.94006,170.677,75.0535,36.6133,3.1343,166.826,111.813,34.3556,6.19653,169.777,102.388,32.1664,30.5919,169.487
18864_3015_x3194_y23588,7.0,565.0,3153.16,4200.87,7029.48,93112600000.0,95856.2,169.657,249.001,1.57007,2536.73,11.5027,6.80155,1.0,28.0,0.134271,0.103462,2.33321e-05,0.691572,931.445,1279.93,0.0,4438.14,1666.9,2013.56,11.4093,7447.56,0.724014,0.447813,0.0,1.0,74.6277,30.1006,0.308096,167.112,70.989,31.7673,1.50117,167.272,117.825,27.297,1.88691,170.021,113.468,29.0907,34.0737,162.856
18458_00148,6.0,824.0,3950.06,3531.61,2715.19,37877100000.0,73677.1,89.4139,284.2,1.25318,4762.09,22.5413,13.1331,1.0,48.0,0.0992153,0.0833692,7.36339e-06,0.545373,2043.54,822.431,0.0,2737.88,8460.55,3515.55,14.2985,14289.1,0.731051,0.443956,0.0,1.0,74.8984,33.232,2.58006,169.705,73.8159,35.7521,0.774651,168.854,117.539,28.2706,22.7364,170.83,114.086,30.928,17.5248,168.403
18464_00061,5.0,185.0,869.75,1190.93,826.68,856285000.0,9738.26,52.6392,67.8368,1.02652,536.691,7.11892,3.80602,1.0,17.0,0.167223,0.135813,7.67983e-06,0.768423,503.995,547.155,0.0,1445.83,794.433,773.84,13.41,2265.5,0.711111,0.455785,0.0,1.0,76.8246,32.3863,2.62635,149.265,79.0213,41.1196,9.97624,163.695,114.377,28.0147,30.2101,166.297,105.647,34.5714,18.9263,165.438
18464_00119,8.0,558.0,2138.02,1705.43,2591.18,9448070000.0,46472.5,83.284,157.773,0.725036,3057.52,16.5376,8.23169,1.0,31.0,0.103991,0.0871606,0.0,0.54022,2257.46,1142.55,0.0,3235.46,4765.49,2454.09,10.8054,6959.99,0.72,0.449817,0.0,1.0,75.4641,36.1635,2.18479,167.395,70.2038,34.384,2.95437,177.514,113.716,32.7772,8.15227,170.744,114.507,30.418,12.4941,172.373
18864_00023,7.0,409.0,903.53,1569.43,3663.38,5194770000.0,43046.8,105.249,177.801,0.826004,3131.62,8.73594,4.62397,1.0,21.0,0.114063,0.0912535,0.0,0.717369,258.627,222.771,0.0,1043.68,568.151,540.996,9.08989,4234.77,0.701493,0.458746,0.0,1.0,76.9979,30.1954,0.349721,159.746,70.6825,33.8929,1.8523,170.701,115.776,26.8081,6.83534,166.616,115.937,30.688,28.1086,169.542
18455_00152,9.0,511.0,1846.34,3573.1,2405.08,15866700000.0,49400.6,96.6743,175.418,0.715329,2135.49,13.0665,7.86201,1.0,30.0,0.0928527,0.0875951,0.0,0.711882,2400.38,1444.56,0.0,3725.72,5128.99,3160.06,11.7963,8625.8,0.721116,0.449347,0.0,1.0,72.755,34.3941,4.80528,176.758,66.4306,36.7872,1.10011,178.84,119.246,29.1413,19.492,173.526,119.366,30.8086,18.695,171.824
18455_00142,14.0,420.0,1381.53,2264.16,2136.72,6683670000.0,36328.3,86.4961,114.549,0.671148,1554.68,17.4143,10.1396,1.0,41.0,0.104971,0.0785009,0.0,0.521967,2039.52,946.167,0.0,2845.05,3486.14,1636.91,11.166,5621.99,0.743842,0.437589,0.0,1.0,78.2239,31.691,4.95011,172.219,71.8119,32.533,3.06201,173.352,113.965,28.3299,13.6177,165.383,114.792,32.3122,7.60463,169.653
18455_00224,4.0,246.0,1630.92,1081.95,1008.4,1779400000.0,15951.7,64.8442,100.81,1.1729,1278.12,10.6992,5.35276,1.0,22.0,0.144045,0.128754,7.61501e-06,0.65837,720.969,595.536,0.0,1486.44,1306.46,976.947,10.9714,3037.94,0.818182,0.387298,0.0,1.0,76.0717,34.4193,4.97638,168.709,71.4834,38.9298,2.46942,157.683,112.991,29.027,2.21848,166.345,107.929,35.1609,13.1922,168.537
pre_18864_00147,7.0,331.0,3688.59,3681.22,3877.75,52654100000.0,62929.7,190.12,276.518,0.806249,2177.69,9.29607,5.47639,1.0,21.0,0.142817,0.0938085,0.0,0.573528,908.505,1228.73,0.0,3597.22,1592.56,1948.22,19.7037,6078.71,0.703704,0.458039,0.0,1.0,75.4283,31.9869,1.80609,153.849,70.1771,34.0605,5.98569,172.97,118.745,24.9905,48.0963,168.501,113.204,27.3904,36.591,166.875
17545_00149,9.0,205.0,1095.77,902.97,1095.47,1083910000.0,28310.5,138.1,153.286,3.23398,907.59,6.67805,2.84463,1.0,12.0,0.190575,0.116394,4.3661e-05,0.685558,194.26,145.064,0.0,737.369,518.069,317.138,13.6814,1451.87,0.714286,0.454077,0.0,1.0,72.8077,29.6473,2.6373,141.461,74.9999,36.8518,6.82682,159.792,115.363,26.015,51.4538,165.887,100.876,35.2811,16.4796,162.64
17787_00049,4.0,276.0,4114.8,1171.03,1668.79,8041150000.0,18272.0,66.2028,166.583,0.49847,1959.4,9.68841,5.20252,1.0,25.0,0.203228,0.16834,0.0,0.838097,934.47,1420.19,0.0,4244.46,1440.49,1953.17,14.4725,5970.86,0.742647,0.438792,0.0,1.0,78.2836,34.282,0.679677,175.444,76.2688,33.4723,15.1409,158.14,109.695,32.8944,0.690793,158.924,102.742,33.4438,15.3055,165.702
182724_2525_x8483_y21088,12.0,690.0,8870.6,4840.71,4075.86,175017000000.0,131980.0,191.276,369.348,1.11216,5389.14,16.0551,8.78578,1.0,36.0,0.110453,0.0877174,1.64904e-05,0.623602,2828.16,3000.18,0.0,8320.32,4485.23,4733.07,15.3235,13562.3,0.725664,0.446839,0.0,1.0,74.4724,30.8288,7.84073,176.206,69.268,32.8804,5.17265,172.773,117.189,28.7367,0.590869,167.195,113.894,30.4551,27.1597,166.976
17545_00159,5.0,337.0,1290.97,2280.12,1222.61,3598830000.0,19350.0,57.4184,69.9683,0.900543,480.869,12.2226,7.13274,1.0,33.0,0.171991,0.123779,0.0,0.785052,365.487,477.826,0.0,2118.94,774.785,657.67,17.1207,3279.53,0.740964,0.439431,0.0,1.0,85.2452,32.4887,12.3002,176.426,85.5106,38.2292,6.51219,179.317,104.652,30.2468,3.61218,155.766,98.1134,34.0703,8.90791,162.637
18868_3564_x27379_y8431,7.0,799.0,10683.1,6018.32,5882.13,378189000000.0,95962.9,120.104,224.38,0.983673,2114.0,19.7359,11.8903,1.0,42.0,0.158887,0.126009,0.0,0.770948,4253.64,4154.1,0.0,10438.0,7376.93,7020.17,18.7965,17663.5,0.719697,0.449715,0.0,1.0,80.0849,36.4963,3.17032,175.179,73.3928,38.3076,5.15953,172.185,108.002,32.7192,2.34736,166.011,109.132,35.1998,12.3374,173.383
18868_4634_x13823_y16687,4.0,500.0,1236.73,1643.03,1689.31,3432650000.0,27000.2,54.0004,127.533,1.01837,1921.9,23.948,17.0171,1.0,58.0,0.127984,0.111143,2.67523e-06,0.851235,1672.21,650.466,0.0,2048.44,2815.84,1275.3,16.1519,5556.88,0.75,0.433888,0.0,1.0,85.0465,36.0799,9.02016,176.424,81.1637,38.9773,3.09162,177.522,107.117,32.9465,1.78033,162.617,103.82,33.4664,16.8876,167.598
18457_00112,6.0,1356.0,5466.99,3647.76,3065.45,61132000000.0,145885.0,107.585,161.29,0.698399,1946.55,20.292,9.39295,1.0,56.0,0.119938,0.084381,0.0,0.632691,3884.14,1666.21,0.0,5735.05,6959.59,2861.53,13.0866,11492.7,0.773333,0.418986,0.0,1.0,77.2057,30.989,0.968627,177.678,70.2868,32.6043,2.20167,174.804,114.334,27.8035,8.77949,170.662,113.4,28.7894,23.5601,169.246
18454_01042,9.0,321.0,1149.72,2672.48,1389.42,4269140000.0,29399.2,91.5862,186.092,1.43654,2516.88,8.35826,4.15549,1.0,19.0,0.103175,0.0787453,2.88065e-06,0.471114,1952.58,1011.11,0.0,2759.91,3580.5,1813.32,9.27075,5117.22,0.737179,0.441583,0.0,1.0,72.5533,27.546,12.6781,158.546,64.8606,29.9706,11.4044,158.546,120.991,23.082,50.9858,160.751,121.499,24.6871,38.5071,170.749
18457_00102,6.0,714.0,2616.78,3337.08,1647.42,14385900000.0,50028.6,70.068,144.448,0.414159,3244.35,19.4174,13.3269,1.0,51.0,0.107453,0.0873572,0.0,0.636964,2613.79,1345.99,0.0,3732.06,5103.66,2683.5,10.6968,8007.16,0.728814,0.445201,0.0,1.0,78.237,34.4233,7.48467,169.418,70.073,34.2877,2.82748,179.636,111.91,30.5097,20.7513,168.677,115.056,31.0046,20.2511,167.75
18867_5082_x26232_y14941,4.0,496.0,871.02,1206.35,1809.02,1900840000.0,28300.0,57.0565,75.8022,1.32663,850.311,9.74194,3.58306,1.0,18.0,0.134216,0.0950649,5.34554e-05,0.805995,969.369,345.581,0.0,1344.06,1731.25,620.105,10.2575,2831.55,0.686992,0.464663,0.0,1.0,77.2189,29.0463,10.6585,164.223,74.7352,32.5599,16.0235,162.355,118.31,24.0374,13.8285,162.014,112.064,28.2057,21.0764,170.895
18454_01052,8.0,180.0,1561.56,2353.8,1950.02,7167500000.0,17719.9,98.4438,182.986,0.62044,2071.19,6.57778,4.28582,1.0,19.0,0.0955233,0.0927271,0.0,0.694481,697.642,1023.45,0.0,2842.65,1141.35,1607.24,7.47973,4779.0,0.755814,0.432123,0.0,1.0,62.5462,28.3116,6.79969,156.447,54.9503,23.9718,7.68661,127.252,128.58,21.5234,55.6216,162.844,131.425,20.6637,59.1781,169.828
pre_18464_00099,3.0,59.0,814.33,903.49,1351.78,994557000.0,7419.08,125.747,251.777,1.90992,1912.42,4.22034,1.69246,1.0,8.0,0.0939607,0.0961872,0.000302988,0.683558,168.521,174.945,0.0,895.531,330.411,414.581,11.444,3016.85,0.75,0.440959,0.0,1.0,72.7062,40.9601,6.93841,140.13,60.7356,45.8357,7.73515,156.142,117.713,37.6281,29.2225,161.291,122.402,39.994,36.9982,166.074
17302_00030,3.0,215.0,2170.77,1750.66,728.1,2766980000.0,20770.1,96.605,114.437,0.806059,865.317,10.1349,4.71183,1.0,21.0,0.163997,0.0993071,0.0,0.454406,574.021,667.333,0.0,1932.96,924.08,819.572,13.1002,3263.11,0.726415,0.447916,0.0,1.0,77.4453,33.7384,11.8074,167.929,80.8404,35.4576,11.549,163.827,112.662,27.1579,39.1065,162.808,100.613,28.4362,14.9598,164.388
18465_00030,5.0,301.0,743.74,1660.88,848.18,1047730000.0,14435.1,47.9573,90.1368,0.776373,953.376,13.7043,7.26881,1.0,28.0,0.109949,0.10148,0.0,0.680564,815.095,592.322,0.0,1485.08,1190.36,795.506,11.4719,2140.91,0.736486,0.442034,0.0,1.0,84.5851,32.0366,13.9409,164.429,79.7646,37.8678,5.41563,170.258,108.068,30.5104,34.7458,161.921,103.941,36.8797,2.13064,165.392
18465_00148,6.0,222.0,3333.37,3159.51,2387.2,25141500000.0,28976.6,130.525,484.566,0.484725,7015.6,7.08108,3.49825,1.0,15.0,0.110582,0.105632,0.0,0.593118,1922.38,1758.8,0.0,3867.59,5260.83,4786.28,12.4476,10678.0,0.731481,0.445255,0.0,1.0,61.6871,29.3235,10.8059,151.965,57.1595,33.3157,2.53935,172.098,125.739,22.7528,39.3548,166.315,125.798,30.2943,31.4011,173.907
17302_00020,7.0,615.0,2633.03,2544.66,1725.97,11564300000.0,47129.6,76.6335,107.977,0.709644,1597.19,22.7138,13.3867,1.0,45.0,0.125114,0.0812507,0.0,0.621665,2453.64,1391.81,0.0,3471.08,4692.91,2683.68,12.0202,7434.85,0.713816,0.452722,0.0,1.0,76.0949,31.9904,0.649578,179.554,68.0367,35.5596,3.84226,174.091,111.253,30.5494,2.02277,166.926,117.314,32.824,2.00057,170.855
18464_00085,6.0,394.0,4299.28,1481.41,1690.3,10765500000.0,20590.3,52.2596,115.115,1.01617,1498.5,15.8782,10.8628,1.0,40.0,0.160515,0.138598,1.77663e-05,0.734029,2224.92,1925.51,0.0,4301.77,3324.72,2769.78,9.82585,6472.89,0.778351,0.416431,0.0,1.0,80.8736,36.8124,5.48237,178.609,82.5609,35.026,10.4274,168.604,110.643,31.0368,24.0507,166.05,101.773,32.5337,2.78574,166.643
18869_5444_x13271_y3998,8.0,838.0,6057.75,5853.19,3026.04,107295000000.0,109247.0,130.366,209.512,0.563361,1989.21,15.0167,8.12667,1.0,35.0,0.113497,0.108869,0.0,0.87992,2262.92,2013.58,0.0,5500.96,4221.25,3935.26,15.9051,10955.8,0.710843,0.453918,0.0,1.0,80.7536,30.8841,5.39424,169.653,68.196,34.2286,3.37577,176.007,113.075,29.8798,4.10262,170.26,115.607,31.7138,13.6151,170.552
18869_5431_x21494_y4633,8.0,600.0,756.7,983.52,1334.25,992988000.0,30228.6,50.3811,54.2141,0.896073,404.733,10.13,3.97569,1.0,21.0,0.0928297,0.0782098,0.0,0.838749,189.959,147.454,0.0,871.905,366.032,192.618,11.8153,1120.14,0.719595,0.449958,0.0,1.0,81.3201,28.6266,2.14035,169.523,73.7748,30.21,15.2784,165.512,112.505,25.4573,6.31734,165.169,113.623,25.6197,25.3908,164.021
18465_00089,9.0,463.0,1095.41,2218.58,2391.52,5812000000.0,34637.2,74.8103,128.687,1.18656,2282.4,16.1274,10.6539,1.0,43.0,0.127967,0.0969107,1.93704e-06,0.527976,2170.35,1018.51,0.0,2890.28,3608.31,1716.79,8.41468,5623.45,0.770925,0.421166,0.0,1.0,81.2364,35.4444,3.9301,166.531,71.1908,35.6376,2.76757,165.65,109.164,31.8367,3.39776,161.096,113.491,31.8307,10.9997,166.74
17302_00099,8.0,268.0,375.26,733.88,1038.58,286021000.0,17142.3,63.9639,72.0231,0.428716,731.862,9.93284,6.08578,1.0,27.0,0.174791,0.123285,0.0,0.817703,228.964,210.659,0.0,733.407,955.59,861.251,11.1007,2629.58,0.715385,0.452977,0.0,1.0,78.1028,31.4671,2.53813,165.036,76.2721,37.5242,9.82987,173.235,110.029,29.946,29.4291,170.315,106.743,33.8148,1.5964,162.323
236174_5738_x11712_y6818,5.0,373.0,5370.68,4886.05,4874.33,127909000000.0,111664.0,299.367,385.466,1.76403,3508.23,11.0214,5.35659,1.0,22.0,0.137841,0.108391,7.90476e-06,0.606187,2072.08,2008.26,0.0,5727.94,3762.22,3087.59,12.9916,9389.87,0.695652,0.461386,0.0,1.0,68.3759,30.6235,4.55776,152.596,74.0549,36.1264,12.9704,168.363,121.657,26.849,3.99114,173.287,105.703,34.437,19.7403,161.203
18453_2645_x28684_y11703,7.0,547.0,3854.47,3688.63,7597.75,108023000000.0,97250.2,177.788,373.695,0.640854,6450.92,11.7057,6.59387,1.0,26.0,0.124512,0.0967434,0.0,0.876608,679.533,811.648,0.0,2956.17,1231.95,1400.34,9.29199,7500.64,0.714815,0.452341,0.0,1.0,76.1059,31.2004,3.29318,171.166,70.2076,33.0707,6.20649,171.818,116.202,27.9472,6.96167,167.695,115.757,28.9827,17.7816,166.985
17787_00014,8.0,464.0,4130.77,1869.36,963.2,7437730000.0,24320.8,52.4156,113.488,0.348471,1651.89,15.5302,8.6481,1.0,35.0,0.148578,0.116368,0.0,0.586248,1717.96,1769.53,0.0,4127.89,2476.88,2286.77,13.8944,5702.28,0.763158,0.42608,0.0,1.0,87.9583,36.5842,16.2142,174.539,88.2949,38.7539,6.59302,170.04,101.899,33.051,10.748,164.815,97.7372,33.1459,12.7226,169.72
18867_3994_x27846_y7437,7.0,601.0,5148.13,5801.56,3054.91,91241600000.0,73349.8,122.046,277.795,1.00272,4756.08,14.5108,9.78572,1.0,42.0,0.128452,0.106347,1.45111e-05,0.722924,2146.28,2649.92,0.0,6833.19,3645.8,4365.39,13.3524,13885.8,0.757576,0.429273,0.0,1.0,79.9962,31.3232,1.34563,176.642,74.72,36.7758,6.80771,170.394,110.627,31.5777,0.34524,160.508,107.935,35.392,1.33644,164.964
18864_3488_x3691_y22599,7.0,355.0,4406.17,3888.8,4774.45,81808800000.0,72113.4,203.136,319.032,0.994102,3040.21,10.0479,5.43118,1.0,23.0,0.146082,0.118063,0.0,0.602571,984.533,995.201,0.0,3851.56,1852.19,1601.66,7.91061,6138.22,0.741379,0.43914,0.0,1.0,71.7422,36.8654,0.42555,171.675,70.397,39.2492,2.51789,174.925,112.327,36.8147,6.85112,170.756,109.347,33.7992,4.87928,174.96
18458_00273,8.0,356.0,1105.61,2236.27,1886.66,4664660000.0,27362.0,76.8596,155.965,1.25137,2637.13,10.5449,4.97438,1.0,22.0,0.126648,0.104392,8.18664e-07,0.597226,1826.76,968.372,0.0,2631.34,3188.56,1644.38,5.58224,4690.5,0.735632,0.442269,0.0,1.0,78.6643,34.4416,3.51865,172.593,69.8635,33.4074,5.56799,155.84,112.43,31.0196,16.4104,168.86,117.623,30.7432,15.5339,170.647
18463_00012,5.0,269.0,1111.29,3056.49,1755.6,5963150000.0,28653.6,106.519,226.447,1.43711,3117.59,8.6803,4.3256,1.0,18.0,0.0888473,0.0811179,6.75418e-06,0.720344,1683.25,1054.15,0.0,2551.53,3876.13,2501.67,14.1919,6376.51,0.719697,0.450858,0.0,1.0,74.1412,33.2749,6.55033,162.443,65.0916,36.4779,3.07374,168.344,118.115,28.7397,11.5596,169.557,119.175,30.8976,21.0221,166.916
182725_5012_x5980_y10427,11.0,593.0,10038.4,7070.66,4017.26,285138000000.0,88967.1,150.029,384.292,0.734052,6200.54,13.5396,7.59749,1.0,29.0,0.136998,0.115742,0.0,0.805754,1813.03,2481.18,0.0,9689.96,3470.84,4492.58,12.4145,17326.1,0.714777,0.452299,0.0,1.0,74.1803,33.9542,0.770896,174.734,71.1775,36.9032,2.65994,170.186,115.159,31.1078,9.25221,172.285,111.38,32.9303,16.5647,172.003
182725_7341_x4593_y22594,11.0,681.0,9728.25,6061.67,6219.22,366744000000.0,130160.0,191.13,339.689,1.06703,3911.15,14.8385,7.8379,1.0,32.0,0.136968,0.116674,4.41886e-06,0.938673,2121.59,2349.41,0.0,7866.59,5367.39,5856.75,12.4792,19251.0,0.743284,0.437475,0.0,1.0,77.5222,36.7615,0.763588,172.1,74.3067,40.1561,3.35931,176.031,107.981,35.0578,0.515694,161.832,107.466,35.6022,0.654225,168.038
18465_00287,10.0,376.0,2208.52,2061.15,2472.52,11255100000.0,29603.9,78.7338,185.481,1.1596,3313.88,14.0585,7.35766,1.0,27.0,0.119257,0.088927,6.58933e-06,0.65514,2371.97,1289.46,0.0,3395.13,4279.64,2332.12,11.2029,6232.68,0.770492,0.42167,0.0,1.0,78.6366,32.2007,8.24267,170.496,73.7119,31.2703,7.69173,166.321,110.795,31.1412,1.12797,158.982,114.31,24.7634,41.9252,171.559
pre_18864_00062,10.0,718.0,3613.09,3276.9,7593.77,89908200000.0,113203.0,157.664,258.421,0.568442,3373.18,11.766,7.19219,1.0,33.0,0.128139,0.0906924,0.0,0.769855,1031.9,1476.83,0.0,5435.9,1642.68,2165.47,18.4971,8524.96,0.731638,0.443734,0.0,1.0,71.6285,29.9684,1.13449,160.058,67.963,30.9666,4.99945,171.562,118.564,27.6989,6.6879,166.015,116.507,30.3373,10.5185,168.933
18454_01099,9.0,541.0,1432.1,2314.8,1548.06,5131860000.0,42122.6,77.8606,116.293,0.338301,2179.83,20.8373,13.6359,1.0,47.0,0.123265,0.0895702,0.0,0.674238,1878.82,970.618,0.0,2695.22,3771.56,1975.49,11.5477,5790.89,0.695489,0.461068,0.0,1.0,80.9774,32.244,10.4042,167.262,76.2893,33.8252,4.37388,175.287,111.085,29.3455,0.658396,170.913,111.03,29.6136,9.42361,169.303
18458_00444,7.0,501.0,2113.31,2624.87,1417.73,7864380000.0,44567.5,88.957,125.819,0.308605,1538.3,12.0339,5.78142,1.0,23.0,0.102512,0.0831104,0.0,0.603897,2058.84,1190.29,0.0,3061.05,3338.97,1903.14,10.2593,5285.84,0.740891,0.439035,0.0,1.0,71.5461,32.4674,0.0912066,174.954,65.5139,33.3116,10.0227,167.583,117.917,30.5046,0.189265,173.669,119.89,28.0049,23.664,164.086
18454_01089,7.0,379.0,765.4,2806.21,1558.91,3348340000.0,34305.6,90.5161,182.109,1.02805,3262.28,15.4855,7.87882,1.0,32.0,0.122301,0.087785,1.60043e-07,0.67489,1900.64,959.11,0.0,2557.07,4170.42,2121.97,9.6781,5979.63,0.688172,0.46449,0.0,1.0,76.0986,32.0083,3.12673,178.44,73.3226,32.6717,9.91097,165.231,117.053,28.5878,9.95051,164.379,115.372,27.8839,26.3545,163.61
17545_00176,7.0,751.0,1956.64,3707.1,2953.06,21419900000.0,69635.9,92.7243,228.322,0.0994734,5293.0,21.8921,12.2425,1.0,48.0,0.143531,0.101246,0.0,0.763394,2380.86,1000.43,0.0,3428.77,7361.75,3210.21,8.42818,14488.3,0.715054,0.451997,0.0,1.0,72.8729,40.7264,0.64573,177.311,74.0337,40.0744,8.04417,177.465,111.193,36.2731,7.13069,171.128,109.235,36.7114,3.43842,164.996
17545_00166,7.0,397.0,1436.35,2081.92,2739.2,8191210000.0,44316.5,111.628,156.776,0.377518,1892.79,17.1209,11.1621,1.0,36.0,0.146145,0.102561,0.0,0.854968,1806.3,1132.1,0.0,2804.61,4371.68,2908.02,11.419,7775.8,0.738462,0.440604,0.0,1.0,74.5906,36.9431,1.30623,174.428,74.1591,37.2669,8.03343,177.004,108.466,35.8022,0.691347,177.233,113.475,31.628,10.7314,170.13
236174_2801_x11376_y11451,7.0,569.0,5311.21,3736.4,3637.79,72191200000.0,163168.0,286.763,351.501,0.705857,2931.98,10.5044,4.86078,1.0,20.0,0.162032,0.108638,0.0,0.803677,999.066,944.106,0.0,4553.72,2270.62,1662.85,13.123,6779.01,0.704626,0.457024,0.0,1.0,62.1868,36.4094,0.376481,167.166,63.4417,35.0742,6.24598,170.749,115.93,33.4941,4.84158,171.527,113.209,32.2075,13.5142,170.839
17787_4690_x4440_y9176,7.0,433.0,3688.08,2969.31,2996.58,32815700000.0,76759.1,177.273,263.515,1.11511,3237.79,10.0855,5.50333,1.0,22.0,0.151453,0.1023,1.02321e-05,0.630274,635.494,827.277,0.0,3220.28,1425.53,1525.78,15.5175,5324.1,0.704225,0.457465,0.0,1.0,76.638,36.0196,1.46593,175.22,69.7724,33.3971,3.48753,164.61,106.709,32.5578,2.88448,165.412,111.956,28.6952,16.0359,169.269
17109_1901_x9602_y10508,6.0,258.0,2519.32,2850.38,5447.76,39120500000.0,72341.6,280.394,474.405,2.74551,4372.72,10.186,6.62241,1.0,28.0,0.145589,0.127593,3.70009e-05,0.644058,2300.48,1944.28,0.0,4718.5,4278.75,3688.17,11.3879,12311.2,0.746032,0.437017,0.0,1.0,69.1038,31.4336,6.86528,164.316,70.2713,38.0303,6.57286,177.214,120.791,27.3174,24.9768,169.446,112.941,32.3215,13.2414,161.313
18455_00015,9.0,629.0,1070.1,2770.39,2248.18,6664940000.0,53316.1,84.7633,128.503,0.860795,1628.18,12.5167,7.49406,1.0,34.0,0.0836782,0.0716604,0.0,0.540325,1774.98,1092.57,0.0,2734.26,3448.36,2153.86,9.82163,6116.73,0.687097,0.464425,0.0,1.0,75.6119,28.8366,11.8763,159.156,64.5706,30.2167,10.9404,172.757,117.121,26.6762,16.8972,166.132,122.02,27.6387,16.6658,170.476
18455_00005,5.0,257.0,1686.9,1930.94,1047.15,3410890000.0,21865.5,85.0796,110.612,1.56203,1151.58,9.14008,5.02609,1.0,23.0,0.137634,0.108132,5.12324e-07,0.486657,630.197,661.994,0.0,1992.22,1144.32,970.636,8.08639,3333.69,0.746032,0.437017,0.0,1.0,82.6084,29.8841,17.0212,171.27,84.4083,35.646,1.83625,168.135,108.611,29.8294,8.18455,154.534,96.5933,31.3862,18.3913,161.976
18454_00161,7.0,675.0,4077.13,1537.08,3585.3,22468600000.0,68125.9,100.927,140.291,0.722412,1653.34,19.083,10.3478,1.0,38.0,0.113835,0.0780142,0.0,0.633903,3156.93,1818.39,0.0,4585.59,5276.22,3046.13,6.77737,8798.28,0.712575,0.453241,0.0,1.0,76.3266,32.0113,4.2953,177.159,66.7968,31.1793,2.46521,165.46,109.834,30.8371,13.4223,166.35,117.713,28.7843,3.81704,173.102
18869_5033_x23046_y6158,9.0,491.0,3834.53,4822.19,4085.01,75535200000.0,74706.2,152.151,297.399,0.872389,3977.69,15.1181,9.10765,1.0,38.0,0.125486,0.105498,0.0,0.63146,1730.29,1745.84,0.0,5752.75,4386.7,4711.85,12.1672,13293.7,0.73444,0.44255,0.0,1.0,82.3072,32.7168,5.33837,168.564,75.8832,39.1566,5.79858,168.866,110.132,29.8214,2.62991,170.945,104.712,37.3625,3.13539,169.726
18454_00171,8.0,358.0,1540.62,2015.67,2935.28,9115160000.0,41368.2,115.553,177.494,0.476194,1891.35,8.96648,4.16992,1.0,18.0,0.0908482,0.077116,0.0,0.534712,1872.74,1162.41,0.0,2933.48,4146.02,2602.16,9.28221,6676.94,0.691429,0.463229,0.0,1.0,73.6036,33.5495,4.96262,166.451,61.1183,27.5666,5.8578,147.536,115.703,33.3502,14.6029,166.683,119.19,26.6617,29.3175,167.503
18454_00009,3.0,215.0,4641.55,2851.07,1523.44,20160300000.0,20323.5,94.5277,251.204,1.62088,3185.13,13.2977,8.5262,1.0,33.0,0.156878,0.126292,7.35892e-07,0.759245,2814.06,1960.64,0.0,4900.08,4960.45,3314.57,1.62088,8769.03,0.764151,0.426545,0.0,1.0,84.7447,37.8917,1.01783,150.185,76.5593,39.4512,2.71742,162.361,102.245,35.8607,1.73458,166.082,102.954,36.2029,9.28179,172.853
18453_4386_x31552_y9254,5.0,209.0,603.83,942.05,1108.9,630784000.0,23914.6,114.424,130.086,1.71027,758.508,7.95694,3.97505,1.0,17.0,0.159981,0.117177,1.72384e-05,0.69763,125.092,147.797,0.0,652.954,366.216,304.494,14.613,1360.64,0.72549,0.448471,0.0,1.0,76.4534,31.9252,4.16899,154.956,78.3795,33.6172,15.1152,165.795,111.358,27.1901,35.3986,165.351,108.137,29.6351,12.3775,162.96
17302_00052,5.0,357.0,1505.08,2074.35,3219.47,10051400000.0,41320.1,115.743,302.025,0.751908,3270.97,14.3165,7.99706,1.0,33.0,0.139051,0.0994306,0.0,0.579807,1819.71,1348.05,0.0,2999.52,5630.23,4301.97,4.9325,13662.7,0.721591,0.449495,0.0,1.0,74.4511,35.2052,8.16998,173.321,72.8112,38.4151,4.42377,178.374,109.34,33.5862,5.0942,165.482,109.179,35.1588,5.16165,171.682
pre_17543_01171,11.0,583.0,5129.9,2396.75,7996.62,98319000000.0,113716.0,195.053,324.622,0.173304,4969.22,11.1681,5.83795,1.0,23.0,0.114028,0.0927975,0.0,0.742748,974.48,1436.12,0.0,5948.06,1498.61,1934.52,0.173304,8285.4,0.713287,0.453019,0.0,1.0,66.233,34.6813,1.08637,177.849,63.5279,33.6996,5.40707,162.927,118.104,32.5023,3.55387,169.051,117.366,31.3972,28.0007,167.897
18457_00206,10.0,490.0,2364.15,3624.18,2671.71,22891500000.0,49167.8,100.342,167.604,1.22289,1746.65,10.8408,5.18405,1.0,23.0,0.0959125,0.0807148,9.03344e-06,0.501965,2792.98,1475.7,0.0,3987.08,4928.34,2552.91,14.3403,7093.44,0.704167,0.45737,0.0,1.0,69.1309,28.8812,2.85092,152.305,63.3853,25.4302,9.11168,154.851,121.001,25.4415,42.2866,166.751,122.637,23.1145,39.3047,171.848
191812_3915_x8011_y24180,11.0,551.0,4663.45,4234.98,9207.13,181837000000.0,138535.0,251.424,399.556,1.24695,5194.4,10.4809,5.58237,1.0,23.0,0.124931,0.0899018,2.3003e-05,0.721162,2222.99,2701.71,0.0,8646.32,3520.8,3967.92,16.5454,12952.5,0.681481,0.466767,0.0,1.0,64.6982,29.8426,4.11584,159.517,62.8905,29.3689,8.31656,153.827,124.753,26.1072,14.2201,175.782,117.15,27.1795,34.3173,170.114
18465_00052,4.0,360.0,3063.83,1819.56,2585.02,14411000000.0,34825.9,96.7386,155.725,0.92909,1757.33,11.7667,6.06474,1.0,28.0,0.104462,0.0806583,0.0,0.554159,766.314,565.804,0.0,2714.07,1250.47,927.857,12.1601,3547.7,0.747191,0.435848,0.0,1.0,71.7188,33.6668,2.18408,160.82,66.7354,35.6036,0.584382,166.302,114.302,30.3794,26.0064,165.523,114.824,31.2477,5.01761,169.424
18869_4268_x10899_y9077,6.0,642.0,511.82,1586.3,720.06,584617000.0,34325.0,53.4657,76.3406,0.398923,1127.78,13.2243,6.24708,1.0,28.0,0.115879,0.0921975,0.0,0.738519,350.577,246.909,0.0,917.424,1215.52,791.27,15.2273,3258.22,0.738994,0.439876,0.0,1.0,81.5823,35.047,0.736082,174.546,76.4487,39.1481,4.40164,177.961,109.377,29.6907,6.43848,168.56,108.702,34.852,5.48856,175.874
18868_5983_x17523_y5085,11.0,991.0,3683.37,5690.5,2878.86,60341500000.0,97147.6,98.0299,193.934,0.440558,3372.14,14.9011,8.03592,1.0,36.0,0.105422,0.0811285,0.0,0.536379,1945.85,1951.41,0.0,5402.19,3890.6,4173.07,17.0147,11297.3,0.716327,0.451241,0.0,1.0,78.1013,31.7476,0.464167,175.348,70.0948,33.5602,5.12136,169.073,113.384,28.9379,4.89204,173.336,115.137,30.3882,13.8874,171.026
18457_00170,4.0,218.0,2056.33,854.21,573.65,1007640000.0,10393.1,47.6748,120.736,0.381187,1611.5,12.7431,7.2727,1.0,27.0,0.156511,0.122854,0.0,0.634584,1021.9,777.585,0.0,1992.38,1639.23,1207.04,14.059,3630.79,0.757009,0.430908,0.0,1.0,81.6885,37.3118,9.21097,158.182,83.3235,41.7823,6.66822,170.734,105.691,35.9475,5.88917,167.422,95.0463,37.954,9.16784,165.648
18867_4533_x14227_y15937,3.0,759.0,3737.27,1257.43,1371.92,6447140000.0,37449.4,49.3405,71.991,0.754993,898.717,13.2424,6.38635,1.0,33.0,0.139709,0.12002,0.0,0.757085,1307.97,959.931,0.0,3623.99,2387.48,1486.54,24.1979,5968.94,0.738095,0.440254,0.0,1.0,79.9736,33.868,0.262091,176.444,75.7819,38.4125,3.24074,173.649,113.97,29.573,5.14601,171.509,107.23,34.3549,2.96576,169.629
18457_00008,7.0,421.0,5338.47,1691.41,1295.63,11698900000.0,25450.9,60.4535,176.657,0.476993,2842.85,24.5107,17.3843,1.0,58.0,0.151047,0.122446,0.0,0.796048,3369.69,1957.64,0.0,5091.06,5523.53,3230.74,13.5229,9337.51,0.84058,0.366955,0.0,1.0,82.3648,38.6482,6.25002,176.07,80.0686,37.3581,9.71807,169.723,104.243,36.7108,25.4065,170.937,100.128,34.6044,19.1941,163.399
pre_182712_00004,5.0,193.0,998.07,1327.57,746.33,988893000.0,15031.2,77.8819,78.5955,1.09891,505.26,9.98446,6.59978,1.0,25.0,0.163476,0.102289,2.8882e-05,0.559984,479.912,436.755,0.0,1341.61,913.0,746.683,9.33364,2572.16,0.734043,0.444211,0.0,1.0,77.4605,33.66,0.564993,148.106,68.2336,35.8351,2.61202,171.771,111.811,28.8085,7.47555,160.853,113.923,32.9453,16.6426,165.387
18453_7132_x31679_y7308,10.0,264.0,2891.19,2549.24,5163.5,38056800000.0,47220.7,178.866,444.474,0.476657,5811.77,8.03788,3.86346,1.0,17.0,0.145663,0.117382,0.0,0.593299,699.308,1064.08,0.0,3463.51,1220.74,1533.19,10.6838,6178.94,0.700787,0.459727,0.0,1.0,81.8313,30.9409,4.79131,174.277,77.557,36.0827,12.69,169.835,112.292,26.6304,31.7363,165.565,104.61,31.1615,32.163,163.711
18458_00585,9.0,761.0,5384.87,4636.07,3066.97,76565800000.0,123988.0,162.927,256.808,1.49224,3294.18,18.8108,9.64548,1.0,44.0,0.124016,0.0874496,1.74739e-05,0.625856,3559.93,2029.47,0.0,5773.23,6629.41,3747.76,8.59746,12216.3,0.763298,0.425624,0.0,1.0,70.2305,32.8725,1.21183,173.97,65.5904,31.6599,5.37891,160.971,116.826,29.1496,9.34537,174.301,115.263,30.1609,4.63268,170.134
18454_01030,7.0,227.0,357.75,3228.85,1461.07,1687710000.0,18102.3,79.7456,256.318,1.05576,3652.2,7.59031,3.93582,1.0,17.0,0.114809,0.0943753,1.28109e-05,0.549743,2096.79,1324.09,0.0,3073.18,3631.55,2256.88,11.5646,5379.24,0.709091,0.45626,0.0,1.0,75.4979,27.4963,19.9469,139.054,59.8837,28.4679,9.61133,138.63,119.217,24.4358,62.9795,168.706,127.814,23.4084,68.4358,170.288
236174_3215_x11999_y11133,6.0,546.0,6572.99,5639.3,4983.72,184732000000.0,177253.0,324.64,424.552,1.09812,2955.75,13.1465,6.44814,1.0,31.0,0.177046,0.145576,3.04517e-05,0.772772,2424.1,1375.87,0.0,5099.09,5183.67,3371.56,9.63883,13178.2,0.714815,0.452341,0.0,1.0,65.1331,33.3258,1.03637,170.372,76.1174,40.6592,4.84709,177.696,117.174,32.1945,0.576114,167.421,102.983,36.9503,6.70596,167.739
18457_00018,9.0,357.0,1316.3,2175.0,1893.55,5421150000.0,28979.0,81.1736,258.326,0.294483,4728.85,9.39216,4.15605,1.0,19.0,0.0992492,0.0880781,0.0,0.553114,1641.28,927.3,0.0,2349.83,4626.89,2599.31,15.998,6533.25,0.706897,0.456499,0.0,1.0,70.3968,28.3906,4.0819,150.553,65.244,28.5534,8.03719,151.743,118.11,24.3576,39.5159,160.798,122.247,25.1628,31.8102,168.087
18868_4132_x11881_y6094,7.0,483.0,3923.52,5019.33,2298.28,45261000000.0,50433.2,104.417,198.313,0.522387,1910.29,11.0497,5.53015,1.0,23.0,0.140151,0.121974,0.0,0.867249,1361.65,1489.18,0.0,4880.91,2304.92,2559.43,11.3316,8107.33,0.718487,0.450685,0.0,1.0,78.8217,31.4531,3.06378,167.372,75.4948,34.5759,3.33262,162.15,111.729,30.3324,25.8752,171.504,107.86,32.1359,25.7448,162.377
182724_3848_x8903_y23965,8.0,492.0,9876.92,4056.28,6749.05,270391000000.0,109669.0,222.905,407.13,1.72064,4575.9,12.3537,5.10829,1.0,23.0,0.120988,0.0965482,2.2862e-05,0.713278,2657.84,3750.98,0.0,10661.6,4405.99,5939.91,8.83798,17840.8,0.72314,0.448374,0.0,1.0,76.0069,28.7504,5.44367,177.148,69.1091,34.7677,4.00795,174.34,117.973,24.6823,22.93,172.437,113.109,29.4286,27.8389,171.444
18465_00302,5.0,581.0,3474.48,4387.7,3873.2,59046800000.0,82327.5,141.7,242.627,1.02569,3749.65,15.5921,10.1304,1.0,41.0,0.108491,0.0806644,8.28354e-06,0.5645,2258.78,1472.92,0.0,4558.54,5176.05,3581.72,11.654,11014.0,0.725694,0.44694,0.0,1.0,78.2155,32.0103,2.06308,176.515,68.9041,37.162,6.62951,178.083,113.102,31.0623,2.6872,166.574,114.755,35.2305,5.28731,174.283
18454_01006,7.0,683.0,1620.89,3794.13,2505.04,15405700000.0,59100.2,86.5303,148.183,0.631313,2666.54,21.6589,10.0536,1.0,37.0,0.0916747,0.0888797,0.0,0.762975,2621.64,1494.87,0.0,3794.57,7202.53,4086.43,6.81913,10643.4,0.715976,0.451617,0.0,1.0,73.5485,26.9602,5.85541,173.46,62.8361,29.7127,4.73876,174.353,118.291,24.7343,16.9616,167.985,122.121,26.4003,19.5166,169.802
18457_00146,9.0,521.0,1933.9,2058.17,1598.38,6362020000.0,37204.6,71.41,160.776,0.44314,3375.83,22.9463,15.78,1.0,53.0,0.110625,0.0946538,0.0,0.770597,1968.95,1009.83,0.0,2819.67,4444.91,2337.42,14.1953,6989.22,0.722656,0.448565,0.0,1.0,76.4529,31.7754,2.0921,172.768,70.7231,35.2676,5.86686,167.565,114.461,27.7353,24.7939,169.042,114.716,30.2623,12.699,167.198
18465_00312,6.0,480.0,2399.58,2799.8,2869.75,19280000000.0,67149.7,139.895,225.876,0.46558,3100.99,17.9667,11.1148,1.0,40.0,0.13667,0.104947,0.0,0.704327,1929.1,1012.98,0.0,2912.23,7495.71,4544.67,9.14905,13478.6,0.742616,0.438118,0.0,1.0,82.0782,37.3558,7.58285,177.055,80.6536,41.8413,1.84831,171.649,108.647,34.4451,3.57084,174.729,104.161,35.4615,2.53186,171.937
17545_00091,9.0,485.0,2106.93,2879.15,1417.46,8598550000.0,53039.1,109.359,222.255,0.375046,4049.59,11.5237,6.12659,1.0,24.0,0.128113,0.0789762,0.0,0.542225,1600.96,1019.53,0.0,2530.71,4883.36,3241.16,10.0129,8160.18,0.731092,0.444326,0.0,1.0,71.1114,33.7336,1.24626,163.535,66.6931,31.7598,4.2718,162.372,114.185,31.732,7.05275,173.088,116.268,29.7944,24.8247,168.027
18453_6229_x34471_y10482,9.0,349.0,1753.29,2760.18,10141.8,49080400000.0,63725.6,182.595,413.109,1.04239,6300.19,12.341,9.57283,1.0,36.0,0.139244,0.117188,8.89351e-06,0.691362,1887.25,3532.07,0.0,9820.82,2898.05,5050.62,6.64896,14597.3,0.717647,0.451474,0.0,1.0,82.1166,36.8172,7.33289,177.368,80.2663,34.8257,8.64759,177.171,103.765,33.78,9.77079,170.924,103.37,33.5583,5.40382,167.026
17545_00081,4.0,612.0,1483.03,2932.79,2589.28,11261900000.0,52938.5,86.5009,148.636,0.381225,2297.32,27.1438,17.7554,1.0,63.0,0.135102,0.101789,0.0,0.72373,1895.19,1035.31,0.0,2847.07,5540.22,3189.45,11.196,8719.09,0.733553,0.44283,0.0,1.0,72.3695,42.2125,0.252837,172.747,70.5356,38.1391,4.7456,173.574,109.92,39.8798,1.08421,168.381,113.075,36.468,1.72739,166.709
18454_00147,7.0,647.0,1779.68,3776.05,2822.17,18965400000.0,64240.9,99.2905,119.008,1.14023,1436.98,16.49,8.61003,1.0,36.0,0.0995542,0.0729937,5.76982e-07,0.544654,2236.67,1186.22,0.0,3443.41,4344.39,2467.56,15.7626,7424.25,0.73125,0.444004,0.0,1.0,76.3809,31.0839,3.24037,175.472,66.9153,32.1828,6.79626,163.895,115.05,27.6238,1.88447,166.668,118.719,28.7883,12.7368,164.521
18453_7024_x9012_y4138,8.0,590.0,6183.33,6117.92,7542.46,285325000000.0,89741.5,152.104,307.315,0.538454,3717.16,25.8136,23.2198,1.0,88.0,0.101774,0.103611,0.0,0.758261,2410.84,2133.56,0.0,6632.39,3453.91,3068.99,8.94239,11431.6,0.804124,0.397557,0.0,1.0,88.5852,49.0724,1.39099,176.941,85.0,55.7089,5.9629,179.581,94.3898,54.0986,0.258952,174.164,92.8119,55.6365,0.0765052,168.97
18869_3239_x6605_y6691,7.0,339.0,5732.17,3768.08,3494.55,75479700000.0,56510.0,166.696,302.335,1.64595,2245.61,11.6372,6.1597,1.0,22.0,0.126277,0.103266,1.04999e-05,0.696123,1912.58,1930.95,0.0,6640.08,3148.55,3092.48,17.4584,9510.26,0.728916,0.445865,0.0,1.0,75.3255,28.4872,5.39171,169.475,65.0768,32.6308,2.26713,163.691,116.742,25.9402,3.1784,171.916,118.026,28.0411,25.2875,165.24
18453_4283_x7739_y13735,8.0,592.0,5693.15,3758.07,3563.55,76243100000.0,155462.0,262.605,356.534,0.764266,2955.74,12.4223,6.19596,1.0,25.0,0.161784,0.137023,0.0,0.848246,1834.79,1503.2,0.0,4562.46,3685.48,2827.1,10.4609,8806.36,0.739726,0.439537,0.0,1.0,68.0512,37.1998,2.28033,170.92,71.1438,37.0684,5.65784,161.736,114.491,32.0594,10.976,170.144,107.487,34.564,14.6275,169.275
17781_6643_x22317_y12822,7.0,269.0,5172.8,3618.13,3521.83,65914100000.0,59198.3,220.068,437.407,1.19205,4867.26,10.1599,5.74265,1.0,23.0,0.143954,0.0996711,7.91214e-05,0.691039,2482.29,1967.12,0.0,5199.53,5818.46,4784.21,10.6944,13974.7,0.778626,0.416766,0.0,1.0,71.8515,37.5186,0.269791,172.647,68.7149,40.0831,3.78259,171.767,112.668,35.7844,1.85159,171.692,111.671,37.3557,5.18257,170.753
18454_00157,8.0,648.0,2932.17,2344.68,2644.03,18177700000.0,56932.7,87.8592,107.476,0.646987,1254.65,17.7654,9.36866,1.0,38.0,0.102369,0.0760975,0.0,0.537799,2359.97,1341.87,0.0,3669.26,3927.59,2278.89,10.1666,6887.61,0.715625,0.451823,0.0,1.0,71.4556,36.1216,0.123673,165.205,62.2405,31.9671,2.48241,175.977,113.114,36.4295,0.467811,173.648,121.257,29.2155,7.42692,170.574
17302_00074,6.0,248.0,1780.65,1203.33,728.18,1560280000.0,27301.5,110.087,128.33,0.693303,770.634,11.1532,7.36008,1.0,30.0,0.204066,0.139077,0.0,0.709755,263.647,298.464,0.0,1355.02,927.122,782.517,12.3699,3358.84,0.702479,0.459068,0.0,1.0,79.5056,35.1125,0.280224,172.368,82.8777,41.647,0.694514,172.577,106.396,35.9105,4.02571,165.001,91.2739,37.5966,4.03987,175.123
18867_4259_x9977_y8313,5.0,203.0,4466.08,4859.79,2822.51,61260300000.0,30409.3,149.8,389.605,1.09727,3324.69,8.20197,4.13193,1.0,16.0,0.150852,0.117556,7.82898e-05,0.609623,1278.86,1730.32,0.0,6620.42,2489.01,3129.61,13.0267,8747.63,0.757576,0.43073,0.0,1.0,78.1506,30.9297,8.90237,151.424,71.9428,33.7344,3.06495,143.917,111.497,27.0578,18.7884,161.964,104.814,33.8915,11.2328,171.184
17302_00064,7.0,309.0,3758.87,2574.19,2260.62,21873900000.0,29731.8,96.2196,264.05,0.727982,4053.33,11.4401,5.77448,1.0,22.0,0.147301,0.124449,0.0,0.643066,1728.94,1409.63,0.0,3203.02,5653.71,4628.39,10.7339,10872.1,0.761589,0.427529,0.0,1.0,70.8299,42.0445,0.740835,169.482,74.0057,43.2428,3.64972,174.204,104.163,40.9611,2.9682,165.639,101.612,39.225,4.70099,166.064
17781_6287_x8230_y11645,4.0,362.0,3763.77,1960.77,3908.7,28845800000.0,83920.4,231.824,306.164,1.8391,2897.04,11.7624,5.20536,1.0,23.0,0.160715,0.103925,0.000130406,0.689158,1761.23,1152.68,0.0,3774.09,3153.05,1943.97,24.3832,7015.97,0.731844,0.444242,0.0,1.0,77.6871,32.5246,2.57788,159.962,76.3778,37.364,5.43691,167.652,112.541,29.5306,16.9169,166.733,106.33,34.976,1.81175,170.902
18454_00086,6.0,314.0,2454.79,2069.4,1112.9,5653470000.0,33705.9,107.344,146.263,1.68862,1271.23,8.9172,4.1149,1.0,20.0,0.179671,0.14726,1.47567e-05,0.868757,525.848,602.776,0.0,2278.66,907.325,773.913,29.4821,3168.93,0.785714,0.411665,0.0,1.0,80.6667,34.4802,1.22435,151.347,80.9093,36.4858,5.37547,162.947,108.289,30.0947,11.2126,171.985,98.4928,32.4653,10.5493,172.627
18453_7010_x8769_y4509,8.0,954.0,3468.79,3285.3,2936.09,33459700000.0,70695.9,74.1047,131.198,0.314857,2276.78,37.8407,25.0386,1.0,79.0,0.0902454,0.0996119,0.0,0.981496,1043.1,817.513,0.0,2612.21,2333.1,1481.0,11.128,5111.21,0.856237,0.351221,0.0,1.0,109.136,55.0232,0.0286943,178.974,108.777,55.5436,0.172812,178.283,64.2875,60.4382,0.0345128,173.458,65.7553,57.2259,0.0948185,168.487
18454_00096,5.0,545.0,4480.17,3572.22,3786.06,60592700000.0,63769.1,117.008,190.574,0.466356,2268.22,14.9193,7.7282,1.0,28.0,0.120507,0.0903969,0.0,0.661543,2524.68,1727.01,0.0,4228.08,5313.75,3761.84,16.0075,9789.19,0.7,0.459109,0.0,1.0,72.2367,31.4809,0.612855,160.618,68.3329,31.7634,4.50913,167.778,116.603,29.1222,11.0942,173.675,115.781,28.1217,20.4987,169.477
18867_4689_x11723_y7039,8.0,494.0,4741.35,6014.43,2812.93,80215000000.0,62096.3,125.701,271.956,0.299098,4573.77,11.5951,5.9332,1.0,26.0,0.122334,0.111915,0.0,0.907197,1445.44,1672.49,0.0,6554.26,2372.65,2577.65,16.4192,9204.94,0.711934,0.453797,0.0,1.0,77.9563,30.4583,4.34362,158.956,72.6195,35.6697,4.38465,173.945,115.069,26.8183,28.4258,164.946,110.666,32.6455,8.65215,171.598
18869_00020,10.0,132.0,3218.69,1159.36,3852.89,14377500000.0,11686.3,88.5328,576.486,0.979459,6599.91,4.16667,1.6539,1.0,8.0,0.100271,0.139084,0.0,0.90329,951.193,1855.84,0.0,4800.15,1484.72,2813.22,8.83003,7835.56,0.721311,0.452075,0.0,1.0,74.9737,30.6382,4.33676,159.998,71.9848,32.4598,7.72523,145.282,115.994,29.1839,16.3696,170.464,111.119,33.2463,5.81088,164.146
18455_00033,3.0,221.0,4483.77,2492.7,1675.24,18723600000.0,20213.1,91.4619,241.667,1.87852,3046.36,14.2851,9.3047,1.0,32.0,0.169252,0.138626,6.5291e-06,0.715878,1841.8,1970.83,0.0,4883.29,3754.85,3792.51,12.6981,9645.17,0.715596,0.453214,0.0,1.0,83.9822,36.7027,1.24769,175.844,78.6543,38.1216,3.23554,166.348,103.274,35.5606,5.84215,164.205,95.5657,35.7508,1.02377,166.974
18455_00023,7.0,699.0,4078.37,3331.43,2695.25,36619800000.0,96022.5,137.371,198.802,1.17652,1815.17,11.4006,5.25698,1.0,25.0,0.114796,0.0846041,7.37494e-06,0.701546,2155.02,1232.12,0.0,4382.01,5392.87,3167.05,13.9251,10230.9,0.734104,0.442449,0.0,1.0,70.3689,27.2637,3.87864,165.372,61.6287,28.9422,5.40405,153.468,121.958,23.4551,14.0031,173.422,121.401,25.7188,0.257807,168.939
pre_18864_00036,9.0,631.0,4881.38,3841.62,7779.06,145876000000.0,95927.9,152.025,330.945,0.559273,4072.65,12.3344,7.85993,1.0,31.0,0.122824,0.0864382,0.0,0.625016,1374.1,1869.84,0.0,5144.69,2413.31,3244.51,11.6644,10418.8,0.717042,0.451162,0.0,1.0,70.0608,31.3324,2.57925,167.196,68.0117,33.7988,4.26067,167.069,119.672,27.2641,18.3326,173.866,116.996,29.7525,19.5183,175.615
18457_00097,6.0,488.0,2543.67,2839.1,1225.25,8848430000.0,37708.7,77.272,161.607,0.758345,2716.5,16.4795,9.46471,1.0,39.0,0.125024,0.0935484,0.0,0.517118,2549.0,1163.54,0.0,3365.69,5105.81,2377.93,13.3451,7538.84,0.721992,0.44895,0.0,1.0,79.1145,37.7067,1.69495,175.857,70.7522,33.2934,2.22426,177.621,112.562,33.2709,4.08133,172.363,118.256,30.5809,4.73513,178.174
18453_3350_x8925_y9653,7.0,421.0,1011.17,1307.62,1500.73,1984310000.0,55686.8,132.273,149.489,1.16163,1065.51,10.2779,5.61089,1.0,25.0,0.130792,0.0921384,1.15517e-05,0.58022,277.679,184.222,0.0,722.724,974.5,952.755,12.1772,4246.4,0.7343,0.442776,0.0,1.0,80.1623,29.0548,1.26225,153.24,74.8456,32.3391,9.42754,157.57,113.775,26.04,1.33434,168.16,108.883,29.262,24.9647,168.156
pre_18864_00026,6.0,612.0,3040.17,4359.78,5294.19,70171700000.0,93975.0,153.554,246.569,0.929979,2821.85,15.0686,7.93665,1.0,32.0,0.123307,0.0865482,0.0,0.555631,504.1,709.042,0.0,5777.09,1210.15,1334.27,6.46218,9367.53,0.719472,0.45,0.0,1.0,76.7656,34.828,1.08766,164.042,68.7222,32.519,2.71794,171.609,114.346,30.3696,3.15,170.292,113.681,30.3272,9.10641,170.41
18457_00087,4.0,374.0,3935.55,1414.66,760.39,4233440000.0,20919.2,55.9336,131.858,0.65847,1701.54,16.861,11.0073,1.0,43.0,0.130308,0.131368,0.0,0.8115,1502.06,1451.84,0.0,3730.33,2789.31,2396.2,7.41522,6465.89,0.762162,0.426915,0.0,1.0,78.4849,34.916,8.90997,160.626,77.2354,39.1254,11.1969,171.46,111.034,33.107,6.7897,167.276,107.137,34.8135,24.3231,164.269
17545_00150,6.0,540.0,1931.83,1521.9,1262.03,3710430000.0,30268.3,56.0524,84.3122,0.352602,1220.03,14.1222,5.0087,1.0,26.0,0.171167,0.113606,0.0,0.660217,428.692,436.888,0.0,1673.81,855.322,581.261,9.74899,2521.99,0.764045,0.425392,0.0,1.0,79.2518,33.2177,1.23662,174.241,82.1993,35.3761,9.06248,167.175,104.945,31.6693,12.4129,162.72,99.1223,33.1032,19.8143,164.889
18869_4953_x22613_y6076,8.0,594.0,5492.78,5659.18,4814.68,149663000000.0,93116.1,156.761,303.381,1.26021,3866.9,12.8182,6.32407,1.0,27.0,0.107121,0.0835725,7.43653e-06,0.70136,1907.44,1696.64,0.0,5537.36,3709.6,3294.43,17.8053,11322.5,0.730375,0.444524,0.0,1.0,77.3641,32.021,6.57859,174.56,70.2348,33.6384,1.55542,174.56,114.734,29.3978,2.96246,170.138,115.3,30.1602,6.00621,167.417
18463_00046,4.0,470.0,4436.29,1915.1,1085.22,9219960000.0,59740.3,127.107,217.963,0.897359,3624.53,20.8511,12.1977,1.0,49.0,0.109879,0.0997662,0.0,0.593422,2877.69,1751.03,0.0,4425.41,5908.54,3557.82,11.6114,10628.2,0.751073,0.433322,0.0,1.0,75.3164,37.206,6.32142,173.689,68.434,36.558,5.04655,179.316,114.633,33.5001,3.21193,175.281,111.818,35.2685,6.51129,169.633
15257_3271_x15413_y13333,8.0,340.0,3523.02,2783.18,2811.42,27566500000.0,55639.0,163.644,225.356,1.46384,1880.98,10.0529,5.03353,1.0,21.0,0.148802,0.107998,1.38843e-05,0.851763,1921.12,1645.64,0.0,4075.42,3326.84,2806.87,8.84139,7642.06,0.753012,0.432565,0.0,1.0,70.0743,32.558,0.0454251,169.482,67.5292,33.2582,8.57322,155.603,115.731,29.885,11.4386,163.636,116.561,27.7618,29.3801,164.923
17545_00028,4.0,466.0,325.46,1002.87,945.78,308697000.0,18863.5,40.4797,43.1342,0.982684,270.898,19.0,10.539,1.0,37.0,0.174496,0.120736,0.0,0.750357,421.402,263.135,0.0,1133.54,1115.82,639.025,13.1082,2285.48,0.722944,0.448516,0.0,1.0,83.1649,39.9821,0.303399,173.868,86.3738,39.5707,4.50678,176.47,102.68,34.6634,1.8358,172.2,98.269,34.3561,6.44862,170.243
17787_00050,5.0,505.0,4342.64,950.6,1614.86,6666330000.0,29021.7,57.4688,130.586,0.907783,2041.28,16.7901,8.94025,1.0,33.0,0.145785,0.115158,0.0,0.64304,2487.42,1784.34,0.0,4322.01,3440.23,2392.91,9.4459,6137.83,0.784,0.41234,0.0,1.0,85.3792,34.6709,3.31758,170.688,84.0327,37.2481,9.13331,176.911,105.322,30.6421,26.1989,167.539,100.42,34.8852,11.5628,164.227
17545_00140,6.0,154.0,3997.35,1175.82,1651.6,7762790000.0,11459.7,74.4139,236.41,0.573718,2330.15,9.53247,6.14548,1.0,20.0,0.132504,0.120683,0.0,0.717693,2288.58,1900.37,0.0,4087.43,2974.31,2382.06,16.3456,5358.88,0.783784,0.414473,0.0,1.0,85.0281,39.3265,11.937,170.808,81.8007,39.7902,11.5445,169.475,106.144,39.2736,4.54294,168.137,107.849,36.7304,16.0095,151.66
18463_00056,5.0,825.0,1691.9,3165.05,1685.29,9024650000.0,69161.0,83.8315,196.538,0.6561,5226.33,30.9588,16.3222,1.0,52.0,0.0881312,0.0720061,0.0,0.61343,2294.78,881.978,0.0,2961.75,6090.62,2505.77,19.3385,8880.37,0.714634,0.45214,0.0,1.0,72.0942,34.5209,1.60532,163.615,67.1891,32.2589,2.25085,171.593,114.783,29.8992,8.71107,166.952,118.14,29.3649,8.78787,169.086
17545_00132,6.0,152.0,4134.27,1689.03,1417.41,9897640000.0,13008.5,85.5822,247.9,1.54881,1917.53,7.44737,5.32741,1.0,22.0,0.136776,0.107963,1.80753e-05,0.544644,1373.0,1877.03,0.0,4212.48,2050.68,2641.22,16.5449,6176.64,0.794521,0.406848,0.0,1.0,74.465,33.8345,5.60435,166.01,81.4398,37.2008,5.99816,169.371,117.038,29.7454,25.7967,163.558,109.678,32.9883,6.32805,162.8
18867_3973_x31634_y12362,6.0,434.0,4224.05,1877.62,3532.53,28017100000.0,43395.7,99.99,196.511,1.319,2008.28,10.2258,5.45734,1.0,23.0,0.129962,0.10195,1.1493e-05,0.603775,937.621,1071.62,0.0,3831.71,1761.77,2015.43,15.6356,8237.28,0.700935,0.458922,0.0,1.0,72.6947,29.9878,4.87105,158.763,69.7917,35.2064,2.03947,169.846,118.13,25.2537,24.732,162.845,114.665,29.1392,4.45359,167.661
18463_00024,5.0,265.0,2444.07,2103.38,1264.34,6499730000.0,30773.9,116.128,142.478,0.836524,1078.94,8.23019,3.80538,1.0,19.0,0.167989,0.137955,0.0,0.740483,575.063,657.986,0.0,2039.56,1056.13,857.735,9.66963,3405.62,0.730769,0.445276,0.0,1.0,75.291,35.3228,2.09077,166.95,76.89,34.8955,11.2372,157.608,107.853,31.0962,8.30401,172.81,103.066,35.8193,18.3994,160.972
18453_3678_x8938_y8684,6.0,258.0,815.65,1240.11,1092.55,1105110000.0,25076.4,97.1953,116.593,1.24167,671.416,10.062,4.90969,1.0,22.0,0.143813,0.1079,4.67644e-06,0.656267,240.95,221.882,0.0,845.094,574.55,408.059,12.3065,1668.78,0.761905,0.427618,0.0,1.0,81.149,31.286,12.9892,159.628,76.5811,36.402,18.6886,163.303,111.362,25.6266,32.054,164.267,107.394,33.4788,14.8853,163.388
17545_00122,5.0,303.0,4107.65,1055.1,1312.5,5688350000.0,18704.1,61.7296,118.65,0.988017,1229.49,15.1584,13.097,1.0,47.0,0.182075,0.13615,0.0,0.639036,1795.91,1777.8,0.0,4003.01,2791.37,2673.39,12.8837,6411.39,0.791946,0.407284,0.0,1.0,81.0596,36.4943,5.94215,168.625,77.3946,33.691,5.94215,165.775,106.287,33.9819,3.13451,167.416,105.881,29.8643,26.004,163.193
18463_00034,8.0,390.0,1903.97,3206.15,1350.95,8246760000.0,29379.9,75.3331,188.9,0.701559,3424.16,11.4718,5.46105,1.0,23.0,0.074133,0.0793256,0.0,0.732081,2366.53,1266.8,0.0,3426.59,4366.65,2342.4,10.4128,6221.09,0.743455,0.437874,0.0,1.0,73.9164,32.2502,4.50974,173.157,65.7129,33.8806,7.14651,162.063,121.292,26.0375,17.1673,162.504,122.814,26.0234,41.206,172.75
182724_5937_x3804_y11955,14.0,780.0,7172.53,4854.15,6171.95,214886000000.0,118502.0,151.925,304.497,0.94302,2536.2,14.2538,7.70407,1.0,33.0,0.118454,0.0920155,0.0,0.741176,1907.46,1644.39,0.0,5403.98,4665.29,4403.6,7.93571,13487.4,0.73107,0.443983,0.0,1.0,76.9903,32.2498,0.348561,164.981,73.6951,34.095,1.15986,177.583,114.729,28.0393,26.7004,170.648,108.001,30.4601,13.1958,164.479
pre_18864_00044,7.0,615.0,2847.06,3329.42,7859.71,74502700000.0,101445.0,164.951,252.34,0.85938,2202.62,13.5528,9.63706,1.0,44.0,0.128835,0.095367,0.0,0.917407,1273.51,1993.97,0.0,6926.06,2079.92,2842.73,13.0391,10237.3,0.697368,0.460155,0.0,1.0,71.6396,32.2417,2.57133,160.022,65.4288,31.299,1.13176,152.061,116.855,29.9387,3.67777,170.436,115.242,30.9531,22.6084,170.613
18867_4296_x31171_y9797,9.0,769.0,5838.21,3826.42,4420.87,98759800000.0,110306.0,143.441,208.374,0.627638,2324.18,13.3017,6.16294,1.0,31.0,0.118848,0.0884226,0.0,0.730122,2194.62,1804.4,0.0,5897.92,3531.09,2963.69,13.5097,8816.47,0.728947,0.445089,0.0,1.0,73.5333,30.9866,2.95151,171.436,65.3202,32.7242,7.71378,173.393,115.487,27.9331,8.43195,171.46,118.135,29.7883,15.5971,167.041
18458_00578,7.0,491.0,2760.93,2578.5,1644.87,11709900000.0,40799.9,83.0955,148.037,0.631472,2888.0,15.6762,6.11948,1.0,25.0,0.116225,0.0776072,0.0,0.438697,2683.4,1283.58,0.0,3731.09,3815.19,1775.95,10.5068,5247.0,0.710744,0.454357,0.0,1.0,72.0499,33.5989,1.48556,175.215,65.2727,32.6256,6.02968,177.263,112.697,32.0264,2.61183,169.91,120.65,29.1556,1.78372,169.828
18869_5126_x8617_y7685,7.0,1049.0,1432.74,643.3,1603.5,1477920000.0,46734.6,44.5515,55.9313,0.716971,628.227,13.6368,5.4649,1.0,27.0,0.0957285,0.0800452,0.0,0.62672,672.568,321.99,0.0,1255.85,1380.36,649.549,17.3885,2532.3,0.710173,0.454118,0.0,1.0,80.0295,27.8938,4.70245,163.865,72.9863,32.112,3.77166,172.883,116.019,23.2913,27.6166,164.02,116.153,27.5392,28.3497,167.525
17781_4874_x11466_y11924,5.0,503.0,3978.35,2366.75,3847.26,36224900000.0,125666.0,249.833,312.637,1.01308,2194.36,17.5567,10.6086,1.0,39.0,0.177237,0.122117,0.000147407,0.815944,1519.62,1362.31,0.0,4289.11,4713.63,4307.85,18.4262,13593.5,0.722892,0.448472,0.0,1.0,80.7249,33.1859,2.62994,175.678,84.7645,35.6876,8.87584,166.819,111.22,30.8719,12.7792,171.951,95.6188,33.13,8.5498,163.222
18455_00139,7.0,395.0,1271.86,2766.15,1363.19,4795920000.0,30261.8,76.6123,117.118,0.773956,1558.31,12.6101,5.83312,1.0,22.0,0.101041,0.0828353,0.0,0.575963,1954.86,1050.6,0.0,2823.6,3530.35,1882.35,12.7706,5015.2,0.731959,0.444085,0.0,1.0,76.5795,37.6758,3.00253,173.001,67.9091,33.0645,5.76011,174.116,116.471,32.0691,6.46851,167.933,118.214,30.7768,10.5649,165.54
18455_00041,5.0,95.0,649.52,789.67,490.58,251622000.0,6196.11,65.2222,69.3095,1.10426,385.294,5.71579,2.91607,1.0,11.0,0.155525,0.100211,2.40072e-05,0.457151,154.118,216.561,0.0,729.415,296.342,276.278,12.65,981.821,0.711111,0.458368,0.0,1.0,80.7755,32.105,10.9866,148.744,84.0943,36.3826,6.05254,171.025,110.919,27.6932,36.0576,152.436,96.9727,33.6692,26.4891,164.621
18453_5318_x33682_y14092,5.0,319.0,6757.92,4957.84,4259.19,142703000000.0,84327.0,264.348,341.715,2.58943,2128.19,14.8997,9.36251,1.0,31.0,0.158664,0.109924,1.74714e-05,0.735842,1991.57,1750.75,0.0,5788.1,3342.02,2526.32,18.0094,9171.03,0.726115,0.447378,0.0,1.0,66.2088,36.4475,2.12711,168.738,73.3869,35.9677,12.708,165.039,116.634,34.8743,4.72287,173.365,108.695,33.3082,7.12909,166.132
18465_00006,6.0,296.0,443.03,1497.07,1085.22,719769000.0,14852.5,50.1775,61.8917,0.560606,597.256,11.1554,7.44399,1.0,32.0,0.141415,0.126181,0.0,0.729077,625.597,617.207,0.0,1655.1,996.639,881.399,9.9515,2561.48,0.744828,0.437469,0.0,1.0,74.7425,33.7329,1.9531,160.039,74.7111,39.5821,6.11136,161.789,115.776,28.4215,30.5482,171.264,109.953,33.8742,26.3522,166.866
18867_4457_x7592_y10554,6.0,528.0,5619.25,3843.35,3959.04,85502400000.0,55012.1,104.19,265.43,0.91373,4238.13,13.5909,6.9287,1.0,30.0,0.127741,0.107693,0.0,0.787487,902.101,1242.87,0.0,5997.8,2043.62,2425.63,21.4133,8952.91,0.724138,0.447806,0.0,1.0,83.342,33.6412,0.548489,171.546,77.9075,36.744,5.08393,169.776,109.791,30.0606,21.5096,176.96,106.613,32.2008,16.788,167.644
17302_00016,5.0,307.0,1670.35,1508.55,1097.68,2765940000.0,23284.8,75.8463,91.9253,1.08907,692.213,10.4593,5.81924,1.0,28.0,0.131959,0.101834,4.99903e-06,0.685046,475.724,523.791,0.0,1982.21,913.602,743.172,10.084,2590.77,0.728477,0.446225,0.0,1.0,79.1688,35.5752,14.4941,176.105,82.2386,38.7204,4.39427,171.544,109.964,34.3792,2.24442,160.073,100.073,34.5529,6.94743,162.633
18455_00180,4.0,236.0,5222.94,1458.52,1406.46,10714100000.0,21955.8,93.0329,162.796,0.811308,1542.3,14.8559,10.3466,1.0,36.0,0.160511,0.128966,0.0,0.582406,2344.17,1985.04,0.0,5182.78,4231.3,3347.49,18.9543,9324.61,0.793103,0.406838,0.0,1.0,88.9798,39.4595,6.12033,167.089,88.4,41.083,3.64233,165.348,99.1038,38.2286,3.83785,161.141,96.5973,38.1269,10.9236,167.254
191807_5199_x3288_y11643,10.0,578.0,11041.3,6920.71,4295.3,328220000000.0,93300.0,161.419,315.267,0.384405,3150.37,11.6055,6.37071,1.0,26.0,0.12053,0.0951537,0.0,0.812024,1783.66,2406.22,0.0,10082.9,2982.42,3941.97,14.9278,19077.6,0.714789,0.452312,0.0,1.0,74.0169,33.8396,1.92444,172.991,70.491,32.8935,1.39932,168.064,114.762,31.6157,11.1852,166.977,113.383,30.2818,10.6749,167.264
17302_00006,5.0,183.0,3973.0,1114.17,1842.27,8154980000.0,15218.8,83.1628,160.891,1.39003,1672.92,11.4699,7.98886,1.0,28.0,0.185279,0.133253,9.40264e-06,0.769802,1704.72,1840.72,0.0,4013.78,2616.68,2667.19,15.4112,6492.32,0.752809,0.433823,0.0,1.0,76.3461,29.3088,16.3632,142.007,79.7065,39.7862,3.25848,171.89,111.642,25.986,46.8353,163.577,105.297,32.2195,36.2014,164.695
18864_4120_x3320_y13563,7.0,463.0,3630.97,3334.27,6318.75,76498700000.0,85833.3,185.385,314.309,2.3127,3386.13,11.1814,6.02713,1.0,25.0,0.139265,0.115086,4.03974e-05,0.836306,809.932,989.05,0.0,4976.36,1622.53,1850.04,13.7665,8609.53,0.72807,0.445933,0.0,1.0,69.9,30.4624,3.0551,167.01,68.2272,34.3369,5.58894,170.8,119.038,27.681,8.26158,168.966,114.132,33.4625,6.69406,170.83
236174_3001_x12887_y24248,4.0,578.0,4029.96,4554.37,3748.29,68795800000.0,211616.0,366.118,439.377,2.18287,3472.3,10.6263,4.5633,1.0,23.0,0.148693,0.126198,2.62078e-05,0.806339,1646.46,1058.3,0.0,3598.82,3081.89,1916.83,21.68,6954.38,0.710801,0.454182,0.0,1.0,64.4226,28.4705,1.4909,174.81,69.0532,37.8691,1.56679,169.234,123.297,25.4998,5.80136,168.075,113.025,31.6604,9.59581,175.367
18454_00135,10.0,572.0,3603.65,1557.28,2622.54,14717400000.0,43081.4,75.3171,213.651,0.902839,4537.75,34.465,21.9202,1.0,69.0,0.110231,0.0935347,0.0,0.602221,2709.31,1200.47,0.0,3693.86,6995.58,3139.7,18.2557,9851.83,0.72242,0.448604,0.0,1.0,79.2732,37.9671,0.642767,169.453,77.7955,37.3904,7.41945,172.999,109.518,33.6339,4.09195,167.38,110.29,32.8634,7.80758,169.684
18453_5343_x23330_y3366,6.0,338.0,4900.62,2816.7,3826.97,52825900000.0,60034.6,177.617,288.755,1.37173,3056.17,9.94675,5.53731,1.0,24.0,0.136968,0.107233,7.45472e-07,0.60269,995.911,1131.58,0.0,3149.37,1631.59,1706.19,10.2376,5675.87,0.73494,0.442701,0.0,1.0,75.0036,32.7675,0.899501,170.88,72.9566,36.2963,5.72834,164.508,114.577,29.6282,2.2989,166.743,108.42,30.4315,14.7854,162.196
18462_00028,10.0,528.0,3247.83,2520.92,2089.13,17104800000.0,52404.6,99.2511,136.624,0.982061,1995.94,14.4205,7.32295,1.0,28.0,0.085948,0.0705788,0.0,0.420981,2641.69,1433.76,0.0,3811.64,3912.05,2076.06,14.0113,5933.82,0.687259,0.464508,0.0,1.0,72.4258,30.7824,3.82675,152.825,62.8871,28.3165,6.37083,161.292,119.389,28.0008,1.70792,173.879,122.476,23.8766,21.7713,174.276
18454_01064,9.0,489.0,3769.47,1704.78,2593.05,16663200000.0,44426.3,90.8513,152.843,1.05853,2294.69,10.3415,5.11506,1.0,23.0,0.0927442,0.0779635,2.56032e-06,0.508826,2615.76,1674.94,0.0,4016.04,4149.16,2596.23,10.8877,6522.81,0.733333,0.443141,0.0,1.0,67.8831,31.1043,1.06431,163.115,61.6041,27.558,7.68467,140.628,121.181,29.6956,0.682654,172.669,124.416,23.9615,35.0183,164.787
18462_00038,6.0,186.0,3542.52,2386.12,2084.31,17618400000.0,19664.5,105.723,200.522,1.18035,1698.58,15.0,9.31955,1.0,30.0,0.150593,0.160097,7.95189e-06,0.750245,1421.85,1314.29,0.0,3517.76,3501.44,2852.45,13.1214,8313.49,0.788889,0.410383,0.0,1.0,82.0166,35.1986,7.43656,165.482,76.8698,39.4685,2.74255,164.346,108.654,32.6264,12.7041,166.81,101.188,37.9585,17.8522,169.495
18868_3112_x27714_y10534,8.0,514.0,6868.98,4177.26,3931.93,112821000000.0,88027.7,171.26,248.801,1.63793,2299.46,13.2257,5.96184,1.0,29.0,0.133894,0.0864909,3.03658e-05,0.608796,2031.88,1893.19,0.0,6919.17,3485.9,3049.91,16.9422,10047.2,0.72332,0.448244,0.0,1.0,75.5205,30.4889,3.22327,170.916,67.8767,32.0062,4.76231,163.328,113.111,29.0476,0.581324,174.94,115.311,27.0981,13.2882,169.504
17109_6301_x4756_y24516,5.0,335.0,1861.02,1499.4,6902.31,19260300000.0,87678.8,261.728,473.954,2.62158,6918.87,12.3194,6.76749,1.0,26.0,0.134494,0.13003,2.60695e-05,0.804246,2997.84,2677.19,0.0,5860.67,4877.73,4098.93,24.9803,10187.9,0.678788,0.468364,0.0,1.0,77.9213,30.2093,0.991289,151.382,79.9582,32.7651,11.8321,162.701,113.877,27.3549,3.13357,171.239,102.369,33.272,21.5295,160.73
18867_6085_x20833_y6331,9.0,1307.0,4728.96,5632.88,2864.45,76302300000.0,128078.0,97.994,182.667,0.513814,3058.07,16.2242,8.81159,1.0,36.0,0.0971811,0.0821122,0.0,0.860735,1761.75,1524.33,0.0,4715.17,4591.75,4568.32,12.8687,15368.8,0.730354,0.444118,0.0,1.0,77.6208,30.1863,2.03096,161.368,70.1174,33.9905,3.62028,170.465,113.32,28.2572,10.4025,177.023,113.478,33.1161,14.6245,166.61
18454_01074,6.0,578.0,4220.55,2196.87,3318.65,30770500000.0,58279.3,100.829,142.132,1.35671,1574.3,13.083,6.40786,1.0,27.0,0.0715676,0.0569229,3.02646e-05,0.493319,2658.71,1566.6,0.0,4436.98,4193.58,2560.5,12.7609,7532.11,0.695804,0.460872,0.0,1.0,69.8811,27.1428,10.9292,166.547,61.674,26.8121,4.89827,165.041,122.03,25.3462,0.448355,167.3,125.683,24.1396,19.0374,171.253
18454_01080,8.0,422.0,1142.1,2114.41,2139.52,5166660000.0,30126.5,71.3897,111.399,0.594723,1741.53,10.1043,4.56659,1.0,18.0,0.100106,0.0779408,0.0,0.480916,1781.95,977.4,0.0,2606.73,2747.62,1451.14,8.03487,4012.49,0.705314,0.457007,0.0,1.0,71.1136,28.1471,2.57455,146.562,64.3564,27.0569,12.0483,132.739,120.482,25.0473,26.9578,169.929,120.858,24.713,43.5804,169.389
18455_00202,11.0,779.0,1976.39,2374.74,2138.43,10036500000.0,61495.2,78.9413,109.458,0.712776,2204.02,12.199,5.51327,1.0,25.0,0.0858927,0.0652085,0.0,0.502147,2116.72,1005.11,0.0,2909.43,3479.66,1638.36,17.486,5151.78,0.690104,0.463054,0.0,1.0,73.9923,30.4595,0.994074,176.63,64.7903,30.1118,5.09599,167.634,116.159,27.9223,0.92576,165.599,121.369,25.4306,23.3673,165.801
18454_01090,6.0,342.0,535.6,2710.18,1091.66,1584620000.0,25472.6,74.4813,159.228,1.41427,2531.69,9.68421,4.19813,1.0,17.0,0.0940829,0.0844491,8.32294e-06,0.569112,1794.5,1031.36,0.0,2594.92,3302.65,1814.36,10.1157,4768.87,0.714286,0.453104,0.0,1.0,75.0062,32.1207,9.24982,156.331,67.2828,34.2403,10.7003,170.558,119.475,29.1284,39.6714,163.362,117.908,32.1861,19.8693,162.318
17109_2301_x9418_y23665,9.0,287.0,2507.81,3859.99,7317.52,70834500000.0,93690.6,326.448,474.431,2.79569,4439.0,10.6098,6.50398,1.0,24.0,0.141792,0.137134,2.4599e-05,0.890933,2198.29,2167.19,0.0,5579.48,3843.06,3634.63,16.3032,11361.0,0.705036,0.457676,0.0,1.0,64.5115,30.9206,0.839181,164.401,72.1234,35.4515,9.89077,170.497,118.983,31.4958,5.48373,173.85,110.329,35.6099,19.5215,167.953
182724_5355_x5321_y20589,7.0,211.0,1723.58,3369.56,782.47,4544360000.0,27350.3,129.622,194.802,0.846396,1957.33,11.3033,6.74946,1.0,28.0,0.178619,0.143054,0.0,0.76517,1776.34,1299.99,0.0,3086.47,3124.32,2354.76,17.1401,6728.48,0.764706,0.426277,0.0,1.0,80.118,37.5447,5.17182,167.08,85.5172,48.3227,5.12118,172.475,108.305,34.9878,1.12418,168.501,98.3846,42.3875,6.06314,172.686
18868_7311_x22238_y17329,4.0,172.0,3486.54,2128.0,5847.27,43383000000.0,29084.7,169.097,528.426,2.92648,6498.53,8.17442,3.88487,1.0,16.0,0.177035,0.115261,4.2362e-05,0.643885,4175.58,2568.32,0.0,6097.41,6582.93,4013.07,21.371,11575.7,0.75,0.435613,0.0,1.0,77.2656,31.3035,0.136451,163.58,57.0362,37.5835,2.398,156.938,110.528,27.5151,35.8692,167.671,120.923,29.0551,39.2967,174.306
18463_00069,10.0,348.0,1819.82,2237.83,1762.4,7177280000.0,32884.5,94.4956,133.228,1.15741,1707.63,12.6034,7.59935,1.0,28.0,0.076023,0.0768271,6.06253e-06,0.574018,1778.17,1128.72,0.0,2779.52,3007.8,1859.7,9.11094,4919.71,0.733728,0.443322,0.0,1.0,68.081,33.0634,2.78015,173.077,63.2531,34.9343,0.493436,175.424,124.138,26.1077,41.7635,167.446,123.61,29.0774,38.6046,173.495
17545_00007,6.0,198.0,1336.45,487.66,753.96,491381000.0,10513.7,53.0993,87.7329,1.07728,1010.01,11.4949,6.89055,1.0,25.0,0.19288,0.140082,2.95963e-06,0.753349,731.218,565.917,0.0,1294.06,1226.97,869.215,18.8692,2624.11,0.739583,0.441166,0.0,1.0,82.8714,34.1355,2.99131,153.632,80.6967,35.6331,12.1003,169.432,103.368,30.0003,19.4262,165.809,99.9436,35.7039,17.1517,164.941
18867_4052_x9852_y8712,7.0,313.0,3900.1,3535.94,3043.35,41969400000.0,34552.2,110.39,316.243,1.04483,3755.21,9.11502,5.0217,1.0,22.0,0.145757,0.118892,8.72191e-06,0.743661,418.395,920.794,0.0,3848.39,873.4,1929.55,16.109,8108.77,0.69281,0.462844,0.0,1.0,79.8665,31.0312,16.8274,164.637,74.6844,34.156,6.45479,162.784,112.121,28.3424,34.0345,165.48,112.607,29.7294,18.6396,170.095
pre_18864_00442,9.0,577.0,2870.96,2154.34,3843.23,23770500000.0,68317.7,118.402,195.964,1.48988,3633.62,12.9133,7.99627,1.0,31.0,0.105245,0.0762944,7.67217e-06,0.933896,681.572,723.408,0.0,3246.14,1293.11,1358.04,12.6596,5893.74,0.700704,0.458758,0.0,1.0,71.2358,30.9227,0.378776,165.924,65.2709,32.4138,0.84151,168.823,118.778,26.6936,1.93162,172.73,120.292,27.1579,27.013,171.391
18864_00015,8.0,464.0,1416.35,2186.2,8837.62,27365000000.0,69141.3,149.011,426.246,2.59234,8868.87,9.71552,5.16142,1.0,23.0,0.09187,0.0636389,1.54467e-05,0.404313,454.222,866.014,0.0,7728.98,874.365,1237.75,13.103,9989.96,0.70614,0.456531,0.0,1.0,68.1051,28.0438,3.89945,156.787,66.4876,29.5213,8.67592,158.564,123.464,23.9477,23.9329,171.934,119.927,27.8394,30.0046,162.71
18464_00047,7.0,405.0,756.83,2815.37,1876.7,3998790000.0,40562.2,100.154,142.411,1.17176,1523.54,12.7975,5.58937,1.0,25.0,0.11109,0.0855711,1.13136e-05,0.819752,1875.86,867.513,0.0,2572.97,3994.62,1819.15,6.72758,5682.96,0.723618,0.448336,0.0,1.0,72.1343,28.3515,6.56084,173.96,64.1287,30.7073,9.94816,155.203,118.817,26.7286,21.4045,172.529,121.799,25.7191,50.7403,170.368
18453_4186_x30783_y11697,6.0,504.0,4248.6,2607.81,3294.35,36499900000.0,157671.0,312.838,355.495,2.30098,2144.19,10.6508,4.73524,1.0,21.0,0.177729,0.130117,2.20081e-05,0.802498,1448.05,1176.4,0.0,3891.01,2718.71,1998.84,12.7831,7066.3,0.710843,0.454284,0.0,1.0,66.9096,28.678,4.18246,161.61,74.9274,34.8991,5.07858,176.074,121.602,23.5255,10.0113,169.725,105.59,32.0434,4.60337,163.859
18464_00196,9.0,1057.0,3925.53,3518.2,3072.43,42432700000.0,101866.0,96.373,260.734,0.455363,6749.09,47.6604,24.2332,1.0,95.0,0.124175,0.0970244,0.0,0.607982,2403.79,827.028,0.0,3496.77,12140.4,4578.6,13.083,17837.9,0.732824,0.442908,0.0,1.0,78.9366,37.1196,2.57893,177.612,74.3586,36.0121,3.23987,174.885,110.375,33.2457,1.44101,175.555,109.407,33.7322,5.25929,170.746
236174_3529_x12805_y10541,6.0,462.0,8154.92,4773.04,4960.16,193068000000.0,150571.0,325.912,578.818,1.00712,6703.7,9.79654,4.10884,1.0,19.0,0.12782,0.119833,1.47827e-05,0.903491,3845.61,2237.22,0.0,6715.34,7581.74,4775.21,13.2335,16685.2,0.697368,0.460408,0.0,1.0,66.8882,30.725,0.523336,178.363,68.5422,35.8028,2.31785,174.636,123.177,27.0298,5.77108,166.315,110.78,32.8458,15.2728,173.655
182724_4785_x5002_y11122,12.0,800.0,10845.3,6657.78,6508.37,469942000000.0,142111.0,177.639,380.545,1.10308,6380.93,15.8175,9.04358,1.0,34.0,0.106661,0.0795559,1.36762e-06,0.565954,2850.16,3255.64,0.0,9671.72,5967.21,6779.02,8.93006,19116.6,0.736041,0.441338,0.0,1.0,75.0512,31.8002,3.03888,176.417,65.6638,34.0548,4.96206,175.081,115.447,30.2941,1.10252,169.925,116.77,31.9707,1.41574,171.441
15257_2627_x17126_y20600,8.0,420.0,8391.3,5206.35,2956.14,129148000000.0,82784.3,197.105,325.733,1.40333,2264.64,12.8667,7.02273,1.0,27.0,0.119747,0.106066,1.53843e-05,0.826338,2591.66,2777.25,0.0,8256.12,4190.09,4438.72,15.3179,13363.7,0.737864,0.440868,0.0,1.0,66.4856,30.0404,2.53486,175.027,64.9232,30.9245,6.45544,150.962,118.112,29.4209,1.60248,170.268,117.047,29.9677,19.2298,171.837
18454_00168,8.0,510.0,2099.13,3829.35,1902.21,15290500000.0,64902.5,127.26,163.2,0.623189,1836.79,11.349,5.44446,1.0,22.0,0.081695,0.0741815,0.0,0.48466,2454.57,1532.11,0.0,3992.07,5108.66,3155.63,12.8519,8582.21,0.701195,0.458649,0.0,1.0,69.6473,26.0169,1.91483,156.271,59.1346,29.4627,0.776429,166.0,122.14,24.4802,1.04076,172.344,126.362,27.9681,12.7938,172.063
18869_4520_x23555_y8194,5.0,647.0,1757.37,1582.25,683.4,1900260000.0,43736.3,67.5986,79.2126,0.551174,486.399,13.1762,5.08898,1.0,28.0,0.0940894,0.0710026,0.0,0.422231,264.232,211.971,0.0,976.575,510.319,288.186,8.65273,1656.62,0.76324,0.425758,0.0,1.0,78.5106,32.7482,0.618887,166.873,74.2955,31.6606,10.5936,169.182,114.242,26.9917,26.5596,176.963,112.454,28.5622,23.6702,165.104
18454_00010,4.0,236.0,1882.49,2271.65,1125.67,4813770000.0,22684.2,96.1194,123.117,1.61063,1114.47,10.4322,5.22104,1.0,22.0,0.143147,0.116285,9.33196e-06,0.725827,462.364,589.709,0.0,1943.85,982.771,878.386,5.89127,3318.65,0.732759,0.444439,0.0,1.0,75.0203,33.8567,1.92252,164.169,81.4216,36.9851,12.4395,162.226,112.416,31.4419,25.9132,177.929,103.074,33.1795,9.53895,164.506
17787_4521_x5172_y12873,10.0,962.0,4783.15,4819.02,9919.59,228648000000.0,233654.0,242.884,339.379,0.973347,3373.79,20.7089,14.724,1.0,57.0,0.187894,0.127308,0.0,0.878475,2920.06,3337.31,0.0,9243.4,7697.43,8286.51,10.2956,26855.3,0.756303,0.429764,0.0,1.0,75.8255,40.4905,0.521532,179.118,75.1242,40.454,2.39613,172.55,105.541,36.4383,0.2978,171.543,103.634,36.3297,3.38905,168.684
17302_00123,4.0,340.0,1626.02,1938.38,971.73,3062740000.0,23632.5,69.5073,85.7184,0.741516,654.686,12.4294,5.64728,1.0,27.0,0.161252,0.116938,0.0,0.560712,521.716,595.697,0.0,1816.71,876.396,723.903,14.8316,2803.0,0.714286,0.453104,0.0,1.0,76.6678,30.0607,3.70129,165.749,83.3459,36.9786,6.4764,165.749,109.837,30.5409,17.3273,170.185,99.1275,34.7095,3.53259,158.25
18465_00133,6.0,602.0,813.6,3328.19,2256.67,6110650000.0,57538.0,95.578,138.273,0.49886,2231.45,14.1628,6.37566,1.0,29.0,0.0892338,0.0729283,0.0,0.462885,2112.34,835.693,0.0,3002.76,4198.1,1686.78,5.53519,6257.11,0.744966,0.436613,0.0,1.0,77.5055,32.8342,1.58331,170.746,67.2346,33.0852,4.62133,168.899,110.92,29.8023,0.472922,166.714,117.314,29.9182,17.2335,170.347
18465_00245,5.0,1357.0,3842.34,4455.58,3549.13,60760600000.0,162616.0,119.835,194.183,0.718651,2237.95,18.1349,7.42337,1.0,36.0,0.107126,0.0795321,0.0,0.741788,3511.27,1921.44,0.0,5040.2,5727.87,3128.23,19.3722,10730.3,0.757396,0.428975,0.0,1.0,75.8306,34.0054,2.12667,172.899,68.8264,34.8693,2.33908,178.203,113.612,30.5008,3.78686,170.721,113.85,32.0558,6.02524,174.7
18454_01039,10.0,400.0,844.67,2989.0,1633.3,4123620000.0,35888.3,89.7207,173.478,0.251768,2987.03,10.33,4.60806,1.0,21.0,0.115913,0.0838311,0.0,0.638772,1911.45,1072.62,0.0,2740.79,3940.99,2211.93,9.61544,5762.79,0.697436,0.460551,0.0,1.0,71.8016,28.5993,1.67142,147.337,60.9871,29.1773,6.29111,142.001,117.853,25.003,27.1098,165.754,123.226,23.3995,46.2559,169.53
15257_4485_x16442_y16836,9.0,311.0,1877.57,4667.48,3801.05,33310500000.0,59522.8,191.392,287.948,1.58635,3120.85,10.6527,5.11181,1.0,21.0,0.113244,0.0833755,2.7113e-05,0.461734,1670.28,1397.03,0.0,3477.48,3112.9,2616.71,17.6964,8499.54,0.715232,0.452806,0.0,1.0,71.2003,27.0114,8.46497,160.003,68.8844,34.1071,10.7871,163.6,118.817,24.4318,12.121,168.864,112.827,31.3613,22.5094,163.332
191812_4067_x7961_y6860,8.0,608.0,4099.61,4126.21,9800.68,165787000000.0,124022.0,203.984,336.01,0.953946,3848.14,10.8651,4.87318,1.0,23.0,0.133295,0.100068,0.0,0.829754,2103.16,2604.09,0.0,8470.18,3141.79,3484.88,13.1434,11950.2,0.726667,0.446415,0.0,1.0,75.5885,35.7383,5.43975,175.531,72.8167,38.7461,2.47473,170.781,112.846,32.1329,1.89426,166.321,107.594,33.7376,6.91277,167.281
18457_00001,5.0,285.0,1876.68,1733.4,620.44,2018310000.0,14219.9,49.8945,124.426,0.263274,2001.53,12.6351,6.71609,1.0,26.0,0.145971,0.113991,0.0,0.569839,1246.38,944.765,0.0,2185.92,1917.25,1363.73,9.79318,3424.85,0.771429,0.42142,0.0,1.0,76.6093,34.5891,6.73457,164.848,76.6951,38.0612,6.86165,170.586,110.679,31.5899,12.987,164.35,104.944,31.2472,17.7945,166.873
18453_4221_x16935_y5165,11.0,481.0,5417.54,2948.36,4432.69,70802700000.0,86715.1,180.281,315.694,1.09134,3427.24,11.3742,5.8457,1.0,23.0,0.129839,0.102555,6.20748e-05,0.839691,1048.44,1057.1,0.0,3495.38,1897.11,1764.22,21.646,6187.63,0.72766,0.446114,0.0,1.0,73.6697,32.6489,0.805599,170.975,71.246,34.1049,10.1993,170.639,117.906,27.8071,15.9773,175.147,109.948,30.1362,15.7967,169.421
182724_2926_x5279_y13761,8.0,964.0,10097.4,6049.68,4382.93,267736000000.0,173146.0,179.612,332.227,0.728848,3094.25,16.3921,8.01619,1.0,34.0,0.113834,0.0925417,0.0,0.714499,2551.39,2728.9,0.0,9645.92,4091.87,4254.1,12.1942,15853.2,0.736402,0.441046,0.0,1.0,77.3161,33.8649,2.89913,173.741,70.9981,35.4012,2.05063,175.137,112.045,31.3968,0.0817485,171.629,109.569,33.6801,1.41188,172.189
18455_5253_x25617_y13881,6.0,472.0,2855.89,2225.98,2272.29,14445300000.0,36875.6,78.1263,206.107,0.931461,4245.17,11.5297,5.3302,1.0,21.0,0.112821,0.0876951,0.0,0.589795,2595.55,1482.92,0.0,3735.76,4492.8,2487.18,14.6286,6654.76,0.712446,0.453596,0.0,1.0,77.5407,34.73,0.894663,178.765,70.7661,33.3016,4.34523,165.821,113.619,28.4689,1.86796,169.55,116.155,28.4788,12.194,163.168
18867_6003_x18592_y6204,11.0,893.0,6105.0,5821.87,3805.52,135258000000.0,115378.0,129.203,251.802,0.428294,3255.4,12.6842,6.09941,1.0,25.0,0.115947,0.0882848,0.0,0.709581,1625.45,1613.22,0.0,5229.63,3670.03,3800.69,9.81164,11967.0,0.730159,0.444381,0.0,1.0,78.6843,31.8801,3.03198,171.741,73.1052,32.3989,6.35286,175.507,112.96,29.2251,4.13354,168.581,111.996,29.687,16.5441,174.752
18458_00496,7.0,781.0,2460.78,3467.87,1183.05,10095800000.0,68168.8,87.284,134.324,1.13247,2802.93,15.525,6.98026,1.0,31.0,0.101643,0.0762308,2.41992e-06,0.536742,2601.5,1356.33,0.0,3725.48,4357.92,2228.59,9.83112,6352.8,0.715762,0.451634,0.0,1.0,75.4851,30.5359,0.789169,169.301,66.5314,30.2468,4.89256,166.56,113.733,26.8873,28.8223,169.572,120.647,27.1895,8.77832,167.805
18462_00017,8.0,400.0,1899.58,1914.29,2164.42,7870580000.0,28994.3,72.4857,139.196,1.06674,2387.74,12.215,6.45934,1.0,27.0,0.0943567,0.0858084,5.58852e-06,0.674331,2091.69,1034.24,0.0,2899.83,3175.0,1578.18,12.6284,4681.86,0.714286,0.452911,0.0,1.0,75.6901,31.1628,5.54427,171.174,65.8484,32.1101,10.5312,159.299,115.643,28.7714,13.9891,171.414,117.807,29.4789,9.56307,162.587
18454_01123,8.0,294.0,822.15,3301.67,1817.83,4934440000.0,25738.1,87.5445,218.933,0.839918,2784.87,9.58503,5.23945,1.0,22.0,0.0906878,0.0793155,0.0,0.44257,2088.6,1175.32,0.0,3035.12,4688.05,2660.72,9.37824,7022.8,0.699301,0.460174,0.0,1.0,74.4778,29.7252,1.39188,171.074,67.0564,27.7886,1.2336,134.923,117.955,25.8432,23.7487,168.008,119.419,23.8705,26.28,168.198
18457_00073,5.0,371.0,1135.54,2677.22,1724.1,5241420000.0,34064.4,91.8179,151.011,0.958094,1922.24,9.12399,3.81189,1.0,16.0,0.121209,0.0916257,0.0,0.567966,1780.35,972.987,0.0,2713.92,3453.98,1938.62,12.3544,5267.5,0.693989,0.462099,0.0,1.0,75.9104,32.4087,3.21016,163.069,67.1587,29.1477,6.63773,137.851,114.135,27.9535,39.6944,169.543,116.11,25.5048,36.5057,164.056
17786_00001,4.0,118.0,5192.58,1710.94,2598.43,23085000000.0,21817.1,184.891,503.179,2.32537,3212.01,8.67797,4.89004,1.0,18.0,0.148728,0.103559,3.18574e-05,0.464917,1641.85,1175.03,0.0,3766.92,7582.35,5529.08,13.9613,12486.8,0.789474,0.411306,0.0,1.0,85.0346,33.8367,23.8102,166.155,80.6238,37.1247,4.40042,148.375,105.962,34.7371,1.5038,159.039,103.714,35.3027,10.3563,163.906
18465_00227,5.0,495.0,914.4,3646.35,1654.41,5516170000.0,40875.6,82.5771,120.912,1.34651,1770.87,22.0586,13.7539,1.0,48.0,0.126708,0.105102,8.09747e-07,0.608654,2296.1,1184.04,0.0,3469.09,4935.19,2580.24,13.1848,7576.98,0.714286,0.452679,0.0,1.0,75.2924,36.9862,2.03823,175.861,68.7037,37.4456,4.06638,170.229,114.43,32.3798,9.37384,167.158,117.924,31.52,31.2847,169.557
18462_00007,7.0,171.0,1386.93,2313.79,995.54,3194750000.0,25119.4,146.897,165.678,2.29545,986.199,6.97661,3.50286,1.0,16.0,0.167614,0.122543,1.64543e-05,0.605873,449.946,546.979,0.0,1891.43,935.976,816.424,16.9581,2912.58,0.743902,0.439162,0.0,1.0,67.3103,31.1028,1.52424,141.449,76.2616,37.0092,6.53568,176.23,119.836,26.0296,36.1889,167.063,103.105,32.6224,12.5973,164.008
18454_01133,10.0,522.0,2815.75,3420.65,1686.01,16239100000.0,46186.3,88.4795,158.594,0.682568,2405.09,15.1149,7.08992,1.0,30.0,0.0906131,0.0863676,0.0,0.735502,2820.01,1499.5,0.0,3925.79,5073.77,2684.83,11.8035,7232.34,0.703125,0.457776,0.0,1.0,75.049,32.5749,2.44702,171.389,62.1959,34.1961,1.82434,174.278,117.162,29.039,18.5814,165.385,123.176,29.6536,7.45027,173.874
18867_4336_x10280_y7972,5.0,393.0,5994.93,5513.85,4346.85,143686000000.0,54018.2,137.451,298.538,1.40748,3296.29,9.94656,4.25581,1.0,20.0,0.132723,0.115897,9.91718e-06,0.772973,2069.06,1870.41,0.0,8262.72,3373.82,2868.99,22.1083,11387.6,0.731959,0.444085,0.0,1.0,75.0322,32.3581,0.482028,169.057,72.3874,34.2126,5.57773,167.455,112.534,30.5106,6.82063,164.292,107.42,30.5745,15.91,169.838
18453_1674_x14446_y9719,8.0,698.0,3949.87,3845.24,5453.35,82826600000.0,125142.0,179.286,263.107,0.931464,3468.04,12.5645,6.11834,1.0,26.0,0.13123,0.104372,0.0,0.813422,1103.82,1260.34,0.0,4310.74,2511.07,2952.08,10.0581,8929.25,0.684058,0.465565,0.0,1.0,75.2786,31.4368,1.774,169.944,71.34,34.3554,2.09759,172.02,115.804,27.4532,10.8021,170.732,110.949,31.7487,11.0689,168.688
18457_00063,7.0,349.0,816.91,2600.55,1158.28,2460670000.0,30642.7,87.8015,191.018,0.68293,3275.82,10.5186,5.19204,1.0,21.0,0.114962,0.0924803,0.0,0.612034,1706.57,928.225,0.0,2393.34,3735.49,2051.09,16.7841,5618.27,0.719298,0.450662,0.0,1.0,74.5738,26.72,1.75939,152.59,62.558,31.1121,8.81514,157.256,118.966,25.3404,16.4799,162.553,119.597,27.2799,15.7781,166.87
18868_4757_x15158_y16995,7.0,597.0,1785.97,2341.26,1025.27,4287090000.0,36264.9,60.7453,148.532,0.701848,1899.96,17.9447,9.69806,1.0,48.0,0.142047,0.103528,0.0,0.737363,987.971,324.867,0.0,2114.33,3071.52,1106.42,13.1244,5442.96,0.79322,0.405684,0.0,1.0,85.3092,33.0338,1.58032,166.347,82.7821,37.4953,1.67307,174.768,107.074,28.1948,2.40021,171.095,103.415,33.1124,5.04016,170.625
18465_00039,6.0,322.0,1555.33,1890.17,1221.32,3590480000.0,25867.1,80.3326,99.664,1.64005,698.58,9.18012,4.26079,1.0,20.0,0.1585,0.122874,3.41687e-05,0.657239,436.589,425.962,0.0,1423.54,850.293,681.063,8.08016,2603.33,0.727848,0.446483,0.0,1.0,81.1268,34.3345,7.56989,165.637,79.6701,39.7962,5.5626,174.538,109.533,30.4468,27.7274,173.679,100.308,39.0416,0.88196,161.586
18867_7172_x22280_y4802,8.0,692.0,807.87,473.25,556.85,212897000.0,26565.9,38.39,36.5618,0.503027,244.264,20.7052,12.1097,1.0,50.0,0.112862,0.0875438,0.0,0.558307,159.433,127.266,0.0,667.328,630.718,415.377,9.91557,1713.78,0.74269,0.437792,0.0,1.0,79.1391,30.9292,9.99735,165.679,71.7919,31.4092,4.75514,171.877,112.434,26.6991,25.483,165.575,114.763,26.2026,16.4333,164.173
18465_00141,9.0,481.0,2059.8,3634.03,2049.19,15339000000.0,52273.8,108.677,285.707,0.93183,5796.96,16.2266,12.7142,1.0,45.0,0.0899961,0.0789522,0.0,0.587191,1981.47,1296.25,0.0,3289.29,6018.13,4088.52,12.077,11803.8,0.724576,0.447677,0.0,1.0,76.3527,31.683,21.1777,175.467,70.0963,35.521,0.691202,175.511,115.79,29.1038,3.07554,165.195,116.653,29.1424,10.0266,169.869
18869_4414_x15653_y4273,10.0,658.0,685.2,793.56,347.75,189088000.0,33333.6,50.659,46.7768,1.25421,339.447,10.5957,3.81826,1.0,21.0,0.104779,0.0861035,7.59335e-06,0.714845,205.397,102.128,0.0,455.505,428.449,153.9,22.4965,800.592,0.712963,0.453079,0.0,1.0,74.5202,29.3748,0.157091,167.659,64.7509,29.9966,5.87497,177.687,116.099,24.511,35.8511,167.657,121.368,25.8794,12.3755,170.803
18869_4089_x6848_y5110,7.0,585.0,694.28,846.06,657.5,386217000.0,34324.0,58.6734,57.9948,0.507613,463.091,8.8735,3.01044,1.0,16.0,0.0943585,0.0713883,0.0,0.483182,135.211,66.8234,0.0,410.95,292.148,116.672,10.2422,708.355,0.695502,0.460993,0.0,1.0,77.5947,27.0077,5.86064,153.886,70.548,30.4172,6.58807,153.836,116.318,22.8137,16.4243,171.865,116.732,25.2783,32.4293,172.481
18465_00029,6.0,290.0,697.4,2074.15,572.68,828389000.0,15126.7,52.161,103.469,1.65972,1560.83,10.4138,6.30108,1.0,27.0,0.122826,0.110399,4.83872e-06,0.607139,893.272,799.083,0.0,1898.66,1290.38,1039.33,9.56881,2966.22,0.739437,0.440496,0.0,1.0,83.7683,33.3923,13.5158,172.233,79.463,40.6888,1.81835,175.584,107.665,31.3556,24.0193,165.271,106.859,35.6675,7.4371,165.012
17302_00039,7.0,425.0,3130.96,3160.14,1792.37,17734200000.0,44251.3,104.121,130.65,0.728474,1216.4,18.9341,11.238,1.0,39.0,0.13431,0.113895,0.0,0.824163,1993.32,1327.54,0.0,3300.76,4827.61,3276.12,8.44956,7949.97,0.708134,0.455713,0.0,1.0,71.6716,35.2675,0.510854,171.787,69.2533,36.4632,5.53817,176.291,110.366,35.5275,2.36236,170.733,114.953,31.654,7.20629,167.63
18454_00062,7.0,347.0,1297.87,2346.41,2621.08,7982070000.0,33333.8,96.0628,134.142,1.16121,1189.6,11.9683,6.03761,1.0,23.0,0.0804254,0.0698521,3.69335e-07,0.403172,1908.04,1116.1,0.0,2863.1,3766.17,2270.38,17.7124,6136.63,0.711765,0.454279,0.0,1.0,74.1409,29.7593,3.06067,170.352,63.7716,30.6953,6.56101,175.502,117.519,27.8787,4.16256,166.223,120.67,28.1472,5.91694,168.291
18453_4283_x7543_y12923,8.0,484.0,4060.37,3612.11,3112.44,45648700000.0,124221.0,256.654,322.072,0.879508,2132.28,9.94215,4.92225,1.0,22.0,0.157052,0.126777,0.0,0.906802,890.257,872.539,0.0,3407.42,1697.4,1239.34,13.6007,5073.99,0.726891,0.446495,0.0,1.0,76.378,31.4021,3.32608,160.491,76.1019,35.9532,4.51476,165.448,114.351,27.9309,2.10864,166.796,102.461,33.9216,1.12119,166.692
18461_7132_x6338_y3287,7.0,323.0,1460.37,905.65,913.431,1208090000.0,42068.9,130.244,139.091,1.16871,952.68,13.6254,7.09292,1.0,29.0,0.133102,0.112638,1.6998e-08,0.753329,204.168,193.33,0.0,752.538,1102.21,693.694,12.3289,2679.73,0.702532,0.458598,0.0,1.0,74.1018,36.3397,3.47841,175.24,71.4967,35.891,6.50149,177.542,115.231,29.8249,9.6121,171.283,110.468,33.3035,21.7888,167.71
17782_3487_x11014_y17041,5.0,383.0,5167.94,4360.35,7026.85,158343000000.0,113527.0,296.415,465.047,0.821091,4086.64,12.5614,7.79755,1.0,31.0,0.158731,0.123155,0.0,0.831109,2783.78,2063.33,0.0,7480.08,6349.56,4567.74,21.5232,15979.6,0.746032,0.436436,0.0,1.0,63.1193,37.675,0.351088,175.641,67.246,40.2452,2.57705,177.99,117.267,33.9068,7.27618,173.882,112.614,36.8468,2.48425,170.377
18454_00072,10.0,778.0,3104.45,1927.85,3063.6,18335400000.0,78516.2,100.921,140.102,0.588558,2552.08,12.2082,5.72203,1.0,25.0,0.101058,0.0796223,0.0,0.637692,2631.27,1411.82,0.0,3855.67,4667.89,2505.54,13.1726,7175.49,0.697917,0.45976,0.0,1.0,73.5194,33.5219,0.200525,161.937,65.6321,30.5005,2.14002,175.985,116.501,29.716,3.296,177.458,119.623,27.1255,10.3441,166.051
18868_3488_x24952_y7321,10.0,830.0,6932.9,5565.26,3690.08,142376000000.0,121660.0,146.579,226.366,0.836191,2324.0,14.2193,6.58745,1.0,29.0,0.126096,0.0945666,0.0,0.77385,2465.6,1834.44,0.0,6607.87,4164.22,3215.87,20.3588,10806.4,0.731707,0.443612,0.0,1.0,75.3968,31.8595,2.42818,175.323,70.1063,34.3782,6.89826,178.016,114.245,28.9676,0.274303,165.654,114.572,29.8022,0.559501,170.64
18465_00080,7.0,281.0,870.52,2955.48,1896.19,4878530000.0,27884.7,99.2337,247.331,0.515294,3891.65,7.91103,3.39368,1.0,15.0,0.128393,0.0919526,0.0,0.591432,1830.98,1240.43,0.0,3110.37,3904.65,2650.89,15.537,6468.81,0.729927,0.445627,0.0,1.0,76.3644,31.0785,5.21856,174.082,66.1376,28.6524,10.1515,155.003,114.638,29.0735,0.224275,170.304,119.691,25.4734,37.7242,162.054
18465_00090,8.0,484.0,1467.53,2444.22,2039.9,7317050000.0,40301.5,83.2675,121.91,0.699109,1613.1,12.2603,5.49368,1.0,21.0,0.116122,0.094346,0.0,0.570511,1993.29,1089.69,0.0,2937.72,3314.47,1773.72,14.7315,4959.09,0.697479,0.460318,0.0,1.0,74.9107,32.7382,0.394259,175.683,65.9445,33.6338,4.80866,159.898,113.135,30.4343,7.87804,172.15,118.968,30.6117,5.44936,168.837
18455_00106,6.0,166.0,1318.03,997.8,964.95,1269030000.0,26049.3,156.923,169.323,3.15893,828.273,6.98795,2.82197,1.0,13.0,0.174118,0.119648,0.000700564,0.683034,209.733,168.581,0.0,763.469,577.727,415.289,9.31351,2020.83,0.7125,0.455452,0.0,1.0,75.6436,29.9496,5.83227,159.389,81.5974,35.0679,10.9616,166.077,114.264,23.8511,47.4987,172.176,101.698,33.6373,20.6343,154.538
17302_00080,5.0,761.0,1466.99,3373.62,1455.96,7205650000.0,54748.3,71.9425,101.559,0.269204,1382.54,28.2089,15.648,1.0,54.0,0.116772,0.0896686,0.0,0.837987,1992.7,1168.05,0.0,3061.09,5330.85,3143.34,0.269204,8052.97,0.740741,0.438809,0.0,1.0,70.8479,37.9403,0.328682,177.045,71.4666,39.3519,2.93006,175.332,110.456,35.1691,1.79449,170.034,113.247,32.2083,4.00408,165.934
pre_18864_00420,11.0,699.0,5864.98,4067.34,4070.69,97105800000.0,128716.0,184.143,286.949,0.496165,4476.86,12.8941,6.78636,1.0,28.0,0.141456,0.103245,0.0,0.651066,864.303,906.568,0.0,4685.46,1732.34,1671.48,20.2907,6812.9,0.72093,0.449195,0.0,1.0,75.709,32.9993,1.80431,175.676,73.0091,34.6978,5.8784,177.382,111.724,31.0057,8.74264,175.187,108.725,31.6403,13.6269,167.45
191807_5921_x4355_y21421,9.0,227.0,1273.88,3119.4,1407.08,5591370000.0,37172.3,163.755,242.473,1.41706,2187.43,9.87225,6.07086,1.0,23.0,0.163374,0.12771,6.60461e-06,0.845408,977.59,1074.29,0.0,2607.39,1839.83,1957.03,11.1131,6276.31,0.761468,0.428155,0.0,1.0,77.5472,40.4032,0.959976,176.396,72.4161,39.2375,7.19595,166.907,108.634,31.7672,0.994794,167.731,102.997,34.0197,14.3142,165.826
18458_00302,5.0,257.0,2784.93,3797.47,2329.83,24639500000.0,37630.6,146.423,502.606,0.384592,7818.19,7.48249,3.4878,1.0,16.0,0.105954,0.100485,0.0,0.695214,1883.34,1479.93,0.0,3328.49,5764.97,4489.41,6.50379,10550.9,0.730159,0.445649,0.0,1.0,78.7569,32.5942,13.4524,166.451,70.6614,30.8569,10.2064,165.165,112.709,28.7512,10.5491,165.506,114.418,26.3232,32.6647,162.115
17545_00075,12.0,378.0,823.48,3099.17,1146.64,2926340000.0,33623.5,88.9511,182.615,0.365443,3218.2,9.20106,4.41384,1.0,21.0,0.136072,0.103002,0.0,0.601918,1825.53,1025.0,0.0,2815.66,3410.25,1873.12,8.99752,5202.77,0.73224,0.444006,0.0,1.0,77.3022,35.0956,0.887778,171.128,63.5264,31.5044,4.47542,151.019,111.994,31.0011,0.723578,160.78,121.191,27.4946,4.95711,164.27
18867_4789_x23709_y15765,4.0,686.0,1133.82,1096.12,2052.85,2551290000.0,37894.6,55.24,99.7073,0.810944,1189.89,19.481,9.9355,1.0,42.0,0.136478,0.102992,0.0,0.541053,736.523,342.402,0.0,1826.15,1678.51,774.726,11.4472,3827.45,0.71261,0.45321,0.0,1.0,84.4527,32.2392,0.478149,173.585,79.3136,37.2518,5.18846,167.78,109.42,28.8499,1.80098,166.267,105.863,31.6517,10.4492,165.217
17545_00065,5.0,309.0,1856.32,1910.05,1028.68,3647350000.0,34016.7,110.086,126.745,2.38285,824.68,12.7994,7.38495,1.0,34.0,0.169234,0.108771,0.00232105,0.588627,479.612,546.493,0.0,1808.44,945.457,760.64,15.3237,3214.94,0.75,0.434444,0.0,1.0,80.9461,35.3593,6.29927,170.866,90.8161,37.245,3.09147,174.418,106.464,32.6968,24.1132,170.62,95.2575,33.2833,13.1991,165.721
236174_3429_x12632_y10625,4.0,422.0,6883.46,4626.34,5420.43,172615000000.0,150877.0,357.529,619.417,2.34749,5417.09,10.1043,4.23407,1.0,20.0,0.122932,0.111516,2.72145e-05,0.833262,3596.32,1954.5,0.0,6138.11,7019.09,3988.88,11.1088,14403.9,0.688995,0.464016,0.0,1.0,65.8037,28.7016,2.96874,151.714,69.1194,36.3929,4.46881,171.664,119.493,28.5639,31.2792,170.387,111.088,34.2776,5.34258,171.886
191807_5629_x4661_y9410,6.0,212.0,2439.24,3375.82,2491.79,20518500000.0,39017.8,184.046,266.005,3.06925,2003.32,8.91509,4.08701,1.0,19.0,0.197817,0.146078,5.74588e-05,0.705324,550.409,671.173,0.0,2456.1,1328.15,1357.36,14.454,6523.5,0.76699,0.424816,0.0,1.0,80.5681,34.3424,11.6586,166.438,84.2737,37.7978,10.599,166.95,111.675,26.7475,44.065,165.895,91.9851,33.4933,5.28557,162.082
pre_18864_00113,8.0,582.0,2015.86,1938.16,3811.02,14889900000.0,58198.0,99.9965,162.33,0.937499,2580.93,9.90722,5.0343,1.0,22.0,0.121789,0.0903582,0.0,0.637829,467.936,520.456,0.0,2352.47,879.607,912.106,13.007,3622.54,0.724739,0.447426,0.0,1.0,72.8309,29.6673,6.29184,160.929,70.1918,30.7566,6.4533,158.495,116.451,25.0595,25.1094,165.708,115.747,26.9482,23.4336,171.123
18455_00260,5.0,285.0,802.85,2812.39,1561.8,3526430000.0,22774.4,79.91,222.01,1.91465,3631.27,9.46316,4.59901,1.0,20.0,0.102906,0.0811128,2.18172e-06,0.464759,1898.68,1098.1,0.0,2748.81,3757.75,2156.75,7.38949,5652.44,0.671429,0.47138,0.0,1.0,76.3932,26.0919,10.4502,157.244,69.0212,29.8815,3.27263,158.597,117.325,24.81,39.7605,169.121,118.674,25.7521,41.3201,164.829
182724_4327_x4847_y18972,8.0,730.0,11661.9,6705.92,3838.85,300212000000.0,154628.0,211.819,355.385,1.419,3300.33,14.3425,7.1814,1.0,32.0,0.118448,0.0925245,3.23392e-05,0.600666,2739.79,2353.89,0.0,10182.9,5073.27,4376.07,10.5296,16412.5,0.728532,0.445334,0.0,1.0,69.1197,32.6244,0.616527,174.864,66.8026,33.1748,1.24798,170.878,119.677,29.6243,6.97064,171.546,114.278,31.6361,18.158,175.043
18458_00547,8.0,510.0,2041.39,1725.93,2625.62,9250840000.0,38295.7,75.0896,103.902,0.891719,1553.24,20.3294,13.4822,1.0,45.0,0.128345,0.107268,0.0,0.758314,2265.15,1218.71,0.0,3266.1,3724.46,2067.02,11.7698,6290.46,0.733068,0.443241,0.0,1.0,80.672,35.7828,2.82652,166.707,72.6505,35.3623,5.62142,166.166,108.409,34.3712,4.3447,170.093,113.443,31.3758,17.5681,167.15
17781_6627_x22762_y14486,6.0,128.0,4855.85,3668.79,2834.77,50501700000.0,33228.4,259.597,682.814,1.49824,6705.1,6.6875,4.05037,1.0,17.0,0.144211,0.115381,9.45041e-06,0.578291,1340.0,1711.46,0.0,4691.19,3332.88,4350.76,10.5795,13712.9,0.786885,0.412907,0.0,1.0,73.2934,31.0864,10.5127,150.033,73.1086,38.6784,7.15802,158.361,115.325,34.1138,12.1228,164.247,108.412,35.1932,30.9886,158.164
18455_00022,9.0,383.0,1121.48,2164.63,2021.62,4907660000.0,29396.5,76.7532,123.417,0.913507,1854.74,11.5222,7.22807,1.0,29.0,0.0978681,0.0853253,0.0,0.464432,1794.61,982.325,0.0,2616.02,3096.18,1735.28,7.56876,5275.71,0.705882,0.456868,0.0,1.0,73.4691,31.6347,0.43958,158.518,68.1085,33.9558,8.67411,159.231,120.557,26.99,13.9169,175.563,119.054,28.5269,23.287,169.228
18455_00032,5.0,319.0,1328.06,1858.74,653.96,1614310000.0,23784.6,74.56,91.0988,0.942085,563.431,12.3354,6.4747,1.0,30.0,0.163128,0.141886,0.0,0.753106,462.909,477.849,0.0,1641.09,1194.31,970.47,11.9113,3280.49,0.770701,0.421727,0.0,1.0,85.0367,35.4338,4.97891,170.879,86.5906,36.441,6.16065,167.44,101.945,32.9388,2.78493,166.167,91.1478,32.5655,13.6599,161.49
18454_00097,7.0,497.0,4868.05,5000.7,3647.56,88795000000.0,75269.3,151.447,266.082,0.950051,2596.55,18.5855,9.55023,1.0,34.0,0.124523,0.0920944,0.0,0.564751,2810.23,1999.06,0.0,4996.15,5389.54,3892.93,12.712,11302.2,0.722449,0.448707,0.0,1.0,74.8598,33.4375,0.986465,169.058,72.5433,33.7915,5.9343,168.342,116.621,29.5012,12.8942,170.632,113.775,28.5029,12.7156,167.074
18464_00079,9.0,477.0,1708.04,2217.84,2842.45,10767700000.0,48455.2,101.583,160.498,0.898205,2750.3,12.7778,6.87683,1.0,26.0,0.106203,0.0720853,0.0,0.502982,1863.95,1040.48,0.0,2866.68,3902.41,2267.95,12.7142,6269.73,0.726496,0.446713,0.0,1.0,71.4723,32.1743,2.19399,147.316,63.8913,30.2734,4.67603,157.069,117.284,29.5359,17.0402,163.932,120.154,28.4464,23.0429,169.761
18458_00150,7.0,709.0,1202.87,3717.47,2067.49,9245070000.0,75210.3,106.079,282.765,0.932195,6709.34,27.8378,15.2068,1.0,53.0,0.105824,0.0881121,0.0,0.581691,2105.25,908.281,0.0,2734.38,8531.61,3873.05,16.4896,12820.3,0.737892,0.440409,0.0,1.0,72.5472,35.2982,2.8664,174.029,71.632,36.7052,7.74649,173.804,116.888,32.9407,1.42442,173.728,111.955,34.874,3.1615,170.625
18867_4218_x8269_y11914,10.0,1262.0,6774.36,4100.9,4241.33,117828000000.0,130746.0,103.602,176.978,0.578767,2290.65,21.1426,11.6504,1.0,52.0,0.110603,0.0852184,0.0,0.812162,2462.64,1626.5,0.0,6185.87,5332.76,4110.59,9.60607,12731.7,0.71246,0.452977,0.0,1.0,79.7957,31.2172,0.276672,162.676,71.2699,34.9403,1.16095,176.107,111.556,29.637,1.84552,176.011,112.0,31.1488,11.8434,170.282
18453_3690_x8282_y9898,6.0,250.0,1103.75,984.91,2105.82,2289230000.0,40170.5,160.682,189.752,1.85396,1424.6,6.88,2.86118,1.0,12.0,0.149554,0.10948,2.77518e-05,0.653008,200.595,179.466,0.0,686.427,618.124,464.447,18.3426,1876.65,0.729508,0.446046,0.0,1.0,75.3892,26.4278,10.4713,151.212,69.1483,31.4072,5.93742,155.064,118.881,22.0545,58.9521,170.271,112.151,27.5507,34.8745,166.953
18458_00236,6.0,490.0,3515.15,3035.07,2270.33,24221600000.0,49006.5,100.013,373.13,0.533939,7991.76,9.32653,3.84669,1.0,20.0,0.0921694,0.0846018,0.0,0.555442,2414.3,1522.87,0.0,3680.13,6841.62,4332.74,11.6362,10432.5,0.739669,0.439724,0.0,1.0,73.8378,29.5754,3.72535,167.428,66.8148,31.4323,9.11209,163.49,116.855,28.3016,24.4439,166.72,118.6,30.2218,25.6517,171.129
18463_00057,5.0,335.0,1081.89,2689.35,1710.84,4977830000.0,22844.1,68.1913,223.985,1.07405,3945.69,9.81791,4.36435,1.0,20.0,0.0972331,0.0854752,1.42514e-07,0.505835,1937.42,1000.39,0.0,2582.95,4081.22,2149.07,12.2766,5604.89,0.739394,0.440302,0.0,1.0,74.2276,31.258,17.6084,173.164,66.2755,32.2317,6.03611,152.387,116.507,28.6417,19.9655,165.23,120.628,26.2194,8.7295,169.015
17545_00029,9.0,363.0,1770.61,1787.85,1217.61,3854450000.0,38717.8,106.661,125.619,2.06753,778.931,9.26997,4.33014,1.0,24.0,0.204234,0.124012,3.66973e-05,0.710681,343.542,341.487,0.0,1492.9,894.954,631.622,14.3646,2929.69,0.711864,0.454179,0.0,1.0,76.1445,35.1122,6.75379,163.208,76.0152,36.0316,8.45639,167.362,107.289,31.7488,15.2941,168.995,99.2197,35.6625,4.61414,170.63
18453_5941_x24629_y3152,6.0,382.0,2726.17,2248.29,5638.47,34559500000.0,62030.2,162.383,316.321,0.520839,4237.75,9.81675,5.25995,1.0,24.0,0.137267,0.100921,0.0,0.741028,1122.62,1268.22,0.0,3662.46,2065.57,2183.93,12.4087,5997.51,0.728723,0.445806,0.0,1.0,73.7143,31.1104,3.06062,167.849,71.5975,35.2014,4.38587,164.812,116.384,26.8295,4.74933,174.609,108.805,32.696,7.3113,163.688
18463_00047,6.0,762.0,5130.68,2198.6,2288.67,25816900000.0,97463.6,127.905,201.687,1.09678,3518.38,12.7638,6.06681,1.0,30.0,0.0986026,0.0648798,7.36629e-06,0.44769,2998.5,1842.98,0.0,4955.84,5053.13,3112.23,16.6854,8967.26,0.703704,0.457228,0.0,1.0,68.9762,30.6121,2.05077,159.33,63.5067,29.2208,1.50045,170.444,117.97,29.4812,0.480562,170.942,122.75,25.4329,34.202,172.838
18461_4233_x19011_y2874,9.0,391.0,1734.75,1657.87,3120.8,8975420000.0,58583.5,149.83,228.272,2.38792,2412.78,9.30179,5.79265,1.0,23.0,0.122177,0.104165,5.55942e-05,0.691141,309.397,279.075,0.0,1101.15,819.454,871.323,13.252,3598.85,0.727749,0.446288,0.0,1.0,74.3775,30.8095,10.8862,170.186,66.736,31.0811,2.68555,157.927,116.127,28.8618,10.3075,166.993,115.642,31.8471,22.1149,164.342
pre_18864_00027,9.0,465.0,2291.51,1949.05,3725.97,16641200000.0,66659.9,143.355,196.225,0.460572,2710.12,10.2129,5.56388,1.0,23.0,0.12187,0.0937746,0.0,0.636435,383.981,320.619,0.0,1503.76,820.657,657.796,20.2952,4190.42,0.714912,0.45245,0.0,1.0,72.3864,29.4704,2.83077,166.415,70.2371,31.9632,2.4431,167.842,117.485,26.6046,18.7813,168.03,113.226,29.544,13.9132,162.673
17781_2491_x13559_y38398,9.0,319.0,4070.92,2091.15,3411.95,29045600000.0,46395.4,145.44,223.43,1.34632,1672.07,7.89028,4.26525,1.0,18.0,0.138722,0.0962091,1.13379e-06,0.837271,554.636,976.876,0.0,3893.68,906.614,1374.59,15.3749,5905.69,0.690323,0.463859,0.0,1.0,66.7636,32.3932,1.62292,163.733,64.6348,34.082,2.84858,163.656,120.632,28.26,27.6862,167.053,118.972,30.5213,17.5881,167.55
18457_00096,8.0,570.0,2416.15,2041.48,1921.38,9477250000.0,40787.0,71.5561,125.617,0.482952,2398.36,14.6912,6.85497,1.0,29.0,0.0989934,0.0810889,0.0,0.620898,2266.18,1127.03,0.0,3088.48,3781.17,1844.32,6.86407,5211.64,0.708185,0.455409,0.0,1.0,74.5401,30.5223,1.08154,159.131,69.7173,32.882,6.21487,164.838,116.452,25.6019,38.8021,171.804,115.774,29.1041,21.0277,168.162
18869_5237_x7485_y4162,7.0,341.0,3594.43,5858.62,3488.51,73462400000.0,53630.3,157.274,291.274,1.42533,2174.63,11.1877,5.17971,1.0,21.0,0.122863,0.11432,2.31695e-05,0.728196,1598.26,2015.82,0.0,5828.68,2819.82,3155.48,17.9072,8505.13,0.718563,0.451053,0.0,1.0,78.8425,32.6647,1.49208,176.07,70.5289,35.9401,8.99126,175.816,115.654,27.6221,25.3401,165.698,109.726,34.7256,6.63838,167.243
18864_5692_x8806_y3272,6.0,332.0,3372.5,3873.16,4378.71,57195700000.0,73308.4,220.809,298.223,2.38712,3115.17,8.42169,3.90405,1.0,17.0,0.14446,0.121867,2.34272e-05,0.834457,939.436,1197.93,0.0,4384.54,1723.61,1848.98,21.2029,6956.36,0.723926,0.448431,0.0,1.0,74.3712,36.1802,0.580752,171.419,69.9306,33.9658,6.38582,170.715,108.435,30.8404,4.96069,164.164,111.1,29.9778,11.7961,162.198
18868_5242_x9858_y5968,7.0,399.0,1940.18,4990.46,1900.9,18405300000.0,32659.3,81.8528,229.717,0.561486,2924.72,10.6692,5.89147,1.0,22.0,0.130019,0.102389,0.0,0.828538,1095.73,1347.18,0.0,4045.27,2452.12,3189.49,12.0626,7808.07,0.719388,0.450449,0.0,1.0,83.5157,31.6235,14.5741,165.524,76.7571,37.9285,5.15751,175.976,107.498,30.5429,15.3422,160.893,108.179,33.0094,15.8658,168.913
18867_4824_x31628_y8902,8.0,406.0,3375.13,4525.21,3877.2,59217100000.0,39757.8,97.9256,269.696,0.661719,4469.92,9.35468,5.2326,1.0,24.0,0.114325,0.0853128,0.0,0.459224,782.192,1160.24,0.0,5816.12,1371.21,1916.17,11.811,8006.31,0.738693,0.440455,0.0,1.0,75.1549,29.5457,0.178819,153.672,66.4989,32.8067,4.55633,166.071,117.127,25.8023,12.8579,170.437,117.064,26.0344,26.3721,169.935
18465_00313,8.0,1964.0,5123.84,3676.57,2566.87,48355100000.0,99932.6,50.8822,166.929,0.483008,5991.55,18.8819,10.5025,1.0,49.0,0.126391,0.101314,0.0,0.6835,2589.23,749.598,0.0,3558.11,7641.75,2212.61,16.4958,11249.0,0.733129,0.442551,0.0,1.0,81.06,33.6503,0.837469,166.994,76.5184,33.3122,7.9486,174.278,107.493,31.2981,2.33296,170.758,111.089,30.1749,6.07701,175.65
18454_01007,4.0,598.0,1500.31,3925.62,2736.6,16117600000.0,70359.6,117.658,195.362,0.808556,3259.31,12.7726,5.79335,1.0,25.0,0.0827462,0.0757682,0.0,0.856099,2529.37,1683.76,0.0,4000.74,5132.51,3409.73,10.3528,8724.63,0.680135,0.467211,0.0,1.0,72.2782,27.6616,1.87758,147.801,60.1634,26.8397,4.40156,154.907,118.755,27.471,2.12199,175.453,123.958,22.8082,38.5058,171.152
18465_00303,7.0,789.0,3260.66,3439.58,3104.28,34815400000.0,87723.2,111.183,156.012,0.537901,1630.66,16.1508,7.88601,1.0,29.0,0.0981078,0.0850967,0.0,0.867331,2301.12,1288.05,0.0,3886.91,4319.0,2500.51,22.6376,8137.79,0.713555,0.452679,0.0,1.0,74.297,35.3327,0.0,178.611,67.3612,32.0564,2.16124,168.51,116.023,31.6352,1.11208,178.268,117.916,28.6066,13.31,173.306
17302_00065,5.0,491.0,3324.52,2390.02,2391.1,18998900000.0,41216.6,83.9441,394.623,0.628165,8664.08,15.1507,10.6879,1.0,38.0,0.146274,0.107179,0.0,0.659387,2153.55,1266.86,0.0,3102.69,7112.36,4202.1,10.6146,11220.0,0.740741,0.439133,0.0,1.0,74.8003,40.693,0.52556,171.081,79.078,42.511,6.47755,174.601,108.179,38.8333,6.47971,173.892,105.306,38.4606,3.58099,170.77
17302_00075,8.0,504.0,1521.29,1861.2,1348.78,3818970000.0,29933.1,59.3911,75.305,0.76918,583.823,17.869,9.9595,1.0,37.0,0.155754,0.107017,0.0,0.655467,479.335,438.368,0.0,1416.37,1275.9,778.518,16.1799,2916.24,0.762097,0.426661,0.0,1.0,78.244,36.5206,3.77833,170.563,80.1892,39.3688,4.70254,174.606,106.469,33.3479,5.55408,167.965,99.8486,34.8703,6.43238,163.758
pre_18866_01458,2.0,54.0,1162.42,1141.62,1401.47,1859810000.0,8332.78,154.311,344.055,1.93615,2527.45,4.66667,1.57815,1.0,7.0,0.0924567,0.0978908,1.34911e-05,0.484398,117.471,68.8408,0.0,298.451,307.232,375.674,10.0336,2824.38,0.692308,0.470679,0.0,1.0,66.2282,39.448,0.765254,157.656,58.1791,37.8448,12.8843,142.391,112.649,36.5257,12.8993,162.975,125.022,39.5305,12.8823,168.982
182725_4080_x6576_y11407,10.0,618.0,6693.52,5788.51,3714.33,143913000000.0,114405.0,185.121,283.381,1.03294,2355.03,12.6731,6.29887,1.0,27.0,0.129632,0.10606,1.31919e-05,0.882487,2495.42,2449.68,0.0,6987.39,3944.32,3749.22,5.86095,12763.8,0.713816,0.452722,0.0,1.0,74.4125,31.5648,3.25551,167.611,72.5174,34.2115,2.39616,169.518,115.802,28.7678,0.58083,169.652,110.896,30.5394,11.1628,170.061
18454_00156,10.0,682.0,3088.25,1344.48,3116.27,12939000000.0,64406.2,94.4372,116.183,0.707956,1518.59,15.8416,8.54829,1.0,35.0,0.0906353,0.0714697,0.0,0.540441,2708.69,1528.39,0.0,3922.14,4096.27,2291.73,14.3301,6705.37,0.6875,0.464204,0.0,1.0,78.5129,31.3388,1.45801,165.158,70.0393,33.6979,5.09589,164.58,111.682,29.012,25.2556,170.037,117.432,29.0959,16.39,169.589
pre_18465_00267,4.0,94.0,1161.52,1099.28,655.561,837044000.0,8066.6,85.8149,96.9777,3.20847,596.241,6.21277,4.12147,1.0,16.0,0.146783,0.115795,0.0013575,0.496942,316.143,352.825,0.0,1052.11,640.121,717.363,12.9245,2540.54,0.755556,0.434613,0.0,1.0,74.8929,34.9868,3.33307,137.444,68.1603,36.7862,12.0978,146.141,116.771,29.1396,49.1222,177.423,111.931,38.4816,30.6611,167.756
18454_00146,10.0,404.0,1675.9,2931.59,2585.47,12702500000.0,38413.8,95.0837,166.935,0.864567,2407.71,8.64851,4.6952,1.0,21.0,0.081309,0.062311,0.0,0.433112,1539.16,1215.58,0.0,3201.8,2993.6,2382.94,8.68821,6377.04,0.736041,0.441901,0.0,1.0,72.1381,28.7105,0.238423,157.467,59.6539,27.6179,8.57772,176.487,120.738,24.3857,43.0088,167.993,126.505,23.6945,43.1303,170.077
18454_00134,11.0,429.0,1561.67,1972.75,2160.1,6654800000.0,32963.8,76.8388,130.985,1.05684,2251.86,14.0536,7.48515,1.0,29.0,0.109727,0.0783619,1.57882e-05,0.561473,1966.66,985.443,0.0,2805.94,3228.56,1588.53,7.38043,4928.4,0.69378,0.462029,0.0,1.0,81.3397,31.3188,4.48612,168.446,69.9475,33.2387,6.94018,173.46,108.612,28.8345,16.2842,166.532,115.978,28.854,23.2595,166.274
18869_3751_x5868_y6832,9.0,639.0,9889.57,5020.38,6519.15,323672000000.0,108386.0,169.619,325.642,0.474716,3787.42,13.1847,6.73551,1.0,30.0,0.11643,0.0876237,0.0,0.593315,3617.48,3835.23,0.0,10122.5,5952.59,5966.36,17.8351,16460.4,0.71746,0.450951,0.0,1.0,74.8523,28.6167,1.58905,174.649,67.6713,34.399,3.6206,163.23,117.46,25.7013,18.5795,169.994,114.453,32.411,7.04702,170.974
17543_5296_x5131_y20385,6.0,302.0,1784.84,2773.65,2693.37,13333600000.0,50381.3,166.825,227.469,1.09334,2070.92,10.3179,5.2995,1.0,21.0,0.169315,0.130606,3.57238e-05,0.680592,758.532,819.249,0.0,2547.73,1612.89,1439.49,20.1949,4041.41,0.72973,0.445607,0.0,1.0,71.346,36.4751,1.22984,159.701,73.881,39.8898,5.30728,164.926,115.212,32.5961,9.75973,175.746,105.584,36.1346,12.1444,168.446
18869_5802_x13547_y4406,10.0,864.0,6185.62,5898.32,2657.85,96971000000.0,107322.0,124.215,205.625,1.19244,2415.54,13.3704,7.58982,1.0,32.0,0.102377,0.0800818,7.03808e-06,0.723925,2059.63,1870.82,0.0,5445.66,4509.0,4442.65,16.936,12380.8,0.71897,0.45003,0.0,1.0,72.4108,30.1937,0.864036,169.737,64.3953,32.3519,5.52713,172.523,118.783,26.5435,10.0255,173.738,119.331,29.3149,18.5242,169.203
182724_4472_x5247_y12162,6.0,286.0,1264.97,1310.95,1339.84,2221870000.0,51981.9,181.755,199.045,2.01284,1068.26,9.51049,5.23935,1.0,22.0,0.148835,0.109549,1.23816e-05,0.760599,234.808,182.683,0.0,1036.04,1105.65,1022.18,15.1042,4257.49,0.742857,0.438628,0.0,1.0,82.2919,42.0909,4.00365,173.585,85.3624,41.6693,5.76919,176.745,106.43,32.2134,33.0397,163.253,103.578,34.2333,17.0524,164.761
17781_00001,8.0,708.0,2889.14,3791.48,3011.32,32986400000.0,119260.0,168.447,259.566,1.40246,2141.78,13.2797,7.66397,1.0,37.0,0.16014,0.119138,3.02822e-05,0.792979,2062.83,1269.62,0.0,3929.78,4073.82,2339.06,17.0275,8818.01,0.728571,0.445333,0.0,1.0,75.5451,34.8037,2.60773,174.347,75.5764,38.0821,6.7873,170.235,107.854,33.7529,1.45319,167.695,103.964,35.2394,2.20543,166.115
17302_00007,6.0,228.0,3932.65,1132.42,1661.45,7399120000.0,16133.3,70.7599,185.181,0.165625,2165.87,13.7456,7.88442,1.0,29.0,0.168296,0.130065,0.0,0.622418,2426.72,1770.54,0.0,4071.62,3564.68,2520.17,17.3282,5977.78,0.837838,0.370271,0.0,1.0,84.7722,33.9769,5.96074,157.607,83.5004,39.3018,11.9671,173.218,106.425,31.7015,20.2092,174.168,101.352,32.1582,5.19615,157.651
18455_00181,8.0,320.0,5278.44,1222.62,1283.72,8284520000.0,22667.1,70.8348,152.248,0.723573,2026.28,10.4375,6.53391,1.0,27.0,0.134259,0.10314,0.0,0.619807,1952.39,2005.85,0.0,5207.81,2636.46,2530.59,13.4256,7116.84,0.737179,0.441583,0.0,1.0,73.3352,34.1101,0.789106,156.596,73.2833,32.9742,6.82417,144.67,114.264,29.3659,27.9409,162.436,110.699,32.7744,18.2502,160.714
18465_00017,8.0,312.0,388.17,1272.1,1138.02,561944000.0,13460.7,43.1434,60.2211,0.439715,882.337,14.8077,11.6603,1.0,41.0,0.13371,0.108572,0.0,0.948033,573.231,532.868,0.0,1408.97,952.533,815.124,14.6482,2271.69,0.769737,0.422393,0.0,1.0,81.3447,34.896,4.59147,172.454,77.9577,37.3664,5.23917,156.766,107.477,32.8319,16.6089,175.932,105.214,35.4946,10.5243,171.605
17302_00017,9.0,393.0,354.23,613.79,1022.79,222378000.0,21056.1,53.5779,52.6572,0.949443,478.588,13.8702,8.60831,1.0,31.0,0.152519,0.105132,0.0,0.635412,293.415,247.236,0.0,870.064,895.909,631.87,9.66882,2177.86,0.755208,0.431088,0.0,1.0,81.6457,35.1415,7.73049,174.867,75.0421,36.9391,0.600612,170.712,105.73,33.071,1.95014,163.42,105.569,34.7817,5.69565,170.622
18465_00007,5.0,329.0,768.35,1565.63,1177.31,1416250000.0,16422.3,49.9158,67.5053,1.09152,870.542,14.1246,8.41925,1.0,34.0,0.117042,0.107966,1.33581e-06,0.77601,727.384,580.525,0.0,1753.56,1164.41,837.265,17.6017,2760.68,0.734568,0.442932,0.0,1.0,78.563,38.0718,1.69814,169.744,76.8801,44.7083,2.25218,170.593,111.129,33.609,3.27546,166.644,106.125,39.9376,22.3597,174.888
18867_4724_x12558_y16835,5.0,323.0,3194.82,944.84,1174.68,3545880000.0,24335.8,75.3431,105.193,0.512348,1293.49,13.1486,7.65175,1.0,32.0,0.155336,0.127098,0.0,0.774071,1039.11,986.549,0.0,3266.93,1888.99,1357.75,51.2105,4792.94,0.735849,0.442273,0.0,1.0,76.1733,33.7432,4.87371,172.124,76.2134,39.3768,5.84516,175.441,111.479,28.6102,21.4279,172.398,100.819,33.2289,2.48089,168.237
191812_4775_x5212_y22490,8.0,754.0,6089.3,5047.97,9688.5,297811000000.0,184139.0,244.216,428.136,1.054,6094.7,16.2997,7.51221,1.0,30.0,0.113686,0.0850548,6.67231e-06,0.531047,1903.75,2328.34,0.0,8634.02,3493.41,3712.14,10.8328,15405.8,0.689008,0.463521,0.0,1.0,68.5474,29.9278,0.810892,170.991,65.147,32.6263,3.26731,169.423,122.923,24.1329,40.7183,174.23,116.358,27.6997,31.9508,168.395
18454_01075,9.0,693.0,4151.85,2210.02,2999.5,27522400000.0,66271.1,95.6293,172.796,0.267373,3660.2,19.5628,13.0847,1.0,45.0,0.11437,0.0837604,0.0,0.625319,3190.49,1551.82,0.0,4275.97,5981.99,2984.83,16.2986,8908.42,0.707602,0.45553,0.0,1.0,82.2405,32.4895,7.83227,174.782,67.751,33.7591,10.391,163.603,110.309,28.673,20.4231,171.492,117.07,31.8254,8.39959,167.574
18465_00209,4.0,124.0,801.65,314.97,463.48,117027000.0,6977.61,56.2711,61.7721,0.821859,338.756,6.3871,2.84765,1.0,12.0,0.141238,0.108608,0.0,0.458182,229.585,163.567,0.0,679.798,385.565,233.751,14.8059,991.613,0.766667,0.426522,0.0,1.0,69.0473,37.0915,0.969155,149.189,69.8645,34.6513,11.3831,168.253,101.201,40.558,9.18012,173.905,111.385,36.7524,27.7812,162.584
18457_00125,5.0,431.0,1952.91,3526.92,2133.94,14698100000.0,37529.4,87.0752,229.771,0.697068,4500.06,10.8979,4.95409,1.0,22.0,0.100035,0.0798773,0.0,0.606449,2351.35,1527.53,0.0,3716.99,4694.91,3000.38,14.1709,7451.59,0.671362,0.470825,0.0,1.0,76.9098,32.0343,3.2573,161.086,67.8091,33.0526,5.55292,172.591,114.649,29.8053,1.98953,166.934,118.942,29.8316,17.6423,172.039
236174_3229_x12413_y11831,5.0,471.0,6884.87,5442.59,4724.81,177046000000.0,248502.0,527.606,662.286,1.24691,5230.95,12.1507,5.64938,1.0,25.0,0.136822,0.118694,2.62409e-05,0.752831,3105.68,2017.45,0.0,6557.86,5931.65,3690.69,10.3204,12361.4,0.699571,0.459432,0.0,1.0,63.9052,29.2679,1.07686,159.716,64.3425,35.3794,5.57286,173.255,124.478,24.7807,46.5865,167.556,112.275,35.0336,13.6088,171.283
18465_00219,6.0,380.0,2281.78,1173.78,2164.17,5796320000.0,17637.5,46.4144,94.4293,0.648528,1490.8,13.3053,8.3145,1.0,37.0,0.132003,0.113594,0.0,0.677767,1348.48,1163.01,0.0,2842.81,2034.76,1692.81,3.40322,4438.81,0.759358,0.428621,0.0,1.0,78.1268,37.9644,5.56726,173.456,75.6174,39.991,9.39414,173.036,106.07,34.7649,12.9418,163.079,106.477,39.0873,8.77056,167.321
18457_00135,7.0,751.0,4481.45,1664.49,1154.66,8612990000.0,71200.5,94.8076,189.476,0.704564,4443.98,18.3262,10.688,1.0,42.0,0.0791766,0.0651418,0.0,0.583805,3234.53,1648.76,0.0,4428.36,5466.35,2785.14,12.9789,7898.36,0.731183,0.443942,0.0,1.0,75.9383,29.6801,1.86295,160.639,61.8557,30.6734,5.45616,166.785,115.779,25.5321,40.0356,173.989,122.316,28.4333,13.6846,168.587
18867_4397_x8352_y9768,9.0,351.0,4452.38,4115.97,3645.55,66807900000.0,30183.2,85.9921,299.323,0.534058,4653.16,9.21652,4.29736,1.0,18.0,0.12154,0.106098,0.0,0.734434,826.413,1325.7,0.0,6238.54,1520.4,2254.94,12.9346,7998.91,0.719298,0.450662,0.0,1.0,77.9454,31.9704,2.70298,157.553,72.3868,35.1775,1.25486,171.345,112.26,30.9155,7.75688,163.312,109.255,33.4729,18.4972,168.743
18462_00029,5.0,625.0,4504.2,2011.46,3174.98,28765400000.0,70854.2,113.367,160.829,0.88784,2428.64,11.0992,4.79146,1.0,21.0,0.087779,0.0641692,0.0,0.428572,2620.89,1710.43,0.0,4812.14,4186.9,2801.11,17.1861,8987.94,0.716129,0.451604,0.0,1.0,72.0315,30.1515,4.65811,159.545,62.2075,26.4885,5.80538,160.903,118.934,26.4898,9.33758,164.656,122.951,25.7518,36.4099,168.393
18868_3856_x26025_y7205,8.0,176.0,4880.97,5709.53,2469.84,68829600000.0,26512.6,150.64,498.252,2.07649,4977.15,7.64773,4.33468,1.0,17.0,0.151436,0.117604,5.65782e-05,0.704805,1492.59,2378.35,0.0,6690.8,2505.58,3726.34,16.447,10202.5,0.761905,0.428476,0.0,1.0,79.7434,31.613,6.84675,178.745,77.2477,35.9728,9.92732,152.725,111.082,27.7347,20.9523,159.565,105.735,33.0096,23.4757,162.395
18868_5131_x7596_y7239,9.0,447.0,4906.97,6100.75,3295.85,98665200000.0,45651.7,102.129,305.103,0.171931,4526.96,10.5884,5.35851,1.0,22.0,0.129486,0.113207,0.0,0.684103,1096.48,1814.59,0.0,5793.21,1833.36,2799.82,14.1272,10692.6,0.726027,0.447017,0.0,1.0,78.3303,33.6385,2.77276,170.144,75.2243,37.5789,7.15881,166.501,111.466,28.9655,3.42944,171.375,109.118,31.1114,16.8204,163.173
18458_00244,8.0,414.0,3207.07,3872.82,2744.82,34091800000.0,45392.0,109.643,371.562,0.532279,6857.19,9.98551,4.98761,1.0,23.0,0.120667,0.105351,0.0,0.691336,2598.22,1667.63,0.0,3897.06,7687.1,4909.07,13.001,11634.1,0.704433,0.457425,0.0,1.0,79.811,34.5089,7.73596,170.838,72.2477,38.4945,6.09967,168.589,113.663,28.8731,32.3656,167.382,112.955,29.6624,5.21037,166.956
18464_00163,6.0,370.0,1299.46,733.15,890.5,848378000.0,19198.6,51.888,72.771,0.800348,1036.31,11.9838,7.47714,1.0,31.0,0.162877,0.135731,0.0,0.701129,674.205,488.439,0.0,1201.25,1250.14,853.438,8.21748,2695.22,0.752747,0.432605,0.0,1.0,84.2425,37.0148,7.21417,175.166,83.8115,40.0926,8.68017,170.563,107.191,30.3987,20.7672,171.028,100.21,34.2767,12.7115,159.137
15257_2226_x16029_y23953,8.0,186.0,5229.08,2549.96,3160.71,42144700000.0,28089.2,151.017,292.272,1.58712,3041.56,8.30108,5.30942,1.0,18.0,0.12527,0.107642,1.64991e-05,0.747166,1495.12,2079.84,0.0,5245.86,2157.21,2916.06,9.42792,8251.84,0.775281,0.419762,0.0,1.0,70.1544,37.6298,4.6786,163.143,62.6974,32.4481,8.431,171.077,114.821,30.3986,25.5134,167.9,120.25,29.6678,34.1196,165.569
18458_00122,8.0,424.0,738.56,2553.23,1861.31,3509900000.0,31418.3,74.0998,159.133,0.49363,2958.09,15.816,9.0556,1.0,31.0,0.120053,0.093308,0.0,0.767291,1845.9,883.227,0.0,2669.96,3875.57,1910.34,8.65307,5724.81,0.668269,0.471971,0.0,1.0,75.8483,37.6154,0.951174,170.226,73.846,38.6968,7.13533,170.323,109.887,32.8293,2.74926,169.251,113.192,33.749,15.2001,164.842
18869_3395_x6415_y6741,6.0,304.0,5230.77,3596.4,3333.31,62706000000.0,40357.3,132.754,323.564,1.44173,3381.22,9.99342,5.46274,1.0,22.0,0.130116,0.100568,3.39463e-05,0.614419,1425.11,1960.56,0.0,6292.02,2289.7,3023.9,13.7673,9035.85,0.718121,0.451432,0.0,1.0,82.3045,28.8041,5.47438,167.27,72.8298,32.1186,1.67192,148.451,110.544,25.5646,33.4986,161.75,108.236,28.5535,28.9776,171.269
18455_00040,6.0,188.0,1194.32,1788.42,829.77,1772340000.0,20418.9,108.611,127.66,0.763698,680.414,8.44681,5.03595,1.0,20.0,0.173526,0.136701,0.0,0.768898,373.293,457.692,0.0,1452.72,739.007,682.824,11.0606,2519.98,0.67033,0.472698,0.0,1.0,83.3704,34.0532,1.46518,166.45,81.0186,36.393,11.3624,162.47,111.749,28.8887,36.1413,174.2,100.569,34.6092,14.0385,163.885
18867_6014_x17935_y4434,9.0,1389.0,6476.92,6340.09,3388.42,139143000000.0,159864.0,115.093,222.958,0.800225,4310.95,13.7718,6.34779,1.0,34.0,0.0987161,0.08476,0.0,0.929708,1933.44,1791.42,0.0,6136.31,4472.65,4845.74,19.1821,14074.3,0.736232,0.440995,0.0,1.0,77.2915,32.8045,2.17214,174.024,68.6233,34.2769,4.12178,173.605,113.249,29.4786,11.7561,170.074,114.107,31.6236,5.06235,173.124
18455_00138,6.0,390.0,609.79,2944.68,1263.31,2268440000.0,30600.9,78.4639,161.251,0.631833,2437.4,12.6667,7.32476,1.0,32.0,0.10213,0.0893395,0.0,0.626614,1924.4,1113.73,0.0,2749.79,3888.17,2272.87,11.0094,6097.51,0.713542,0.453288,0.0,1.0,80.6313,33.8443,0.0810329,178.49,71.3524,38.1698,2.86726,177.233,112.012,28.7818,2.88708,169.191,112.517,32.5842,5.79234,163.084
18455_00050,7.0,317.0,1722.91,2186.05,3027.71,11403400000.0,40663.8,128.277,234.123,0.586134,3139.89,11.3975,4.57356,1.0,19.0,0.112565,0.0977569,0.0,0.786751,1817.12,1081.26,0.0,2860.42,5279.75,3187.56,8.7407,8720.43,0.780645,0.415151,0.0,1.0,77.0021,33.8425,1.91566,158.331,67.6377,31.8138,10.7943,177.48,115.627,28.8959,5.5931,166.335,115.495,27.6286,17.4882,171.159
18465_00132,9.0,579.0,1296.75,3234.17,2202.62,9237590000.0,45990.3,79.4306,154.272,0.790501,2966.24,14.2124,8.96464,1.0,34.0,0.102378,0.0698939,0.0,0.413147,1732.35,1176.66,0.0,3026.8,3688.21,2715.94,9.30981,7019.45,0.712281,0.453496,0.0,1.0,80.4047,34.3628,0.180683,175.788,73.8329,34.5743,1.07075,164.484,112.648,31.2741,5.73605,170.314,114.286,29.4409,10.3659,171.984
18454_00011,6.0,224.0,2271.39,2143.6,952.59,4638110000.0,23058.9,102.942,121.995,1.1967,1019.1,8.21429,3.491,1.0,17.0,0.16269,0.141096,5.65466e-05,0.81835,454.161,532.147,0.0,2452.27,880.82,708.398,8.02946,2922.32,0.733945,0.443934,0.0,1.0,82.9738,35.8217,13.0919,161.967,81.257,38.8943,7.73733,173.52,108.341,31.7527,24.6728,165.927,99.792,33.299,9.28904,162.12
18454_00169,5.0,687.0,2464.62,4254.98,2551.7,26759500000.0,74205.6,108.014,170.834,1.18706,2968.03,14.4847,7.12627,1.0,28.0,0.0740461,0.0631724,6.21052e-07,0.517184,2829.63,1614.65,0.0,4317.66,5344.3,3103.33,11.011,8378.22,0.709677,0.454578,0.0,1.0,68.6377,27.0502,2.31181,174.739,57.499,26.884,4.24692,159.289,121.645,24.3729,3.23521,166.167,127.554,23.276,54.8473,175.498
18868_3228_x28576_y10788,9.0,443.0,6142.58,4082.77,3635.6,91176300000.0,58126.8,131.212,216.831,0.81959,2171.79,11.7901,6.1142,1.0,28.0,0.142364,0.109081,0.0,0.770597,1736.89,1983.87,0.0,6848.9,2619.82,2794.72,11.3058,9447.28,0.732719,0.443564,0.0,1.0,77.3024,35.433,2.7548,172.984,70.1605,36.0978,5.35942,170.746,112.03,30.8634,22.4053,173.219,110.938,31.1777,18.2841,170.244
18464_00197,7.0,869.0,5074.01,3552.43,3378.24,60893000000.0,82942.5,95.446,193.218,0.791103,3166.18,22.5144,12.475,1.0,49.0,0.118053,0.0862288,0.0,0.548376,2108.23,723.335,0.0,3608.46,8183.81,3087.9,9.28037,13109.2,0.714617,0.452121,0.0,1.0,81.0639,36.2563,0.499233,172.175,74.2322,33.971,5.48788,175.447,112.083,31.4583,2.93974,174.375,111.768,30.8739,7.06384,173.774
182724_3887_x5901_y10339,13.0,585.0,9744.36,6111.27,4660.37,277527000000.0,89104.7,152.316,362.914,0.324388,6182.81,14.5726,9.29365,1.0,33.0,0.113176,0.0968351,0.0,0.728057,2930.46,4045.25,0.0,10314.2,4742.86,6608.67,14.1274,17401.2,0.702797,0.457828,0.0,1.0,75.3315,31.2158,1.12875,163.176,68.1582,33.546,5.06297,172.944,115.829,28.3532,0.933988,172.461,117.035,31.2886,13.0016,172.502
18454_01038,10.0,362.0,806.67,3078.73,1336.33,3318800000.0,32642.1,90.1715,160.025,0.696416,2116.22,11.3646,5.60764,1.0,20.0,0.118701,0.0938261,0.0,0.658462,1873.29,1224.5,0.0,2895.76,3593.08,2323.31,9.09065,5556.96,0.727273,0.446632,0.0,1.0,76.7572,29.8933,1.74125,167.349,68.4932,30.8355,3.9462,158.144,119.689,24.4324,4.19088,165.494,118.805,25.6935,9.13869,162.552
18457_00010,12.0,394.0,1816.13,2829.64,1842.82,9470240000.0,34882.9,88.5353,167.715,0.944363,2406.95,9.15736,5.02924,1.0,23.0,0.111857,0.0898638,0.0,0.528818,1438.11,1106.16,0.0,2840.38,2999.91,2367.77,14.0839,6451.98,0.706806,0.456423,0.0,1.0,78.6838,34.122,2.00593,177.248,71.7177,34.0859,3.62779,173.364,116.104,29.285,0.99229,170.088,112.866,30.6854,3.34658,166.5
15257_4500_x16614_y17147,7.0,235.0,2288.56,4434.47,1924.76,19533500000.0,44353.9,188.74,287.785,1.07148,2705.93,9.55319,5.07132,1.0,19.0,0.1342,0.118957,1.10183e-05,0.722293,1471.43,1372.11,0.0,3668.12,2862.91,2689.93,11.6261,6981.51,0.710526,0.45552,0.0,1.0,68.092,29.9307,3.71405,147.33,66.2197,33.6861,3.74964,160.015,116.342,24.6934,29.6279,164.654,111.354,32.8351,14.9982,174.97
17545_00006,4.0,114.0,4052.27,1206.21,1733.59,8473600000.0,11152.6,97.8302,256.754,0.199143,2164.18,8.21053,5.13098,1.0,20.0,0.174563,0.132729,0.0,0.657026,931.203,1597.13,0.0,4220.26,1298.63,2039.67,0.199143,5725.64,0.763636,0.428764,0.0,1.0,78.7705,33.3688,1.03844,153.675,80.6358,31.239,26.3245,156.247,110.791,31.9343,33.5045,166.122,103.347,31.5467,32.139,156.25
18463_00068,12.0,660.0,3140.12,1501.66,2770.9,13065900000.0,53625.3,81.2504,148.567,0.937271,2105.89,25.2545,15.4158,1.0,48.0,0.0948046,0.078422,0.0,0.511505,2899.66,1394.02,0.0,3813.74,6006.17,3023.2,17.8803,9339.01,0.722222,0.448596,0.0,1.0,76.1939,34.9349,1.53744,179.27,66.7695,34.9323,5.63982,167.083,111.615,32.1791,9.90831,164.628,117.289,32.4005,9.56808,171.875
18454_01091,8.0,744.0,1467.02,3347.11,1922.86,9441790000.0,72579.1,97.5525,175.162,0.683345,3665.84,15.4758,6.86709,1.0,29.0,0.084775,0.0659252,0.0,0.548391,1945.02,1064.88,0.0,2911.33,5740.44,3150.06,14.1744,8643.78,0.717391,0.450881,0.0,1.0,75.1039,30.1252,1.0518,166.203,64.2956,31.2585,5.8409,171.052,117.564,26.3577,19.9305,175.877,120.987,29.3552,19.501,174.156
17782_3352_x11384_y16404,8.0,908.0,5483.22,4042.23,9015.58,199825000000.0,217090.0,239.086,358.664,2.02817,5799.31,12.641,5.2891,1.0,28.0,0.188439,0.124736,1.59796e-05,0.765378,3274.37,2130.31,0.0,7620.87,5810.01,3693.98,9.46557,12770.9,0.742222,0.437898,0.0,1.0,76.4766,36.6676,0.550864,166.36,77.0877,35.9368,1.51231,175.271,108.04,33.7695,8.89359,170.235,102.021,34.2707,9.20046,163.649
pre_18864_00018,7.0,529.0,2970.55,4068.7,6452.75,77989600000.0,77018.6,145.593,238.375,0.681727,3368.81,13.2911,8.19566,1.0,36.0,0.11623,0.095445,0.0,0.714105,727.437,779.424,0.0,3970.91,1289.19,1226.48,18.6598,5886.1,0.724138,0.447806,0.0,1.0,72.58,31.0574,2.99343,148.826,67.8204,32.1646,4.85978,160.694,115.436,29.1505,13.8078,163.507,115.162,29.5593,23.3517,174.788
18455_00203,9.0,387.0,1893.08,2134.67,2058.1,8316990000.0,34566.7,89.3197,136.45,0.305933,2257.22,10.7674,4.96388,1.0,20.0,0.0952774,0.0662406,0.0,0.379335,2089.99,1090.77,0.0,2937.97,3308.73,1704.61,15.0685,4760.04,0.68254,0.466725,0.0,1.0,73.9396,29.5122,0.48604,166.259,61.4056,27.1477,4.63973,160.979,117.214,28.946,0.752226,167.599,124.624,26.4785,20.5135,172.453
18454_01081,13.0,413.0,1101.33,2117.61,2207.8,5149000000.0,29503.7,71.4374,114.885,0.799643,1692.28,10.6949,4.87553,1.0,21.0,0.104546,0.0842988,0.0,0.466896,1835.45,958.473,0.0,2576.78,2976.06,1547.45,13.506,4371.8,0.71,0.454901,0.0,1.0,71.5877,27.8444,6.33457,143.433,62.7235,30.4748,8.35709,150.739,120.625,26.4347,2.22435,172.276,121.433,27.0852,45.2877,173.002
18869_4181_x21056_y5611,8.0,362.0,4243.97,5091.22,4273.0,92326700000.0,51772.4,143.018,258.708,1.08522,2325.52,11.1436,5.65307,1.0,24.0,0.11919,0.0965517,5.00699e-06,0.561009,1770.24,1913.99,0.0,5944.07,2956.96,2988.08,16.6838,8620.0,0.700565,0.45931,0.0,1.0,74.5219,33.3727,7.01559,167.855,71.4735,34.2639,7.78014,166.971,116.221,28.8514,17.0705,169.306,110.122,31.8808,1.81787,170.721
pre_18864_00008,8.0,456.0,6699.6,5454.71,4888.35,178642000000.0,78417.3,171.968,317.676,0.896057,4277.23,13.2807,8.18308,1.0,32.0,0.132543,0.105055,0.0,0.622421,1936.06,2114.82,0.0,5940.79,2679.45,2755.55,13.8928,8290.9,0.732143,0.443835,0.0,1.0,71.5359,32.3817,1.78056,169.749,65.6765,36.1976,1.92227,174.032,116.856,30.9416,0.35267,172.708,113.923,35.5111,3.7804,168.103
18455_00165,5.0,205.0,4703.43,3147.87,2907.13,43042300000.0,32623.4,159.138,713.945,1.85347,9345.12,5.37073,2.21384,1.0,13.0,0.121418,0.115541,4.42028e-05,0.693529,1390.0,2005.21,0.0,4794.04,4011.41,5735.42,10.5337,13095.8,0.71,0.456048,0.0,1.0,68.5864,23.4865,6.06571,132.126,62.7051,31.0127,12.5381,157.536,120.645,23.9746,33.0066,161.446,122.748,28.7028,14.7442,164.771
18453_3767_x22604_y5643,7.0,361.0,4911.15,2346.47,3624.86,41772400000.0,59650.3,165.236,255.737,1.47345,2064.49,13.2105,8.86128,1.0,29.0,0.142151,0.10852,3.86133e-06,0.554299,642.969,744.36,0.0,2825.21,1234.23,1240.0,5.70713,4999.14,0.728814,0.445833,0.0,1.0,71.2372,38.5692,0.140821,170.331,70.8148,36.565,0.441916,172.236,113.083,33.8222,1.0066,174.998,110.157,34.5338,4.67953,174.029
18464_00046,8.0,522.0,1945.85,1622.6,2714.67,8571130000.0,37106.4,71.0851,118.932,0.60493,2069.2,13.1303,5.7389,1.0,24.0,0.110499,0.0937939,0.0,0.609726,2373.17,1052.68,0.0,3188.63,3942.55,1729.9,9.09694,5189.19,0.712062,0.453685,0.0,1.0,73.6405,31.9114,2.66087,162.735,66.1888,29.6499,1.55291,152.269,116.68,27.1968,8.49491,166.288,118.35,27.1763,21.4759,165.889
18458_00075,7.0,789.0,4019.2,3904.24,4346.22,68200500000.0,96485.5,122.288,262.204,0.623145,5106.89,10.8707,4.96879,1.0,23.0,0.121879,0.0882931,0.0,0.619646,2884.0,1289.11,0.0,4085.4,7839.8,3455.79,15.9916,10877.3,0.721228,0.44897,0.0,1.0,75.5119,37.5104,3.70261,178.066,70.1078,33.069,5.3553,166.0,114.275,34.4299,1.29899,174.204,114.79,31.3795,8.58904,170.581
191812_4322_x7645_y6848,8.0,708.0,5725.06,4614.04,9610.94,253879000000.0,153362.0,216.612,338.717,1.15036,3733.31,13.4774,6.19949,1.0,28.0,0.125888,0.102898,1.33694e-06,0.753787,1674.26,1636.41,0.0,8462.05,2833.79,2556.29,15.9997,13132.6,0.737143,0.440816,0.0,1.0,70.9948,35.0832,0.561827,168.391,69.2069,34.9587,5.50644,164.767,114.933,31.2222,6.42897,174.512,111.997,29.9584,8.83844,170.156
17302_00081,5.0,311.0,1169.52,603.02,927.5,654114000.0,14736.3,47.3837,76.8795,0.63204,1105.7,15.8424,10.0898,1.0,36.0,0.177924,0.131177,0.0,0.696923,600.434,502.149,0.0,1200.05,1703.75,1318.03,6.39989,3574.29,0.732026,0.444358,0.0,1.0,82.0298,39.346,6.92386,172.091,79.7403,36.454,5.76281,170.415,103.971,33.994,1.97372,163.486,104.643,32.819,17.0287,166.563
18465_00091,10.0,666.0,1700.26,2253.48,2431.02,9314450000.0,55523.9,83.3692,130.245,0.635178,2631.64,20.4565,12.975,1.0,41.0,0.109889,0.0881003,0.0,0.741718,2308.06,1128.31,0.0,3247.06,4082.26,2037.39,10.7216,6124.02,0.713415,0.452857,0.0,1.0,74.0526,33.3267,0.248777,177.045,66.6302,34.5958,6.60109,174.154,111.891,29.9991,9.82074,167.643,116.931,32.7219,12.605,167.255
18867_7583_x22567_y18119,8.0,308.0,3876.53,4572.82,4430.85,78544200000.0,51053.6,165.759,486.947,0.52812,6697.59,6.50649,3.0506,1.0,17.0,0.144633,0.114874,0.0,0.853778,2853.59,2498.18,0.0,5824.71,5652.47,4976.81,19.892,14382.2,0.713333,0.453719,0.0,1.0,84.0212,31.6882,0.392776,166.705,78.8252,40.047,3.89527,166.806,113.688,25.5788,33.9103,168.55,109.755,34.2106,13.1583,168.815
17302_00091,6.0,292.0,1517.03,1273.5,1270.84,2455180000.0,29155.3,99.8471,115.512,0.913674,666.936,9.80137,4.47155,1.0,20.0,0.16199,0.116347,0.0,0.773346,288.814,349.641,0.0,1268.29,576.797,470.37,11.6244,2093.82,0.727273,0.446927,0.0,1.0,79.5829,32.153,5.28276,165.244,84.3104,34.2067,5.66025,168.494,107.895,30.6985,27.3511,167.798,95.3206,33.5662,10.7104,155.839
18465_00081,4.0,372.0,690.75,3354.12,1380.06,3197400000.0,30196.1,81.1722,164.004,0.67758,2138.34,11.5323,6.16499,1.0,24.0,0.117067,0.0987713,0.0,0.646431,2032.96,1333.53,0.0,3336.0,3940.08,2568.6,9.55218,6902.32,0.717391,0.451496,0.0,1.0,76.8217,34.329,4.38464,158.466,66.8071,32.9698,6.33755,160.42,111.488,30.1569,0.637528,171.91,117.298,28.0173,31.5661,164.698
18455_00261,10.0,394.0,924.49,2897.68,1885.68,5051500000.0,30653.7,77.8012,85.8074,0.896109,596.704,27.7665,17.8446,1.0,58.0,0.101059,0.0881083,0.0,0.552094,1857.79,1078.46,0.0,2909.66,3974.67,2534.63,7.07559,6883.73,0.776042,0.417984,0.0,1.0,78.6249,34.8755,2.49089,175.592,67.222,31.6401,5.3221,151.707,111.117,34.7848,4.14785,167.504,116.658,28.147,12.5083,172.997
18867_4473_x25161_y6054,7.0,663.0,5188.06,6194.82,2896.35,93086100000.0,64046.1,96.6004,206.57,0.583448,2529.54,14.4178,7.25113,1.0,31.0,0.132046,0.108865,0.0,0.781106,2294.92,2314.39,0.0,6816.96,3781.53,3695.43,11.7542,10317.5,0.759146,0.428255,0.0,1.0,78.8157,32.3293,2.65655,175.739,75.1006,35.6875,4.76685,168.879,112.392,30.5862,1.44222,168.44,107.081,34.0802,8.91757,172.4
17545_00064,6.0,158.0,2341.01,1927.94,1077.73,4864150000.0,28860.6,182.662,230.813,1.89273,1982.33,8.35443,4.02235,1.0,16.0,0.199609,0.143994,9.04332e-05,0.7601,598.734,844.045,0.0,2447.83,1138.94,1075.49,15.9447,3578.25,0.75,0.43589,0.0,1.0,82.0393,33.5576,10.617,169.477,84.7305,41.0982,3.01561,161.423,108.19,30.0471,12.8683,157.8,92.2115,42.7101,6.56878,163.683
18868_3419_x27168_y8481,8.0,330.0,5637.55,4772.35,3095.98,83295400000.0,40481.8,122.672,344.008,0.540668,4429.09,10.2303,6.00165,1.0,25.0,0.143671,0.112349,0.0,0.764565,1164.98,1888.12,0.0,6774.08,1963.39,2792.37,9.67709,9305.87,0.732919,0.443815,0.0,1.0,82.4918,34.162,4.84709,170.488,76.4072,33.8198,10.1918,172.608,111.482,29.6817,24.377,159.143,110.033,32.7307,5.34373,162.03
191812_5411_x6011_y24641,11.0,737.0,6684.08,4985.24,9953.4,331665000000.0,148413.0,201.375,427.282,0.509524,6200.12,20.6147,10.9241,1.0,38.0,0.120522,0.104377,0.0,0.833153,2282.98,2695.69,0.0,9476.29,5779.32,4930.96,12.5273,19520.9,0.716253,0.451438,0.0,1.0,73.3659,32.7206,5.30123,163.931,69.8597,38.6504,5.03514,172.716,118.106,29.1415,10.926,174.767,110.7,34.3576,5.39791,170.361
17545_00074,9.0,219.0,753.7,1025.05,1000.87,773252000.0,11770.6,53.7472,62.1938,0.991694,490.005,14.5434,10.635,1.0,32.0,0.160012,0.129788,0.0,0.757908,570.045,428.005,0.0,1113.68,1028.28,758.711,18.074,2383.24,0.771429,0.421927,0.0,1.0,77.6711,37.644,1.39044,154.208,80.1818,36.5574,1.39044,166.81,104.516,37.9835,3.59611,173.113,103.464,37.0453,14.3505,157.891
18867_4874_x16831_y16618,6.0,418.0,1297.18,2588.65,1701.6,5713880000.0,37800.7,90.4324,181.1,0.939382,1694.97,11.2057,5.3205,1.0,25.0,0.133356,0.0939237,0.0,0.562926,1920.9,706.826,0.0,2699.74,2814.02,1154.17,10.9151,4684.78,0.820388,0.384799,0.0,1.0,76.4282,34.8521,3.77749,158.048,70.2038,37.4375,3.20858,165.623,112.952,31.0206,1.79458,173.776,112.144,33.0825,8.40095,166.258
18453_2632_x11687_y8383,7.0,539.0,2140.8,2412.98,6199.5,32024800000.0,84297.4,156.396,254.343,0.360366,4560.08,10.9481,5.85458,1.0,26.0,0.121853,0.0815389,0.0,0.535984,1085.99,1784.43,0.0,5522.99,1718.76,2504.1,15.5329,8555.23,0.710526,0.454373,0.0,1.0,75.6226,30.4585,0.134831,163.028,70.3383,30.965,1.37216,176.994,117.441,25.1842,20.9388,171.433,115.44,27.4196,30.1963,166.412
18457_00062,8.0,396.0,924.5,2583.07,1970.8,4706370000.0,32653.4,82.4581,155.085,0.431628,2389.99,19.6313,14.337,1.0,47.0,0.118205,0.0871493,0.0,0.520892,1731.24,973.452,0.0,2639.71,4082.14,2370.69,13.5188,6884.06,0.757732,0.429564,0.0,1.0,79.3329,33.8786,2.74646,171.2,70.8125,34.0969,1.20328,160.1,113.937,29.7043,29.8169,171.582,114.789,30.4823,26.4158,164.163
18454_01132,7.0,629.0,2558.96,3464.24,2305.2,20435300000.0,53852.2,85.6156,174.652,0.910944,3322.58,13.9126,6.26107,1.0,26.0,0.0975143,0.0780742,0.0,0.57583,2642.51,1471.57,0.0,3956.16,5316.59,3029.3,8.74557,7900.07,0.723473,0.448001,0.0,1.0,73.058,31.8207,0.907734,166.011,61.0109,29.3653,2.16917,159.39,118.095,29.8784,1.02111,173.066,123.289,26.4617,15.6001,167.525
18457_00072,7.0,315.0,1211.7,2678.41,1718.52,5577340000.0,28963.3,91.9469,168.233,1.01498,2102.69,11.5587,6.12286,1.0,23.0,0.118762,0.0935391,1.89081e-05,0.590232,1770.89,1022.87,0.0,2726.6,3944.44,2288.87,9.30076,6173.73,0.707792,0.456261,0.0,1.0,73.3484,32.0874,2.08338,156.027,63.8585,29.569,7.89114,155.165,117.251,27.9549,5.32104,170.807,121.419,26.3708,43.4141,166.88
18465_00226,7.0,559.0,1415.65,4305.23,2715.64,16551000000.0,54647.6,97.7596,207.266,1.10318,3717.87,14.0125,6.12196,1.0,29.0,0.105239,0.0907917,1.59413e-06,0.688678,2694.74,1755.84,0.0,4228.3,6152.05,3989.54,9.23614,10328.5,0.728261,0.445664,0.0,1.0,78.0996,35.502,5.03142,174.548,70.5893,35.535,3.14259,171.404,110.89,32.2392,3.31883,171.022,110.666,33.5662,4.38318,165.553
18868_3207_x27726_y9448,8.0,482.0,6745.85,4527.1,3380.25,103230000000.0,57324.7,118.931,245.369,1.10944,3116.4,10.5394,6.16269,1.0,30.0,0.139065,0.104961,3.30983e-06,0.604813,1037.01,1619.51,0.0,6961.06,1688.86,2430.59,13.8568,9652.56,0.71308,0.453281,0.0,1.0,77.8219,30.8509,2.46145,161.7,74.5956,33.6026,3.96504,161.751,113.29,27.6402,27.3711,167.877,108.916,31.4131,14.9544,165.249
18462_00016,7.0,423.0,2007.53,2491.63,1574.47,7875530000.0,35178.2,83.1637,148.216,1.65,2493.17,13.922,8.63291,1.0,31.0,0.0903125,0.0748439,5.52218e-06,0.457232,2057.82,1159.22,0.0,2995.12,3237.83,1766.87,13.8047,5303.33,0.706731,0.456359,0.0,1.0,78.4708,33.1958,10.7328,173.359,68.0384,33.3986,2.60986,166.588,111.844,30.6842,1.71261,165.702,119.044,30.9898,4.73785,170.396
18454_01122,9.0,399.0,1705.04,2441.94,1910.28,7953650000.0,29920.5,74.9888,129.192,0.681246,1804.08,10.584,5.0958,1.0,22.0,0.0981298,0.0755631,0.0,0.496865,2039.73,1122.6,0.0,2857.98,3617.45,1961.91,2.396,5112.14,0.733333,0.443355,0.0,1.0,73.6426,26.721,0.154702,145.452,64.1299,27.6874,2.20321,129.998,118.519,23.1527,42.3028,163.77,120.786,23.4649,50.1778,172.166
18864_3248_x2473_y15212,7.0,779.0,8121.96,4268.94,4922.5,170674000000.0,142470.0,182.888,327.091,0.739904,4712.56,14.2195,6.96073,1.0,29.0,0.134807,0.107111,0.0,0.743932,994.365,1125.21,0.0,6738.02,2611.58,2497.97,7.04308,9057.81,0.694301,0.461301,0.0,1.0,72.555,30.7447,1.86204,166.394,72.8186,33.9011,8.15468,167.834,119.112,27.1493,15.38,175.356,110.956,32.192,8.40441,169.493
18461_4178_x16825_y2713,8.0,416.0,4495.53,2054.69,3160.8,29196000000.0,68451.4,164.547,244.322,1.98735,3467.76,11.1394,6.49113,1.0,24.0,0.122349,0.0988951,3.27123e-05,0.766147,849.088,880.288,0.0,2524.57,1719.33,2069.76,10.7797,7973.94,0.715686,0.452197,0.0,1.0,66.6793,28.857,2.34976,164.626,68.6376,31.5188,6.0323,170.59,124.298,24.6657,35.2873,175.629,115.271,29.3959,22.1271,168.535
18864_5305_x7877_y31450,8.0,474.0,4566.93,4093.11,7993.78,149427000000.0,86463.1,182.412,481.466,2.596,8687.71,10.5232,5.88441,1.0,23.0,0.118005,0.0922008,0.000373664,0.537997,662.301,771.077,0.0,3751.85,1292.67,1337.68,15.5935,9299.26,0.699571,0.459432,0.0,1.0,70.3933,27.5996,1.36295,140.628,64.593,34.2408,6.64742,162.509,122.242,22.9063,51.2235,170.65,119.5,30.6055,12.6739,168.821
18454_00073,7.0,561.0,3099.09,1603.25,3276.44,16279400000.0,56610.7,100.91,163.474,0.822366,2517.89,25.9269,18.6265,1.0,61.0,0.085325,0.0745866,0.0,0.60346,2584.17,1522.49,0.0,3860.42,6184.85,3865.44,11.3937,10864.8,0.703971,0.45733,0.0,1.0,73.1918,33.359,2.56895,167.551,69.601,34.4934,3.39877,172.229,117.134,30.0359,5.13072,169.279,117.385,30.2763,10.9213,166.762
18454_00063,8.0,528.0,1831.08,2293.43,3040.2,12767200000.0,63505.6,120.276,155.362,0.746931,1643.09,13.6553,6.74998,1.0,26.0,0.0894741,0.064699,0.0,0.473689,1960.25,1131.1,0.0,3100.39,3778.61,2239.87,9.39566,6177.36,0.726923,0.446399,0.0,1.0,72.8113,30.056,3.1044,155.007,64.0462,31.0216,4.80553,175.376,120.571,26.8577,21.0832,165.797,122.542,28.7206,21.7293,171.069
182725_3680_x13452_y7614,11.0,765.0,9100.43,4601.02,6451.91,270150000000.0,156292.0,204.303,361.134,0.607494,3575.6,16.3359,9.17334,1.0,36.0,0.125228,0.0966084,0.0,0.589732,3796.5,3779.52,0.0,9591.38,6129.71,6050.33,12.4297,15969.3,0.708223,0.455184,0.0,1.0,69.0625,28.6769,0.75601,146.836,66.6206,33.0293,6.01526,171.69,120.787,23.0456,53.8409,172.735,116.202,28.2324,33.7225,172.149
17302_00038,10.0,356.0,1669.27,1227.05,2855.82,5849510000.0,34442.0,96.7473,127.915,0.436148,1266.89,14.1461,8.19419,1.0,30.0,0.137466,0.0908605,0.0,0.511938,1787.63,1075.45,0.0,2746.3,3921.88,2350.92,13.3327,5970.44,0.734104,0.443092,0.0,1.0,74.3009,37.8195,1.60717,176.324,68.0484,32.4644,7.16211,167.213,108.673,35.2868,0.869712,164.816,116.409,28.9976,2.64584,174.391
18465_00028,5.0,261.0,1103.13,2306.55,718.18,1827360000.0,15556.0,59.6015,131.599,0.905129,1969.7,10.8544,6.48503,1.0,25.0,0.134204,0.120841,0.0,0.646719,1162.99,947.497,0.0,2261.24,1668.99,1264.57,12.0593,3322.83,0.757812,0.430091,0.0,1.0,79.863,32.2669,18.0214,173.396,79.1312,37.856,6.57527,173.396,113.71,30.6728,21.9644,161.524,107.745,34.4769,28.2595,165.378
18465_00140,6.0,454.0,1667.62,3650.37,2001.13,12181800000.0,33404.1,73.5773,127.642,0.665529,1967.16,28.5551,18.8441,1.0,57.0,0.0954483,0.0991623,0.0,0.626431,1908.24,1256.48,0.0,3117.89,5557.41,3733.87,16.7722,9086.06,0.785714,0.411245,0.0,1.0,71.4531,39.2376,2.10423,173.408,66.5435,36.2011,3.9513,172.214,114.1,35.8137,9.12009,173.587,116.504,32.7281,1.3847,173.79
18454_00055,9.0,641.0,4566.0,2519.25,2511.83,28893300000.0,77235.0,120.491,203.143,1.12841,2967.93,18.663,12.9519,1.0,45.0,0.0861831,0.0706381,6.06594e-06,0.708993,2764.77,1836.88,0.0,4649.73,5428.7,3817.62,12.5477,11223.9,0.721519,0.448962,0.0,1.0,72.8079,28.162,2.17798,175.527,63.3647,31.7476,5.20759,171.73,119.204,26.2464,8.34487,170.116,120.945,26.9174,23.228,167.749
18867_5894_x10157_y6463,9.0,425.0,2846.65,5894.28,2992.13,50204800000.0,41139.2,96.7981,277.845,0.883799,3242.75,9.92235,4.92453,1.0,20.0,0.123891,0.12066,0.0,0.826472,1377.75,1566.27,0.0,5801.36,2843.28,2968.2,15.7896,8530.42,0.735577,0.44209,0.0,1.0,79.5148,33.0448,9.97338,175.51,76.3948,36.7843,5.77403,171.24,111.114,32.0069,5.82681,167.541,106.264,32.455,27.3667,168.269
18453_6675_x10576_y3102,6.0,280.0,2121.77,1607.34,5720.48,19509200000.0,49601.4,177.148,409.991,3.37512,6256.61,7.49286,3.8919,1.0,16.0,0.148743,0.122113,2.8226e-05,0.594718,411.308,755.354,0.0,4935.5,829.217,1197.18,9.63309,7101.14,0.678832,0.468639,0.0,1.0,75.5747,29.0302,11.6317,160.044,74.5371,30.918,10.5479,171.51,120.797,23.323,44.8432,165.795,109.914,30.1459,26.1834,160.356
18867_5665_x20882_y6561,12.0,764.0,4065.43,5589.28,2807.41,63792300000.0,95152.9,124.546,235.35,0.414657,2894.17,12.5471,6.36888,1.0,29.0,0.116779,0.0844801,0.0,0.70634,2027.46,1713.6,0.0,4898.42,4537.52,3956.36,12.9977,10910.5,0.734043,0.44243,0.0,1.0,76.2304,31.9243,0.516672,161.166,68.1414,32.3154,2.13417,171.897,115.594,28.4509,1.41576,171.878,117.584,29.0835,4.70128,173.367
18867_4954_x9860_y7599,8.0,918.0,10184.3,6213.33,6077.47,384571000000.0,111816.0,121.804,311.119,0.573019,4086.67,14.1503,6.12246,1.0,27.0,0.120664,0.0896714,0.0,0.538192,2667.15,2546.22,0.0,9528.96,4537.63,4164.21,14.1926,16087.1,0.716484,0.451201,0.0,1.0,76.2231,31.2735,0.926443,166.88,67.907,31.6422,1.62794,167.739,113.568,30.138,1.23175,174.474,114.393,29.3458,8.88703,170.148
18864_4420_x4377_y8261,6.0,368.0,1215.66,1617.14,6028.97,11852300000.0,61376.5,166.784,285.256,1.4359,4599.61,9.29348,5.18967,1.0,22.0,0.128572,0.100966,5.93878e-05,0.693134,1351.95,2101.84,0.0,5477.79,2010.04,2791.65,18.8887,7762.08,0.679558,0.467941,0.0,1.0,71.8816,27.9476,1.29664,152.999,70.4575,34.0975,4.18547,159.287,120.892,22.6205,38.9956,168.279,112.264,32.6048,16.7863,177.303
pre_18866_00139,3.0,79.0,1376.29,1015.37,1217.05,1700760000.0,9547.06,120.849,165.041,3.01596,1264.61,5.50633,3.12916,1.0,14.0,0.112526,0.102926,1.93186e-05,0.524418,240.981,261.368,0.0,1032.67,429.561,393.202,21.3045,2553.83,0.710526,0.459606,0.0,1.0,79.7198,40.2911,0.667879,147.382,60.6336,41.1447,6.06917,169.021,108.55,39.0836,10.5603,168.227,121.304,40.1021,2.29839,168.217
18867_4776_x28359_y6621,8.0,728.0,5925.49,5845.54,2666.85,92373500000.0,72399.7,99.4502,207.712,0.871319,2635.77,12.8049,5.79407,1.0,28.0,0.113458,0.0950636,0.0,0.712697,1362.34,1402.61,0.0,6392.42,2410.34,2582.05,14.3129,9671.8,0.761111,0.426998,0.0,1.0,78.0954,31.3526,3.01176,167.937,74.5031,32.9796,2.8994,178.821,112.042,27.7936,2.52642,171.085,108.347,29.9359,13.1555,171.336
18452_4536_x11274_y21067,3.0,295.0,1567.22,1188.25,1028.88,1916030000.0,20921.0,70.9187,96.1911,0.821966,618.625,16.2339,8.4348,1.0,35.0,0.135944,0.115703,0.0,0.776617,534.338,336.935,0.0,1408.75,1471.63,1065.17,9.80117,3532.18,0.753425,0.432501,0.0,1.0,79.2235,34.9248,2.34328,170.025,80.0632,35.7934,4.12797,170.025,111.581,33.3671,10.2439,171.792,104.985,33.8244,22.2378,166.608
18864_4157_x3358_y13741,9.0,435.0,4705.89,3335.61,4385.89,68845400000.0,74520.2,171.311,250.577,0.888773,2351.81,11.0322,6.38539,1.0,26.0,0.148236,0.11822,0.0,0.709967,729.518,739.121,0.0,2728.58,1798.58,1837.02,11.584,6108.56,0.680751,0.467284,0.0,1.0,71.3602,37.284,3.62421,169.101,72.9511,38.7632,4.16133,165.998,115.548,32.8998,10.7825,173.382,109.718,36.9586,13.0769,164.552
18457_00044,6.0,410.0,907.16,1843.86,786.71,1315910000.0,18505.2,45.1347,53.6858,1.54049,447.126,20.4098,11.6337,1.0,43.0,0.165658,0.125647,1.6597e-05,0.654903,747.136,567.231,0.0,1711.52,1537.88,1055.55,6.32513,3194.3,0.782178,0.413791,0.0,1.0,84.6431,39.1829,1.90224,175.575,80.2971,40.1506,2.57831,168.025,106.187,31.3572,25.5768,170.226,99.916,37.6246,9.31967,165.798
18462_00020,10.0,310.0,897.8,2608.42,1881.14,4405330000.0,26777.9,86.3803,232.002,0.963688,3872.84,9.1871,4.32467,1.0,19.0,0.0956822,0.0911735,0.0,0.64342,1776.43,910.557,0.0,2490.44,4324.9,2247.24,17.1578,6249.16,0.72,0.450503,0.0,1.0,71.4382,28.7345,4.06269,165.26,63.5004,29.0759,5.78683,146.849,119.311,23.5852,47.2391,160.445,120.956,22.3813,57.613,158.743
18454_01114,9.0,237.0,1063.68,2984.39,1514.96,4809140000.0,22328.6,94.2134,293.118,0.887934,4454.9,7.95359,4.01506,1.0,15.0,0.110741,0.0867123,0.0,0.453512,1865.2,1157.69,0.0,2742.57,3902.17,2409.93,14.7024,5941.81,0.710526,0.45552,0.0,1.0,74.2249,29.7945,1.42668,168.697,65.8893,30.7416,2.10701,153.205,117.571,25.0914,36.6121,167.884,117.135,25.7516,39.6978,165.996
18457_00054,6.0,500.0,2163.45,1246.33,2588.27,6978940000.0,36082.3,72.1646,122.092,0.840124,2030.47,15.576,8.8045,1.0,37.0,0.108325,0.095936,0.0,0.778134,2233.64,1045.08,0.0,3035.6,3581.29,1659.58,13.0617,5504.39,0.708502,0.455375,0.0,1.0,77.1638,34.2318,7.78708,166.003,69.7718,35.542,11.4181,163.865,112.023,30.0918,6.48755,168.755,114.269,34.0403,12.0108,169.007
18462_00030,11.0,721.0,4542.75,1716.5,3133.85,24436600000.0,70203.0,97.3689,156.577,0.909497,2898.04,16.9223,9.80615,1.0,36.0,0.0976896,0.0758571,0.0,0.528979,3014.69,1608.67,0.0,4692.29,4725.46,2601.43,10.2975,8200.68,0.729577,0.444805,0.0,1.0,75.8432,33.7604,2.45807,170.379,68.5211,32.4245,5.08245,170.379,113.869,29.2618,2.30673,172.677,118.245,29.1702,2.29397,169.285
18454_01104,9.0,495.0,1337.91,2282.71,2182.9,6666710000.0,36277.0,73.2868,189.524,0.937445,3957.89,9.88081,4.46307,1.0,19.0,0.0960681,0.0783749,0.0,0.607382,1860.67,931.809,0.0,2668.97,4265.13,2172.33,8.62658,5925.21,0.707819,0.455704,0.0,1.0,76.4797,28.706,1.34174,156.811,68.3186,32.8722,2.94263,159.592,116.671,25.5,16.7376,159.649,118.186,26.3885,29.4978,171.032
18869_5418_x23277_y4971,6.0,756.0,1057.79,1205.68,951.46,1213450000.0,64175.5,84.8882,85.7142,2.04406,552.246,9.70899,3.4618,1.0,20.0,0.10707,0.0824212,3.73893e-06,0.606423,166.671,137.58,0.0,771.436,381.449,204.316,12.5714,1221.12,0.696,0.460597,0.0,1.0,75.2544,28.2058,4.58855,154.416,66.4881,30.5042,2.05752,153.45,117.373,23.6724,34.5527,174.081,122.269,24.5001,39.011,169.411
18867_5319_x14289_y4114,6.0,1010.0,675.59,1389.07,830.97,779817000.0,56750.6,56.1887,57.0082,0.305289,468.338,21.2673,10.6743,1.0,45.0,0.0954833,0.0868851,0.0,0.556553,208.027,229.936,0.0,1140.49,723.842,437.226,18.2865,2067.02,0.733068,0.442798,0.0,1.0,81.4836,34.4683,0.632491,177.73,78.5377,36.8646,2.44657,178.214,111.469,30.5648,2.08648,164.535,110.671,31.9079,17.312,174.813
18455_00257,8.0,462.0,2445.11,805.31,3082.7,6070060000.0,42212.3,91.3685,134.595,0.775568,1690.97,12.2771,7.85339,1.0,33.0,0.0889896,0.0751148,0.0,0.532968,2283.55,1490.92,0.0,3556.06,3242.06,2109.54,7.60351,6233.77,0.709251,0.455111,0.0,1.0,74.2234,31.5945,0.121715,168.776,68.4311,32.0362,10.5049,166.355,119.668,29.1976,6.97886,167.232,120.775,26.8666,26.8981,165.137
182724_4580_x5627_y9427,9.0,605.0,5937.58,5401.39,4043.38,129676000000.0,70147.0,115.945,317.588,0.684784,3723.48,11.0397,5.62119,1.0,26.0,0.117546,0.102193,0.0,0.896381,1154.83,1262.48,0.0,6153.17,2200.66,2833.82,10.9279,14170.7,0.724832,0.44735,0.0,1.0,77.0714,33.0523,1.96354,174.652,72.7952,36.7518,3.97183,169.52,114.441,29.0205,1.9475,171.661,111.944,31.559,18.1209,165.465
17545_00052,5.0,275.0,2400.81,1442.4,1185.92,4106750000.0,34268.8,124.614,155.514,1.80079,773.578,10.5782,5.91703,1.0,23.0,0.23474,0.142742,2.41231e-06,0.812451,380.884,434.522,0.0,2000.51,1289.09,1033.12,14.5109,4093.14,0.748148,0.435693,0.0,1.0,77.8451,36.655,2.19482,165.716,80.7005,37.2629,9.75753,164.888,102.431,34.2973,2.75111,160.322,96.4873,34.5053,3.50321,171.818
18864_00040,6.0,566.0,1824.5,2293.82,7588.45,31758200000.0,71815.1,126.882,347.447,1.05997,7874.71,11.6184,6.66168,1.0,27.0,0.119266,0.0819405,3.2586e-06,0.520468,711.566,822.539,0.0,6931.04,1213.31,1305.55,14.5291,8636.89,0.692857,0.462135,0.0,1.0,77.9986,29.6984,9.71881,164.523,66.6494,30.0394,4.71296,160.001,113.95,27.0305,18.191,163.803,119.066,28.0294,30.5674,172.082
18868_3922_x26631_y7518,8.0,444.0,5357.32,5791.58,2684.87,83304400000.0,60288.4,135.785,279.752,0.916778,3557.42,11.3559,5.28761,1.0,24.0,0.15934,0.136149,0.0,0.858576,2216.36,2297.0,0.0,6609.02,3497.77,3424.78,25.7499,9714.81,0.720183,0.449942,0.0,1.0,75.35,32.337,0.32476,154.162,70.1526,36.4842,2.98932,169.396,115.486,29.5294,18.5246,174.259,106.791,32.4029,2.93108,173.395
18458_00053,4.0,552.0,3903.33,3164.88,2466.92,30475300000.0,57102.5,103.447,242.798,0.536202,3822.59,22.4565,13.0706,1.0,45.0,0.114019,0.0865199,0.0,0.586129,2426.19,1446.73,0.0,3626.81,7731.68,4742.62,7.66136,12195.8,0.70073,0.458776,0.0,1.0,82.3226,38.0484,6.21299,171.864,77.3213,43.1493,4.70009,174.671,108.819,35.5263,9.50606,170.885,107.782,38.0117,4.17671,170.866
18461_6043_x11080_y1667,7.0,267.0,2690.23,848.95,1608.79,3674270000.0,53182.5,199.185,224.217,0.768574,1329.12,9.82397,6.37863,1.0,25.0,0.162495,0.135043,0.0,0.730519,289.186,242.665,0.0,1268.34,1381.83,1494.49,11.6271,5320.48,0.723077,0.449209,0.0,1.0,75.974,34.4818,4.91887,164.994,77.214,37.2079,7.11464,172.187,116.757,27.7559,14.9717,168.631,105.55,33.9304,12.496,155.635
18455_00121,11.0,469.0,701.46,2996.15,1165.61,2449740000.0,30548.4,65.1353,148.066,0.688164,2978.57,16.1898,10.0635,1.0,36.0,0.104147,0.0832114,0.0,0.537707,1925.36,1166.93,0.0,2909.07,3639.36,2131.07,11.4158,5841.43,0.742358,0.438294,0.0,1.0,78.6594,33.2823,6.18884,175.82,74.6141,36.7046,1.40399,174.128,111.443,31.6024,4.42839,166.518,111.414,32.1444,18.4178,170.546
18458_00616,4.0,760.0,4727.97,2008.18,1428.22,13560400000.0,75101.0,98.8171,198.242,0.653383,4328.92,28.5605,18.4648,1.0,65.0,0.106755,0.0824619,0.0,0.772556,3076.86,1672.25,0.0,4478.13,6325.16,3495.81,10.6174,10585.5,0.73545,0.441678,0.0,1.0,81.8554,35.9091,2.48612,177.279,74.2578,36.7359,9.27727,173.276,107.338,33.2655,14.4111,169.987,113.07,32.1972,12.0511,163.21
17109_6901_x7203_y26714,7.0,663.0,2671.12,3678.93,9769.43,96002700000.0,205733.0,310.306,490.888,1.35227,9197.89,13.2142,5.36909,1.0,29.0,0.165683,0.12743,6.17151e-06,0.761108,3757.74,3028.92,0.0,8643.98,6415.55,5387.13,10.7979,19904.9,0.698171,0.459753,0.0,1.0,72.2027,32.3642,0.159522,173.695,78.0888,37.2824,7.12924,167.869,116.11,28.6958,18.9445,169.05,99.5524,33.9038,15.3356,165.205
18455_00049,8.0,250.0,1439.07,3026.17,1680.23,7317180000.0,27196.5,108.786,262.723,1.11118,3972.17,9.624,4.66494,1.0,18.0,0.137405,0.0974822,2.37848e-05,0.526894,1951.8,1160.48,0.0,2796.41,4624.55,2722.18,8.33995,6776.16,0.694215,0.462655,0.0,1.0,75.2588,31.3651,6.16204,161.64,60.8353,28.4469,2.48534,145.49,114.599,30.1668,12.7254,167.875,121.418,25.1846,1.30001,159.241
17300_5571_x27063_y39610,9.0,423.0,6155.09,3352.41,9184.89,189524000000.0,81621.7,192.959,422.609,1.87191,4806.26,11.0851,5.8112,1.0,26.0,0.137232,0.119251,2.49993e-06,0.875705,1599.88,1714.13,0.0,7762.66,2543.57,2516.08,12.3311,11347.2,0.758454,0.429058,0.0,1.0,72.8258,37.0662,0.330662,171.041,75.3536,35.4895,3.96118,163.745,111.914,34.5355,2.62702,172.052,107.119,35.5899,4.28236,163.468
18453_5308_x10321_y5166,5.0,201.0,611.92,1149.52,1924.72,1353880000.0,22785.8,113.362,179.787,2.93434,1633.17,8.9801,4.13517,1.0,16.0,0.168031,0.139071,2.88114e-05,0.751233,114.358,122.211,0.0,559.258,329.091,279.131,15.2921,2235.07,0.744898,0.43816,0.0,1.0,80.1723,30.2814,20.9223,175.2,78.9166,38.9907,14.2588,161.267,115.133,25.9515,38.2646,165.71,104.894,32.2651,33.2088,161.816
18869_00028,8.0,248.0,893.13,732.43,1454.5,951469000.0,13858.2,55.8797,109.391,0.568631,1413.75,8.41129,3.86411,1.0,18.0,0.0970189,0.0909883,0.0,0.502989,822.793,326.81,0.0,1399.18,1591.59,622.595,39.646,2607.59,0.691667,0.463741,0.0,1.0,80.5961,31.0315,7.85059,148.536,74.3529,32.3583,10.4545,164.334,115.105,25.8862,9.23532,169.05,115.485,28.457,31.6376,165.607
18455_00143,7.0,487.0,1960.75,2672.64,2085.06,10926500000.0,44573.1,91.5258,141.487,0.711298,1810.91,13.7926,7.65082,1.0,30.0,0.108866,0.0860028,0.0,0.562409,2068.86,1063.56,0.0,2883.49,5256.58,2756.53,5.90831,7809.24,0.7,0.459215,0.0,1.0,74.6225,31.549,1.46754,167.202,66.5684,31.4538,6.75602,170.84,115.876,31.0791,0.227236,160.469,117.68,29.7582,7.10282,169.418
18455_00153,11.0,815.0,2512.42,3391.17,2393.9,20396100000.0,68521.2,84.0751,115.636,0.505768,1434.21,28.6957,17.3193,1.0,62.0,0.0816323,0.0797206,0.0,0.564283,2712.03,1329.69,0.0,3864.92,5514.97,2777.19,3.51529,8405.16,0.718905,0.450094,0.0,1.0,78.4889,34.149,0.923531,175.652,71.0439,36.6628,2.36457,174.646,113.184,32.1165,4.84806,169.291,114.46,33.2866,16.1679,175.497
18464_00108,4.0,240.0,4889.92,1857.75,882.3,8015030000.0,18124.0,75.5168,118.552,0.62285,1014.04,17.9,11.1838,1.0,39.0,0.133404,0.116087,0.0,0.719515,2906.09,2032.32,0.0,4838.73,3567.33,2405.27,17.9962,6400.17,0.838983,0.369114,0.0,1.0,76.5948,34.8928,3.15997,162.76,77.4406,38.3175,11.7958,166.069,107.459,33.6934,8.86575,165.341,103.582,38.3734,8.03995,168.936
18864_3772_x5344_y6871,9.0,313.0,1044.22,1361.79,1607.7,2286160000.0,48559.4,155.142,172.446,1.35158,1129.64,7.72843,3.62148,1.0,16.0,0.148106,0.110506,2.21789e-05,0.722586,245.536,195.712,0.0,800.762,803.65,554.57,14.5719,2215.79,0.717105,0.451895,0.0,1.0,72.4745,30.3757,1.12374,169.854,73.7805,35.6497,7.6936,166.638,120.021,27.4351,14.3631,162.101,109.032,33.4573,9.08579,165.356
18869_3634_x5750_y7170,9.0,301.0,5134.99,3296.39,3854.31,65241600000.0,35774.0,118.85,276.405,0.803502,3212.47,11.0731,5.89418,1.0,22.0,0.119123,0.106312,0.0,0.771676,751.264,1299.37,0.0,6082.36,1396.11,2233.6,9.69765,8336.75,0.760274,0.428386,0.0,1.0,81.9572,31.3398,4.47461,170.815,77.2178,33.2046,5.39357,161.49,109.095,32.4927,1.83191,162.492,108.749,32.1917,6.01738,167.167
17545_00158,4.0,326.0,1753.23,2192.49,1032.46,3968710000.0,27340.7,83.8673,96.2382,0.140711,525.037,9.23313,4.83267,1.0,22.0,0.163689,0.105016,0.0,0.666733,603.791,692.411,0.0,2160.04,1059.1,927.631,0.140711,3142.36,0.701863,0.458867,0.0,1.0,77.832,33.5442,3.73627,154.059,81.6306,38.0771,12.0428,171.654,109.345,30.3276,30.2535,163.149,101.11,32.2858,15.0854,166.907
17787_00048,5.0,301.0,4639.68,1223.26,1840.5,10445800000.0,18947.3,62.9479,233.403,2.45841,3648.73,16.0498,10.5922,1.0,39.0,0.142722,0.121303,3.31632e-05,0.816546,2425.76,2097.01,0.0,4535.11,3652.61,3050.26,11.4327,6944.41,0.75,0.434483,0.0,1.0,83.5712,35.7613,3.19859,171.126,80.6765,36.3273,2.78025,168.266,105.916,34.0971,11.8508,167.105,101.899,36.8136,17.124,165.648
17545_00030,4.0,298.0,1669.3,1747.03,1228.61,3583020000.0,32719.0,109.795,127.796,0.108183,965.642,10.6913,5.12983,1.0,26.0,0.197073,0.126832,0.0,0.729109,513.895,579.612,0.0,1828.64,1025.1,922.591,0.111892,3294.85,0.693878,0.462457,0.0,1.0,78.3658,33.5215,11.7204,158.579,83.5327,39.5352,3.6678,176.505,108.754,29.2342,8.06361,161.469,96.1529,33.5368,17.7596,165.57
18458_00502,4.0,546.0,1771.37,958.82,1293.98,2197730000.0,27192.2,49.8026,60.3108,1.0284,702.102,24.1648,12.5073,1.0,55.0,0.139983,0.131408,1.05203e-05,0.735971,791.546,473.484,0.0,1708.38,1521.0,878.037,22.4273,3414.12,0.752768,0.432201,0.0,1.0,81.6598,40.5927,0.31277,173.827,81.6589,39.5654,6.18722,168.213,104.157,38.3729,3.23737,173.027,98.7618,38.484,0.728972,172.198
pre_17781_00066,6.0,344.0,4919.28,3216.6,3477.42,55024500000.0,54935.3,159.696,321.969,1.38782,3566.18,10.1512,5.18018,1.0,21.0,0.149484,0.0977721,1.63008e-05,0.731733,1386.28,1387.38,0.0,4249.58,2254.18,2033.51,5.62741,7157.44,0.757396,0.429931,0.0,1.0,75.0708,31.9436,0.306178,175.045,71.757,34.0599,2.49747,169.775,109.519,30.76,6.28912,175.853,111.574,30.8972,30.5237,161.426
18869_3506_x6250_y6810,11.0,511.0,5801.99,3677.5,3527.93,75274800000.0,64767.4,126.746,253.634,1.35242,4867.94,10.9765,5.58249,1.0,25.0,0.114995,0.0999905,4.26498e-05,0.794065,1289.11,1196.24,0.0,6280.99,2186.19,1961.24,10.7906,8869.06,0.692,0.462593,0.0,1.0,73.5341,28.1187,5.99377,163.504,65.3249,30.1189,6.29814,135.058,117.123,27.6761,5.30776,165.584,116.767,29.9272,16.5671,169.991
17545_00089,10.0,942.0,3709.37,3418.97,3381.15,42880400000.0,81027.5,86.0165,170.001,0.476581,3625.74,14.2548,5.93758,1.0,27.0,0.131997,0.0900098,0.0,0.653282,2494.64,1162.09,0.0,3763.97,6136.86,2994.91,17.6329,10198.3,0.701717,0.457996,0.0,1.0,69.5734,36.5212,1.47042,171.552,66.0017,32.6873,2.8537,170.77,114.384,34.461,7.42756,174.404,116.104,31.3616,3.46609,166.52
18457_00026,10.0,388.0,1051.0,2204.59,1878.06,4351510000.0,32436.1,83.5982,148.47,0.594778,2532.76,10.4639,5.51261,1.0,23.0,0.0806443,0.0698619,0.0,0.546476,1502.03,905.968,0.0,2417.05,2879.91,1726.65,11.1522,4466.58,0.730159,0.445056,0.0,1.0,70.262,26.1835,2.69492,131.196,61.4125,26.8485,5.51028,149.909,120.144,24.4396,42.952,165.233,123.932,23.9465,53.6279,168.034
18462_00042,7.0,405.0,1999.94,2615.0,1318.77,6896960000.0,39978.9,98.7132,135.098,0.773128,1851.12,12.9556,6.34121,1.0,25.0,0.0926513,0.0821879,0.0,0.481341,2138.68,968.69,0.0,2858.04,3935.96,1766.06,9.71455,5409.5,0.698492,0.46007,0.0,1.0,72.7788,33.1499,2.03678,174.247,64.1648,31.1362,4.28077,171.882,118.874,28.377,9.16965,176.704,122.052,26.2226,30.9886,169.322
18869_3937_x5000_y8198,9.0,487.0,4595.26,3310.68,4344.95,66101600000.0,54238.2,111.372,235.389,1.46136,2304.57,9.44353,4.43244,1.0,22.0,0.119227,0.0936958,6.50368e-06,0.641525,1184.99,1469.17,0.0,5915.62,1981.38,2258.75,11.5141,8278.29,0.723849,0.448031,0.0,1.0,79.8323,36.2199,0.937299,172.626,72.1851,35.6406,5.23623,167.587,108.783,33.7313,0.482697,167.554,110.928,32.2072,11.4817,164.765
18457_00036,5.0,297.0,2695.1,1712.57,432.63,1996820000.0,14491.0,48.7913,166.818,1.89897,2816.94,10.3333,4.68321,1.0,21.0,0.135951,0.110171,3.21679e-05,0.57452,1736.6,1259.99,0.0,2796.89,2481.36,1663.2,12.079,4019.16,0.767123,0.424119,0.0,1.0,83.8113,35.1458,7.28116,159.912,81.2246,39.1117,2.01439,173.105,106.558,31.2943,8.61686,164.106,103.825,36.4348,6.30225,165.312
18462_00052,8.0,436.0,2745.47,2102.41,1785.1,10303800000.0,33332.1,76.4497,146.791,0.537797,2633.99,12.1147,5.65122,1.0,23.0,0.0850548,0.0727999,0.0,0.421875,2468.9,1271.16,0.0,3356.05,3449.42,1726.65,12.696,4886.52,0.700935,0.458922,0.0,1.0,79.9734,33.5942,15.2914,174.05,69.2919,34.39,5.56188,179.484,114.16,29.3837,14.4157,165.479,118.363,30.8808,13.7769,164.663
18465_00114,5.0,603.0,3089.46,3353.7,1834.87,19011300000.0,67950.1,112.687,178.966,0.468226,2265.89,19.1592,10.9744,1.0,46.0,0.0966521,0.0775867,0.0,0.548443,2431.85,1295.51,0.0,3539.21,6913.2,3750.28,3.4557,10715.0,0.70903,0.454971,0.0,1.0,72.9157,31.8324,4.17759,160.508,70.0265,33.3562,3.84911,174.187,116.384,30.0549,10.4951,174.178,116.715,29.1071,7.25996,167.142
17302_00114,8.0,380.0,659.36,2393.25,1653.53,2609290000.0,31383.7,82.5887,135.018,0.368516,2183.03,12.0368,6.12135,1.0,26.0,0.109046,0.0791448,0.0,0.595082,1542.01,930.277,0.0,2449.33,3139.79,1891.99,14.8039,4824.41,0.741935,0.438751,0.0,1.0,73.0351,30.6048,4.65649,166.286,67.2704,33.5461,6.13961,172.633,115.097,29.4182,1.70759,167.777,115.903,31.8462,11.68,173.652
18047_4141_x14168_y9063,10.0,976.0,6757.32,6577.52,3040.98,135161000000.0,138202.0,141.6,278.447,0.719086,3798.06,16.3709,7.57105,1.0,39.0,0.128576,0.111697,0.0,0.82712,2369.23,2077.04,0.0,6956.73,4484.56,4045.72,9.94705,14049.1,0.753623,0.431347,0.0,1.0,77.1005,33.1953,0.395621,175.49,72.5711,33.4568,1.7002,172.839,112.849,29.9734,7.72927,173.309,108.642,31.547,3.08083,173.973
18454_00027,3.0,225.0,1903.38,1814.51,1142.63,3946300000.0,29814.3,132.508,153.43,0.794021,797.541,9.46222,4.73208,1.0,22.0,0.167669,0.139147,0.0,0.675024,347.773,335.394,0.0,1441.02,782.599,656.413,11.8559,2772.18,0.720721,0.45068,0.0,1.0,80.8617,35.2411,2.34566,163.805,87.109,34.4547,5.82199,156.515,110.537,27.9365,40.3236,173.015,96.2058,31.1012,21.5142,170.449
18458_00114,5.0,335.0,886.6,2911.6,1416.25,3655940000.0,25559.8,76.2978,182.825,0.743534,3016.31,10.3194,4.80357,1.0,20.0,0.123968,0.10262,0.0,0.763651,1925.9,1130.58,0.0,2724.66,4243.73,2399.71,7.64813,6202.41,0.69697,0.460967,0.0,1.0,76.3173,31.341,9.96155,173.331,70.156,31.6458,11.3024,171.82,113.477,29.033,24.9792,173.422,113.234,29.5924,42.3601,167.7
17109_2401_x8977_y24184,7.0,295.0,2999.85,3374.29,6911.98,69965600000.0,92914.8,314.966,530.622,1.3353,5759.96,11.4136,6.5042,1.0,22.0,0.126972,0.116999,2.44669e-06,0.805286,2017.36,2243.88,0.0,5692.23,3557.75,3690.77,18.5875,10264.1,0.701389,0.459246,0.0,1.0,58.1991,28.8536,0.649709,159.426,66.6278,33.4294,7.43569,177.558,124.118,26.0061,38.9084,162.391,112.047,32.7708,22.8819,168.47
18464_00155,6.0,406.0,4725.97,2221.19,1115.74,11712200000.0,26430.0,65.0985,99.8394,0.968249,992.997,19.4532,11.4535,1.0,43.0,0.144482,0.114517,0.0,0.774236,1627.78,1659.47,0.0,4801.66,2486.36,2109.88,13.9927,6510.48,0.765,0.425063,0.0,1.0,81.2919,34.7428,11.7223,167.076,78.4132,39.7693,5.36685,159.059,102.655,33.8993,3.53077,167.509,98.9555,37.4994,5.01459,170.752
18864_00117,7.0,343.0,1860.78,1848.95,3464.23,11918600000.0,57871.1,168.72,324.925,1.75555,4107.35,11.6472,7.15336,1.0,25.0,0.131678,0.100368,4.72509e-06,0.54991,786.316,952.991,0.0,2516.16,1866.88,1958.56,13.6028,5458.58,0.72619,0.447245,0.0,1.0,77.522,33.5982,5.61344,161.827,67.604,30.7726,4.68799,162.134,114.081,32.205,0.326341,169.382,117.567,28.445,17.7767,174.524
17781_3819_x16144_y41186,7.0,577.0,2091.78,1819.65,1334.4,5079140000.0,109249.0,189.339,236.821,1.95444,1387.22,12.5425,6.94062,1.0,35.0,0.169881,0.109559,4.33251e-06,0.685396,468.051,307.642,0.0,1388.27,1306.26,969.148,11.2089,4835.94,0.712281,0.453496,0.0,1.0,75.0129,32.452,3.98258,173.582,78.6467,36.5519,4.08024,175.457,111.663,31.8845,8.48436,177.433,103.377,33.8801,9.54959,166.353
17302_00098,5.0,331.0,1532.3,1501.35,1209.98,2783580000.0,29273.2,88.4387,115.488,0.872914,604.704,12.432,6.69446,1.0,27.0,0.168395,0.12424,0.0,0.675935,695.228,613.249,0.0,1761.45,1282.21,938.693,12.6718,3577.54,0.723926,0.448431,0.0,1.0,81.8922,34.2323,0.504673,167.885,83.8778,36.7189,9.49105,165.05,105.821,32.2493,3.42983,156.506,96.6867,36.7384,3.82879,161.223
18453_6181_x10238_y3690,8.0,346.0,6162.62,2940.54,7852.47,142298000000.0,67919.5,196.299,439.658,0.849378,5385.24,9.0578,5.68314,1.0,23.0,0.125884,0.10664,0.0,0.791656,1183.18,1945.99,0.0,7028.97,1844.2,2760.26,10.9723,10144.2,0.727811,0.44641,0.0,1.0,71.2421,25.9416,12.3419,162.515,67.5684,30.7457,6.45021,167.995,120.005,23.3441,39.1336,167.213,114.045,30.1367,8.743,164.275
pre_18464_00159,5.0,257.0,1766.82,634.38,797.569,893944000.0,15675.8,60.9952,87.0485,1.38215,1097.75,9.96498,6.29877,1.0,25.0,0.188996,0.139152,2.80821e-06,0.766186,553.998,611.5,0.0,1640.59,960.02,947.877,9.08006,2799.21,0.714286,0.453557,0.0,1.0,82.6371,35.8699,5.07356,164.611,81.6967,36.4822,15.4138,168.908,105.376,32.3528,10.4468,165.172,97.7737,34.5399,4.55956,163.142
18867_4647_x12409_y6656,8.0,544.0,4387.73,6112.67,3249.07,87142500000.0,53606.9,98.5422,234.193,0.28795,3224.54,10.1471,4.94988,1.0,19.0,0.127791,0.119632,0.0,0.850063,1637.6,2362.02,0.0,6710.24,2650.68,3544.43,14.066,9665.21,0.708955,0.455094,0.0,1.0,77.055,29.8966,5.55426,170.398,69.2138,34.9336,7.05562,166.394,114.837,28.0725,2.84006,170.352,112.247,33.0557,8.12945,172.666
18465_00286,8.0,642.0,1789.0,2187.45,2212.0,8656330000.0,42666.9,66.4593,107.867,0.709115,2126.52,13.8785,7.20337,1.0,37.0,0.109732,0.0834121,0.0,0.519557,2193.62,1031.26,0.0,3074.6,3478.79,1612.08,11.1137,5229.04,0.712934,0.453108,0.0,1.0,81.3251,34.2528,7.79352,172.084,74.6541,34.1115,10.1792,175.518,108.261,31.9279,3.84091,175.968,112.724,30.7823,6.42237,170.29
18458_00437,9.0,307.0,1692.45,3194.16,1153.45,6235500000.0,27897.8,90.8724,123.262,1.11194,1217.9,10.0098,5.47752,1.0,24.0,0.107846,0.0963775,2.47084e-06,0.673277,1618.41,1339.59,0.0,3219.19,2632.81,2127.03,12.2916,5377.91,0.711409,0.454635,0.0,1.0,71.3174,35.0411,0.525881,172.845,61.4831,34.3497,4.95716,171.844,117.338,32.3217,26.1677,174.545,121.215,34.7395,3.04329,164.891
pre_18864_00073,6.0,626.0,1519.65,1858.65,1628.67,4600170000.0,44421.4,70.9608,89.9321,1.20689,664.393,13.0288,7.17523,1.0,28.0,0.118455,0.0981933,1.50092e-05,0.627207,448.214,333.288,0.0,1721.34,806.804,581.511,12.9471,2193.85,0.767742,0.422955,0.0,1.0,82.1796,32.5723,7.85112,175.096,78.0216,35.009,7.45962,168.66,108.72,29.4107,23.7314,166.871,104.525,31.6753,10.817,162.869
18453_5995_x24812_y3143,6.0,446.0,2945.15,2294.8,8128.8,54938700000.0,75228.7,168.674,287.479,1.15999,2956.11,11.8744,6.97233,1.0,28.0,0.147183,0.11983,1.9444e-05,0.769661,1703.51,1936.58,0.0,5827.65,2964.14,3187.54,8.07528,9518.05,0.713636,0.453092,0.0,1.0,72.2693,32.3866,0.964403,171.332,73.3896,35.3423,7.51555,174.242,112.782,27.5075,14.15,165.144,106.129,33.2052,21.8036,172.261
18463_00013,10.0,662.0,618.08,2578.0,1831.94,2919030000.0,58128.6,87.8075,127.667,0.219481,2479.34,15.8731,9.8332,1.0,41.0,0.0910646,0.0653526,0.0,0.453171,1822.73,888.284,0.0,2544.72,3658.59,1828.25,16.5917,6399.42,0.717791,0.450766,0.0,1.0,72.0439,30.286,5.22715,171.036,65.2408,33.4558,5.64099,176.15,118.014,27.5916,1.47175,166.776,119.056,28.7032,3.27974,170.508
18463_00003,10.0,722.0,3321.05,1733.49,2529.65,14563200000.0,53975.7,74.7585,147.889,0.312829,3439.44,21.8172,12.0939,1.0,41.0,0.0820805,0.0749121,0.0,0.579485,3067.22,1368.56,0.0,4006.88,5160.71,2365.7,11.4428,7230.48,0.719101,0.450071,0.0,1.0,79.545,37.0766,5.92476,175.785,71.1667,36.5159,3.51454,170.76,112.961,32.0242,0.513293,169.757,114.344,32.3833,3.2676,174.008
18864_6291_x8873_y32149,9.0,399.0,1940.37,2453.91,5157.88,24559200000.0,60293.2,151.111,216.497,0.594817,2355.19,10.7293,6.03523,1.0,25.0,0.16617,0.123529,0.0,0.708391,400.983,525.168,0.0,4063.11,979.042,992.198,12.3869,7258.02,0.728205,0.44603,0.0,1.0,74.7425,38.7357,0.262587,167.793,71.7282,35.6233,5.54481,172.322,109.641,35.6838,3.41082,167.927,109.438,34.7596,3.41082,167.011
17545_00115,5.0,241.0,1855.64,1082.01,683.19,1371720000.0,20471.1,84.9423,123.381,0.631816,1531.78,7.6639,3.61696,1.0,18.0,0.191453,0.140573,0.0,0.895994,642.209,724.712,0.0,1764.32,1166.06,1052.16,23.6373,3375.3,0.745763,0.437288,0.0,1.0,81.3706,30.2854,0.435068,156.482,81.0151,36.6709,11.1157,172.683,108.398,30.4962,14.6833,160.2,95.9857,35.4504,8.46247,162.915
18454_01053,6.0,414.0,1567.85,2242.18,2396.06,8423110000.0,35103.2,84.7904,134.391,1.36714,1918.31,11.4058,4.89498,1.0,21.0,0.120904,0.0848371,1.89691e-05,0.644422,2080.15,1030.06,0.0,2886.89,3863.16,1929.29,7.6028,5476.37,0.696078,0.461081,0.0,1.0,78.6319,32.6864,8.4567,175.412,66.4863,28.4589,3.41217,130.356,114.111,30.4748,3.65988,167.026,120.826,25.9121,25.9295,173.43
18869_4787_x8961_y9647,5.0,361.0,1588.77,1167.27,1846.12,3423670000.0,26571.5,73.6054,103.629,1.05659,1127.93,8.3241,3.43959,1.0,17.0,0.102182,0.0691342,1.70528e-05,0.43232,1269.28,535.449,0.0,1751.49,1880.0,784.819,34.4776,2892.69,0.707865,0.456027,0.0,1.0,76.4207,27.7197,5.9451,148.353,72.1661,31.2033,13.3529,165.628,119.027,22.0987,51.4276,163.146,116.973,24.358,11.5446,159.577
18864_3473_x2641_y21082,9.0,489.0,3992.45,3734.92,5185.17,77318600000.0,94395.7,193.038,301.512,2.12152,4339.34,12.1616,6.27221,1.0,23.0,0.130142,0.104386,4.11024e-05,0.760745,952.048,1193.99,0.0,3641.03,1889.77,2146.84,15.8103,7043.53,0.7125,0.453543,0.0,1.0,73.6427,26.8129,10.4295,164.957,70.2032,31.8992,4.8052,168.401,119.886,22.8279,26.2005,167.264,111.532,27.5668,28.5411,161.448
18457_00103,8.0,486.0,4938.08,1437.33,811.8,5761870000.0,21355.5,43.9413,124.685,1.00998,2088.27,20.5597,11.3733,1.0,44.0,0.157891,0.142259,2.10853e-06,0.789458,2994.99,1913.7,0.0,4835.07,3755.39,2314.49,10.3192,6465.28,0.824268,0.381391,0.0,1.0,87.6814,38.4023,12.0231,171.986,84.183,40.0838,7.4844,170.857,100.446,36.7064,15.8438,165.441,96.2113,37.477,10.5295,168.018
18454_01043,11.0,387.0,1368.93,2454.75,1878.53,6312580000.0,32053.4,82.8253,160.505,0.772387,2775.22,9.49612,4.48739,1.0,20.0,0.105457,0.0747177,0.0,0.413869,1890.26,1035.5,0.0,2732.41,3750.66,2055.09,12.5008,5483.05,0.712766,0.45368,0.0,1.0,73.5492,27.0472,2.91322,147.473,67.0789,31.4628,5.71178,155.471,118.79,23.6901,37.6784,166.199,120.693,25.5731,30.6384,165.955
pre_17543_01274,7.0,255.0,6604.59,2224.03,3115.77,45766900000.0,45436.2,178.181,425.99,1.53126,4069.85,6.87451,3.78246,1.0,17.0,0.103644,0.0837455,5.36057e-07,0.45868,593.119,1172.27,0.0,5937.51,967.385,1649.88,11.7711,6668.7,0.717742,0.451924,0.0,1.0,71.9227,34.6054,0.698394,157.003,64.5307,30.884,5.12486,164.965,116.645,30.7764,26.3071,165.616,120.736,27.8135,46.6475,166.169
18869_4196_x21043_y5510,8.0,262.0,5560.87,5062.12,3089.63,86972400000.0,36893.2,140.814,322.403,1.12829,3023.39,10.3893,5.91326,1.0,23.0,0.132142,0.126347,1.0814e-05,0.818077,1561.3,1770.45,0.0,6031.47,2841.96,2892.1,20.0383,8619.95,0.732283,0.444523,0.0,1.0,80.186,28.9453,8.10079,151.0,74.5093,32.1782,5.79584,161.376,114.127,28.0432,14.5474,171.184,107.7,34.8702,13.1633,167.508
18465_00347,6.0,700.0,1219.39,3728.55,1509.7,6863950000.0,51419.3,73.4561,128.029,0.42138,2104.63,23.9857,15.7013,1.0,53.0,0.102245,0.0813714,0.0,0.53918,2605.87,1265.08,0.0,3660.7,5672.52,2882.02,21.3855,8713.41,0.691643,0.462482,0.0,1.0,80.1386,34.3269,6.6867,173.374,77.2163,39.3601,3.01735,177.266,111.578,30.8275,1.62571,170.711,109.356,35.1662,10.6766,174.61
18457_00113,5.0,431.0,4382.3,1018.92,1676.22,7484680000.0,22675.2,52.6106,171.353,1.44555,2887.85,13.0186,6.64723,1.0,25.0,0.115488,0.112287,7.01054e-06,0.795273,2688.46,1830.62,0.0,4324.45,3953.07,2582.23,13.6861,6322.15,0.751174,0.433351,0.0,1.0,83.513,34.855,1.05492,163.597,80.2354,36.5386,0.345892,176.87,104.058,34.6156,25.6253,170.497,103.188,36.3592,8.97585,172.563
18461_3220_x7596_y9465,8.0,396.0,4370.16,4511.92,4164.74,82119600000.0,99714.5,251.804,388.254,1.44001,3394.59,11.5707,5.37246,1.0,24.0,0.141424,0.109927,5.3843e-06,0.673847,1415.48,1390.91,0.0,3674.77,2203.66,1985.72,15.3746,6801.14,0.71134,0.454312,0.0,1.0,64.3151,33.6828,0.206241,169.736,62.8489,34.2133,0.881987,170.775,118.98,29.5059,19.5008,172.113,114.788,32.0958,2.22884,172.113
18869_7121_x17742_y2862,9.0,769.0,813.45,493.175,420.52,168701000.0,36692.6,47.7147,45.7277,0.77134,290.566,32.342,18.1367,1.0,65.0,0.114265,0.0953122,0.0,0.742943,177.171,76.1178,0.0,391.555,1262.69,618.621,13.3401,2412.59,0.726316,0.446437,0.0,1.0,80.05,34.3613,1.13813,170.269,75.0711,36.626,9.62911,176.101,112.021,29.7254,1.76639,167.927,114.42,30.8876,7.01573,168.485
191807_3532_x4912_y7973,10.0,1012.0,11646.3,5144.65,5503.29,329736000000.0,154340.0,152.51,308.675,0.629178,3915.83,29.2095,20.8731,1.0,67.0,0.127187,0.105159,0.0,0.832876,5128.76,4513.53,0.0,10800.3,8709.32,7941.57,9.35982,21036.9,0.726547,0.446177,0.0,1.0,76.124,29.6021,1.73186,160.967,72.1103,34.2761,1.52059,171.437,114.301,27.155,4.77004,167.651,109.917,32.1428,11.9076,171.636
18453_3516_x21006_y6048,6.0,696.0,5802.18,4469.02,4740.42,122919000000.0,113416.0,162.953,283.227,1.2385,3833.85,16.3994,9.83277,1.0,40.0,0.122802,0.0947273,2.22992e-05,0.779047,1115.71,1341.55,0.0,5018.05,2063.95,2018.24,13.4229,7617.38,0.724638,0.447345,0.0,1.0,72.7894,29.7399,0.163079,152.892,70.2251,29.2515,7.87177,159.072,116.758,27.0696,6.07042,170.803,114.047,28.5993,27.5428,168.962
17302_00021,5.0,429.0,2985.35,2066.64,1931.6,11917300000.0,33739.3,78.6464,235.005,0.586384,4667.89,11.5408,5.83506,1.0,26.0,0.126691,0.0994092,0.0,0.831249,2360.75,1300.69,0.0,3310.05,5101.37,2827.59,0.905555,7470.85,0.707547,0.455966,0.0,1.0,75.1252,33.4886,0.77197,172.477,72.8289,37.717,8.6859,173.924,114.374,29.1344,23.8759,162.952,113.468,33.2813,18.0584,167.779
18453_6479_x9010_y4330,8.0,324.0,5984.43,1266.63,3688.23,27957000000.0,52912.4,163.31,300.822,1.54867,4412.06,9.71605,5.80858,1.0,21.0,0.121255,0.101247,4.36949e-05,0.771958,1025.64,1578.69,0.0,4896.28,1532.22,1985.29,14.3248,6379.54,0.721519,0.449677,0.0,1.0,69.7146,30.299,1.91347,153.911,73.5384,30.6394,13.3834,158.412,120.919,25.7966,36.5075,171.3,112.072,28.6763,44.4081,168.317
18869_3547_x21769_y7449,9.0,383.0,5956.85,3818.44,3930.86,89410800000.0,63464.5,165.704,248.925,0.574922,2375.77,11.4543,6.76628,1.0,27.0,0.132673,0.105785,0.0,0.602198,1647.63,1814.43,0.0,6276.39,3218.13,3532.68,9.82649,9665.94,0.743316,0.437976,0.0,1.0,79.5294,33.4146,6.13362,172.188,72.0037,34.6052,4.74419,172.086,111.482,29.9529,13.367,173.883,107.786,31.2372,17.6751,168.143
18465_00031,6.0,316.0,733.47,1803.95,797.72,1055500000.0,15154.8,47.9583,68.0922,0.72679,846.475,13.5696,8.60665,1.0,36.0,0.121861,0.108595,0.0,0.609688,583.442,593.126,0.0,1636.55,1010.14,975.894,12.1315,3024.87,0.754839,0.431577,0.0,1.0,81.7088,35.0388,19.2726,166.982,81.7396,38.5003,2.74512,170.627,111.972,29.7938,27.7667,162.707,103.69,36.2769,9.74219,167.392
18869_6732_x9649_y3919,5.0,1003.0,943.44,737.8,1302.7,906771000.0,46085.0,45.9472,44.9686,0.819421,307.788,13.8873,5.85898,1.0,33.0,0.0898882,0.0698758,0.0,0.725497,287.264,196.736,0.0,1065.4,489.526,225.068,15.2271,1303.53,0.739479,0.439359,0.0,1.0,82.9332,28.7788,11.0972,172.812,72.594,32.0417,2.91687,177.663,112.441,24.8463,36.2405,170.033,115.852,27.0337,22.6261,171.72
17302_00031,5.0,189.0,4316.62,1740.14,1803.33,13545800000.0,16586.0,87.7567,251.885,0.457444,2364.13,10.4709,6.61602,1.0,27.0,0.170619,0.144536,0.0,0.726855,2081.66,1922.59,0.0,4242.9,3611.78,3176.39,13.2694,7514.74,0.826087,0.381112,0.0,1.0,80.2989,32.6184,6.17196,159.025,78.7045,37.8443,12.5567,174.469,109.199,29.3729,42.6665,166.927,106.062,33.3741,28.3483,159.743
18465_00159,6.0,392.0,953.85,790.75,1488.26,1122530000.0,16675.9,42.5406,65.9529,0.736193,1104.84,9.78061,5.52306,1.0,24.0,0.148596,0.129863,0.0,0.834638,690.185,626.114,0.0,1651.0,1052.98,806.276,4.16626,2367.29,0.735751,0.442079,0.0,1.0,77.4317,34.94,8.82497,172.913,76.2022,39.6647,2.6442,168.617,114.41,29.1895,16.8249,168.641,108.72,32.5965,6.96496,162.776
17302_00043,7.0,475.0,1456.65,1699.08,1358.09,3361230000.0,30101.6,63.3718,79.043,1.03674,678.579,15.0211,9.43329,1.0,43.0,0.145326,0.099462,1.61869e-05,0.775865,508.741,475.648,0.0,1593.66,921.135,676.041,5.63782,2759.46,0.773504,0.419461,0.0,1.0,77.3864,28.5147,3.20686,161.396,81.7668,34.5065,3.21978,171.07,107.967,30.552,8.62266,166.945,97.1175,32.685,5.12304,171.793
18465_00053,6.0,324.0,2479.48,1900.25,1058.45,4987030000.0,33468.9,103.299,153.28,0.673124,1224.32,14.0556,6.80762,1.0,27.0,0.117685,0.0848432,0.0,0.59769,813.173,598.444,0.0,1665.63,1650.76,1245.31,17.1002,3625.19,0.742138,0.43884,0.0,1.0,69.5907,33.5224,2.44005,166.536,65.2425,36.3409,2.3462,168.366,113.502,30.5586,26.4298,169.969,114.123,34.4338,9.20177,171.893
17302_00053,8.0,592.0,2027.8,1510.45,2742.92,8401260000.0,40294.1,68.0643,119.794,0.203459,1962.48,18.7736,11.4292,1.0,49.0,0.133238,0.0901171,0.0,0.697847,2138.62,1049.99,0.0,2912.24,4217.68,2097.81,11.6307,6304.68,0.715753,0.451829,0.0,1.0,77.3184,36.5994,2.30431,172.467,73.1148,39.556,3.27267,175.642,110.532,31.6612,8.48966,168.934,113.55,32.3788,2.01551,170.594
18455_4982_x21552_y14337,6.0,614.0,4540.36,2540.86,1177.49,13584000000.0,86778.8,141.334,204.377,0.152833,2395.6,24.57,14.6277,1.0,53.0,0.111858,0.0872683,0.0,0.726246,3331.54,1591.78,0.0,4500.89,7836.64,3992.02,14.6966,13234.8,0.710526,0.454266,0.0,1.0,77.3599,35.7085,0.1871,174.437,74.106,36.9017,0.534038,173.298,113.974,30.1309,2.04465,165.37,108.104,32.7968,2.03026,169.201
18454_00008,2.0,270.0,2076.68,1864.39,901.22,3489290000.0,19424.9,71.9441,103.932,0.935639,833.004,16.2148,8.12851,1.0,34.0,0.172814,0.137717,0.0,0.786467,762.814,811.348,0.0,2188.92,1230.02,1031.11,26.0986,3147.83,0.738806,0.440934,0.0,1.0,82.1918,35.2376,4.99936,161.857,87.1316,33.4346,5.99352,172.254,108.119,31.7559,22.4427,170.741,98.5782,34.7551,11.4739,163.397
18455_3718_x10944_y12140,5.0,289.0,4555.76,1825.53,1458.42,12129200000.0,22172.1,76.7201,163.511,0.831083,2108.61,9.55363,5.27817,1.0,19.0,0.135199,0.0948238,0.0,0.527329,1286.01,1323.73,0.0,4528.99,1956.8,1860.75,13.3741,6483.33,0.71831,0.451415,0.0,1.0,77.6494,34.9739,1.84482,167.131,68.3699,34.147,4.35887,169.212,111.305,32.2093,8.17808,172.854,115.117,32.9957,23.2928,171.162
18454_00170,6.0,296.0,1580.82,1946.55,2859.93,8800410000.0,38129.6,128.816,300.387,0.206534,4872.27,8.94595,3.86691,1.0,17.0,0.113366,0.0943391,0.0,0.628835,1867.75,1088.67,0.0,2745.96,4892.18,2792.31,9.38951,7216.47,0.682759,0.467015,0.0,1.0,74.1943,31.5548,0.2083,169.692,68.107,29.8731,7.35424,171.464,117.6,29.054,23.5626,164.303,116.941,27.9004,18.394,168.199
18454_00018,6.0,198.0,4918.67,2224.13,1050.93,11496900000.0,20183.1,101.935,234.701,1.25882,2158.71,10.7879,6.90659,1.0,24.0,0.168263,0.137188,4.01118e-05,0.913255,1985.09,2076.07,0.0,4971.91,4011.05,3820.31,17.7163,9320.89,0.75,0.435286,0.0,1.0,79.7596,36.3646,6.82803,170.521,72.3667,37.87,4.48614,149.508,110.484,35.2075,6.6966,176.209,106.025,34.5197,22.2169,165.282
191812_3727_x4996_y18685,12.0,686.0,5067.06,5090.51,8475.57,218618000000.0,147412.0,214.886,333.279,0.595098,3418.1,16.3294,8.51924,1.0,33.0,0.132885,0.0994848,0.0,0.760812,1778.31,2016.54,0.0,7633.66,3630.05,3280.95,14.4431,13027.5,0.718101,0.450593,0.0,1.0,71.1895,31.588,6.4742,175.884,70.5353,34.3946,9.64943,174.198,119.588,27.0045,7.00789,168.865,110.726,32.0668,11.1412,165.585
18454_00160,9.0,545.0,3879.8,1958.07,2565.98,19493500000.0,51400.6,94.313,117.366,0.458279,1134.35,22.6807,14.5246,1.0,48.0,0.11452,0.0810283,0.0,0.601882,3067.01,1845.28,0.0,4489.81,5352.57,3291.73,10.7887,9382.8,0.727612,0.446021,0.0,1.0,74.2894,34.1444,0.555801,168.485,66.9293,34.2488,3.87202,173.585,113.609,30.116,15.9213,173.579,118.013,29.6324,33.707,173.579
18868_5965_x17541_y6435,13.0,1093.0,6793.8,5527.45,2509.75,94247000000.0,117975.0,107.937,198.572,0.362576,3135.89,20.6798,13.1106,1.0,56.0,0.106144,0.0824946,0.0,0.535649,1772.21,1640.64,0.0,4729.22,4999.89,4693.55,7.52228,15628.9,0.744444,0.436577,0.0,1.0,79.6454,34.1409,0.615184,171.535,72.6949,36.2347,2.73147,171.85,112.04,30.7937,1.53867,172.605,110.59,33.1377,7.04553,171.653
17788_3709_x6000_y8213,7.0,313.0,688.8,855.61,951.63,560837000.0,36966.6,118.104,167.944,1.5163,1248.78,7.86262,3.48582,1.0,16.0,0.175198,0.128918,2.21094e-05,0.804702,170.896,143.701,0.0,504.825,624.496,631.778,14.634,2701.93,0.699346,0.460048,0.0,1.0,78.0364,37.4595,2.42455,171.242,75.1253,37.3875,13.7374,177.234,111.62,33.4138,9.87454,165.344,106.614,35.8891,14.95,165.909
236174_5670_x14073_y29439,6.0,336.0,4695.8,4565.39,4678.17,100291000000.0,93129.5,277.171,398.957,1.35473,3215.16,11.5417,5.18765,1.0,20.0,0.12696,0.113703,4.60041e-05,0.809129,2556.45,1908.17,0.0,5696.35,4208.91,2991.32,12.975,9396.84,0.727273,0.446718,0.0,1.0,61.0835,30.3072,3.82574,148.209,69.1863,34.6784,4.14101,153.251,125.003,25.96,4.8027,170.494,112.634,32.1136,23.942,168.784
18868_6757_x10353_y4324,9.0,897.0,850.24,756.825,877.58,564708000.0,40785.2,45.4685,47.087,0.730469,435.7,14.3757,6.50518,1.0,29.0,0.105631,0.0814809,0.0,0.613766,177.782,80.8383,0.0,428.637,401.486,182.582,15.7446,1442.74,0.725225,0.446904,0.0,1.0,78.9128,29.824,4.73222,174.856,73.5365,31.4754,1.95632,172.641,113.761,26.2031,15.6656,166.755,115.194,27.6499,4.81106,169.426
18454_01031,7.0,259.0,995.22,3393.97,1762.67,5953860000.0,23203.8,89.5901,265.819,0.775254,4046.02,9.56371,4.74615,1.0,19.0,0.0933775,0.0801635,0.0,0.486299,1971.96,1360.7,0.0,3086.31,4221.78,2876.82,4.96576,6610.26,0.714286,0.453557,0.0,1.0,74.1799,28.6857,17.5525,154.216,61.8424,28.0451,14.3349,161.383,119.038,24.9951,39.9804,162.094,120.577,26.468,28.5044,167.676
18458_00584,9.0,551.0,2569.9,2265.7,2123.72,12365600000.0,49717.5,90.2315,147.372,0.445116,2597.17,24.6878,14.3792,1.0,45.0,0.127779,0.0978573,0.0,0.710448,2444.8,1292.15,0.0,3520.61,5438.32,2908.62,9.08998,8472.62,0.715867,0.451835,0.0,1.0,75.0349,35.9122,0.702628,172.681,69.7403,33.675,4.52513,167.423,110.117,32.1863,1.61964,176.421,116.287,28.8078,18.3538,177.236
18869_3701_x7703_y4993,8.0,596.0,1307.47,808.12,742.68,784710000.0,31939.8,53.5902,59.4378,0.572505,377.794,13.2852,5.82454,1.0,28.0,0.0945486,0.0781561,0.0,0.646778,210.866,137.03,0.0,875.741,521.447,249.601,14.8823,1217.91,0.738095,0.440421,0.0,1.0,83.5731,28.2774,9.73918,158.279,77.5581,28.7535,6.47531,162.363,111.453,25.1105,29.0079,162.441,112.62,24.5778,25.1519,161.469
18457_00019,7.0,255.0,1068.78,2240.17,1754.02,4199560000.0,21217.7,83.2067,173.878,0.478696,2267.62,9.65882,5.48632,1.0,20.0,0.11064,0.0872086,0.0,0.515689,1323.35,945.795,0.0,2239.64,3608.27,2661.72,6.45346,6485.48,0.725806,0.447917,0.0,1.0,71.9317,35.7527,2.80606,177.084,64.2734,30.6294,10.3366,139.549,115.089,33.5891,7.39268,172.448,118.52,28.5824,31.5906,163.717
pre_18464_00182,5.0,295.0,2383.08,855.04,1699.93,3463830000.0,14245.6,48.2902,68.6214,1.21789,489.406,24.1458,14.62,1.0,52.0,0.159799,0.123415,1.79395e-05,0.685262,927.917,623.451,0.0,2542.1,1464.48,872.523,17.2961,3658.97,0.862069,0.346023,0.0,1.0,88.2239,38.3561,0.222899,160.001,83.7926,38.4181,10.7877,169.374,95.6945,34.027,6.01813,160.125,97.9146,34.7263,20.9145,164.327
18457_00009,6.0,664.0,5050.27,5491.32,3257.03,90326100000.0,108048.0,162.722,290.207,1.03638,3187.4,16.1416,7.5332,1.0,32.0,0.129978,0.104663,8.60412e-06,0.835037,3212.74,1337.6,0.0,4399.72,11470.3,5474.57,19.2987,17759.6,0.714286,0.452442,0.0,1.0,73.5039,33.9082,4.56688,176.082,69.0481,36.293,4.00232,171.395,114.496,32.7217,7.31251,168.259,111.502,35.2122,6.25735,172.199
18454_01021,3.0,459.0,3755.71,2887.19,2089.15,22653600000.0,47009.7,102.418,378.852,0.810095,7956.72,16.3246,8.82937,1.0,35.0,0.0923025,0.0961155,0.0,0.653161,2785.29,1474.41,0.0,3824.0,7592.05,4129.89,9.69512,10883.5,0.719298,0.450331,0.0,1.0,80.2056,32.3938,10.2144,161.678,67.1665,33.8942,7.72562,173.918,112.94,34.002,0.340734,168.158,119.022,31.3215,14.9305,172.445
18867_4768_x26326_y6150,10.0,630.0,8018.2,6766.63,4868.05,264122000000.0,96293.2,152.846,287.755,0.907774,2676.88,12.3746,6.33957,1.0,28.0,0.123789,0.0937366,0.0,0.736369,2128.68,2010.41,0.0,8027.91,4330.3,4090.52,15.0512,14631.5,0.719355,0.450041,0.0,1.0,74.9369,32.5715,4.41386,169.875,71.0186,34.3572,7.23318,171.513,117.259,28.221,21.0446,162.064,111.48,31.4466,10.5525,169.67
18864_5648_x4839_y28849,6.0,372.0,1065.31,2858.77,5914.87,18013600000.0,55478.9,149.137,253.733,0.943232,2506.54,8.65591,4.21778,1.0,18.0,0.123343,0.109515,0.0,0.592837,377.24,514.178,0.0,4209.54,718.545,879.199,6.40619,7557.06,0.715847,0.452247,0.0,1.0,70.6639,35.6881,1.06844,166.949,67.049,38.8068,7.368,175.48,111.579,32.8232,1.583,168.562,113.309,34.3669,3.73802,166.074
18463_00071,8.0,526.0,2643.12,3027.06,1534.48,12277200000.0,43758.5,83.191,165.347,0.878167,2622.0,14.2205,8.93558,1.0,32.0,0.0848096,0.0831447,0.0,0.853944,2494.86,1310.34,0.0,3452.27,4987.59,2626.84,10.8829,7475.23,0.72973,0.444959,0.0,1.0,73.1322,32.9435,4.00147,167.113,66.7754,33.1299,4.92034,172.302,117.106,29.5604,18.4949,168.686,119.382,30.0759,8.84263,165.322
18867_4889_x28329_y6770,10.0,384.0,4141.32,4347.19,2741.37,49353100000.0,50736.0,132.125,224.111,1.44889,2749.0,10.3021,4.91944,1.0,22.0,0.118839,0.094389,1.03002e-07,0.837188,1281.45,1157.56,0.0,3289.05,1902.48,1691.99,8.96507,6350.85,0.754011,0.431828,0.0,1.0,73.1678,31.1084,1.22171,168.956,64.5602,30.9903,5.80474,144.961,116.283,28.5251,6.98573,171.206,119.478,26.6925,19.7009,170.253
18463_00061,6.0,812.0,1459.4,2742.6,3089.1,12364300000.0,103451.0,127.402,135.942,1.05527,1329.31,25.6429,16.4961,1.0,56.0,0.0901239,0.0667358,3.19266e-08,0.495901,2016.08,1067.21,0.0,3022.87,5745.15,3619.49,9.1978,11131.6,0.694789,0.461069,0.0,1.0,69.04,30.5301,1.84545,161.461,61.5242,31.9826,3.39544,172.248,120.126,27.204,5.80118,174.874,124.641,27.9339,22.5859,177.341
17545_00177,3.0,539.0,4293.17,4288.28,2313.77,42597200000.0,57383.3,106.463,186.854,0.8111,2283.69,17.5121,12.0389,1.0,44.0,0.150889,0.0949645,0.0,0.664573,1965.74,1646.62,0.0,4300.22,4994.67,4646.14,13.3205,12345.1,0.720149,0.449766,0.0,1.0,68.4474,33.5365,0.0908431,175.793,68.5324,34.1302,7.47276,166.97,118.855,28.9185,30.0639,165.877,114.825,31.9434,11.568,171.14
18458_00445,8.0,958.0,2513.93,2469.47,2436.58,15126500000.0,71159.6,74.2793,88.141,0.452866,775.88,22.1023,10.1631,1.0,45.0,0.102312,0.0889367,0.0,0.704257,2511.74,998.763,0.0,3518.07,5117.8,2088.57,11.1245,7244.89,0.738947,0.439672,0.0,1.0,77.1146,34.0121,1.68311,170.428,70.0635,35.3862,8.09863,175.876,112.317,31.1232,5.47104,169.598,113.942,32.1854,21.9229,170.838
18454_01098,6.0,352.0,1331.17,1907.28,2150.2,5459170000.0,24780.8,70.3999,127.51,1.19891,2018.29,10.375,4.83061,1.0,21.0,0.0857738,0.0691626,3.85063e-06,0.489313,1842.07,995.862,0.0,2674.4,2822.59,1502.84,5.44057,4110.64,0.734104,0.443092,0.0,1.0,71.2962,27.8387,3.49605,158.821,64.8626,31.3015,9.10028,167.513,118.956,25.0151,28.1839,175.155,120.598,28.1603,35.6609,171.64
18455_00004,3.0,181.0,1582.53,2041.63,925.89,2991500000.0,23291.8,128.684,167.388,1.25636,1503.24,9.05525,3.67079,1.0,17.0,0.1871,0.131739,8.0953e-06,0.659125,342.935,499.553,0.0,2045.55,816.353,869.261,12.5198,3589.42,0.719101,0.451985,0.0,1.0,75.8871,33.1524,13.4773,169.29,85.1306,38.2895,2.34512,167.647,110.79,33.3629,6.58525,162.409,100.376,35.3025,15.7823,174.132
pre_18458_00374,2.0,40.0,895.25,663.36,1250.23,742478000.0,6772.39,169.31,292.715,4.29936,1787.07,4.5,1.76867,1.0,8.0,0.205717,0.131733,0.000171447,0.459107,150.598,166.171,0.0,765.24,442.483,588.767,25.6157,2810.79,0.736842,0.452414,0.0,1.0,63.9503,39.0651,0.484008,125.997,68.2054,33.8285,25.8508,133.41,112.056,37.4616,53.2595,160.463,112.704,33.6969,20.5369,146.364
18455_00014,4.0,238.0,1818.97,1164.59,1078.11,2283820000.0,25388.2,106.673,124.914,1.08824,883.723,10.1597,4.26146,1.0,21.0,0.172919,0.11712,2.36831e-05,0.642026,266.242,267.384,0.0,1054.12,713.082,538.28,13.7626,2239.33,0.74359,0.438529,0.0,1.0,82.2424,35.1163,13.5141,170.36,90.2807,41.1766,5.44148,170.013,107.691,31.3032,0.612148,167.585,92.7969,37.2849,5.93409,163.26
191807_2729_x3750_y9965,11.0,1301.0,12017.8,5689.01,6718.43,459333000000.0,204421.0,157.126,250.055,0.8029,2346.42,18.9554,9.79189,1.0,43.0,0.13385,0.103738,0.0,0.713108,4192.41,3797.46,0.0,11981.3,6256.73,5583.2,14.6657,19139.4,0.728682,0.444985,0.0,1.0,72.5545,30.3868,0.773687,177.598,68.1609,34.786,3.71592,176.848,117.595,26.5697,1.95517,170.016,113.775,30.0897,13.1843,170.775
18453_1924_x22284_y8069,7.0,359.0,3456.67,4839.95,5930.45,99217100000.0,75246.4,209.6,377.511,1.10834,4558.11,8.06964,4.02203,1.0,19.0,0.115365,0.0904838,8.20926e-06,0.654992,571.835,1098.11,0.0,4751.6,978.335,1471.76,13.2858,7063.55,0.732955,0.443679,0.0,1.0,77.6895,34.6836,3.26765,169.835,70.062,37.4669,2.5439,174.808,114.257,32.9507,9.89382,175.634,114.346,33.7988,23.1924,168.202
191812_5221_x9028_y25900,8.0,512.0,5980.48,4837.8,10174.0,294358000000.0,126234.0,246.55,496.825,0.519559,6345.3,10.9297,6.85743,1.0,31.0,0.130776,0.104064,0.0,0.559814,2121.33,3152.9,0.0,9420.67,4178.25,6054.06,12.2308,18593.7,0.710317,0.454518,0.0,1.0,70.8435,33.2048,0.127541,157.148,68.8748,35.9261,5.48395,170.705,118.829,27.7756,32.8888,170.169,112.907,31.4809,16.91,170.665
18464_00127,8.0,600.0,2480.03,1784.31,2432.12,10762500000.0,44798.8,74.6646,133.697,0.648581,2820.7,14.1433,6.30839,1.0,26.0,0.108324,0.0880878,0.0,0.796053,2513.95,1212.47,0.0,3370.51,4192.9,2026.87,7.63176,5800.48,0.689189,0.463609,0.0,1.0,78.8311,33.8589,10.2973,176.063,70.2816,33.5752,8.32028,174.271,112.378,28.2443,30.556,163.4,115.425,28.9004,27.1397,165.537
18453_7813_x5799_y12199,6.0,810.0,5818.3,4480.72,4247.63,110737000000.0,114988.0,141.961,186.815,0.413306,2149.43,26.5877,17.563,1.0,56.0,0.156803,0.128051,0.0,0.806838,1613.26,1292.04,0.0,5390.12,4202.92,3060.1,12.419,11242.8,0.743781,0.437088,0.0,1.0,84.0374,41.7358,0.94858,179.878,85.5432,42.2815,6.23396,175.148,98.3021,40.6756,0.129224,171.694,96.707,39.2106,0.548697,168.741
18465_00283,5.0,345.0,910.62,459.5,854.42,357515000.0,15669.9,45.42,85.0564,1.26038,1415.14,11.6667,6.58634,1.0,27.0,0.151754,0.145522,1.66511e-07,0.810408,382.974,357.244,0.0,922.348,1143.13,999.008,14.4356,2518.79,0.705882,0.456991,0.0,1.0,79.1636,33.7629,12.7858,177.608,74.1153,36.156,5.65746,165.665,112.328,27.9258,9.80024,165.135,107.452,30.6632,7.24515,172.893
236174_3529_x13688_y26111,6.0,512.0,4370.21,3714.32,3638.61,59063200000.0,183203.0,357.818,446.936,1.2251,3507.77,12.2227,5.8875,1.0,26.0,0.142791,0.116432,1.84952e-05,0.723492,1352.27,984.768,0.0,3010.74,2962.06,2203.12,19.7535,8464.8,0.675889,0.468969,0.0,1.0,61.4221,28.5402,0.876672,170.015,66.4168,33.318,5.82268,164.178,120.418,30.4175,5.95821,171.584,114.59,31.4799,1.78922,168.289
17545_00068,5.0,319.0,1527.29,2236.28,1186.65,4052940000.0,22760.3,71.349,91.4466,0.201704,719.824,8.41066,3.72532,1.0,22.0,0.175322,0.125219,0.0,0.794895,380.858,483.303,0.0,2293.43,721.385,648.599,0.273946,3114.29,0.764331,0.425774,0.0,1.0,82.5416,38.7213,9.20266,173.914,82.8886,37.0997,10.0321,165.638,100.344,35.7259,3.42722,163.111,97.2357,36.7723,4.99624,165.441
18458_00267,3.0,413.0,2209.0,3925.32,1986.05,17221100000.0,49619.9,120.145,285.381,0.311133,5269.43,11.1889,5.02065,1.0,21.0,0.0953205,0.0762521,0.0,0.592798,1648.64,999.358,0.0,2608.33,6218.33,3927.46,10.4418,10025.8,0.682927,0.466475,0.0,1.0,66.6731,30.3392,2.99476,160.172,63.6086,29.6949,10.4532,156.956,123.128,27.723,5.41259,175.806,120.588,27.716,4.73439,170.588
17545_00110,11.0,575.0,2670.65,1419.7,2837.47,10758300000.0,42257.5,73.4913,132.068,0.176912,2662.69,11.9843,5.79061,1.0,23.0,0.125268,0.0838408,0.0,0.560224,2569.3,1369.93,0.0,3730.45,3384.99,1773.39,9.41595,4909.47,0.705674,0.456549,0.0,1.0,75.7529,34.393,3.86405,170.801,69.4639,33.6865,6.45673,168.188,111.124,30.5221,11.9693,170.493,115.269,31.3252,11.2574,173.208
17545_00078,6.0,426.0,857.52,2587.74,1343.06,2980300000.0,31448.3,73.8223,142.187,0.29017,2484.66,12.8028,6.59972,1.0,27.0,0.134952,0.0974394,0.0,0.752165,1687.96,933.919,0.0,2502.62,3452.21,1941.01,8.1443,5190.5,0.719048,0.450538,0.0,1.0,77.0155,33.0454,0.589994,156.259,71.0365,33.1544,3.7101,159.236,112.646,30.8409,6.35618,168.458,116.526,30.7191,7.01403,168.29
18463_00016,10.0,586.0,2894.8,3174.67,2121.21,19494000000.0,78207.7,133.46,252.97,0.873236,3971.19,12.57,6.81873,1.0,28.0,0.0829,0.0745324,0.0,0.525904,1901.68,1120.22,0.0,2958.56,6320.37,3909.88,13.6409,10227.1,0.704861,0.456899,0.0,1.0,73.894,33.0496,2.92481,160.069,63.3678,30.0124,5.88661,154.232,117.639,28.0422,4.82719,173.185,122.292,26.7453,27.5094,167.035
18458_00277,7.0,491.0,958.17,2281.76,2137.4,4673030000.0,34299.7,69.8569,139.578,0.155724,2664.82,20.1568,13.7114,1.0,45.0,0.125527,0.0936425,0.0,0.53462,1915.85,906.015,0.0,2658.07,4192.01,2071.38,0.155724,6203.15,0.702479,0.458115,0.0,1.0,81.0289,34.9269,0.0734552,174.821,74.0309,37.1417,7.38436,174.386,109.392,29.6863,26.7124,176.209,112.064,31.7829,10.0598,166.057
18453_4403_x30609_y7732,8.0,402.0,804.67,1012.39,1731.78,1410780000.0,34963.3,86.9735,104.762,1.41827,788.64,9.1393,5.45674,1.0,25.0,0.1217,0.0878157,7.82494e-07,0.49767,175.005,167.447,0.0,1354.85,477.803,487.326,10.1856,2249.74,0.685279,0.465588,0.0,1.0,80.9846,29.3535,1.25602,160.196,76.8939,35.368,4.3312,174.642,114.691,25.5808,12.2233,165.93,111.546,31.4257,12.5299,168.956
18458_00101,5.0,393.0,2091.78,3765.5,2038.75,16058400000.0,39479.6,100.457,289.68,0.689055,5311.61,15.8041,7.83958,1.0,31.0,0.112896,0.089244,0.0,0.475694,2092.96,1259.03,0.0,3113.52,6279.28,3817.68,8.86654,9314.46,0.731959,0.444085,0.0,1.0,69.521,29.4678,0.547994,160.021,62.1394,30.2176,7.78664,160.021,119.323,25.1161,30.696,176.017,123.137,26.5136,35.6546,163.04
18458_00069,6.0,292.0,2827.86,3856.64,2353.76,25670200000.0,36418.7,124.722,513.689,0.288688,8556.43,13.863,7.72164,1.0,29.0,0.092246,0.0881696,0.0,0.607849,1843.2,1210.46,0.0,2905.53,7374.83,4836.59,6.02509,11181.0,0.72028,0.450439,0.0,1.0,74.6457,35.521,3.93116,176.171,69.7918,32.6049,4.53234,175.545,113.936,32.1339,4.31725,165.172,115.497,30.0896,10.6472,162.951
18868_3453_x28753_y10380,9.0,595.0,5941.4,4410.52,3756.78,98445200000.0,76059.7,127.831,206.668,0.620748,2035.15,10.9328,5.05647,1.0,22.0,0.127855,0.0851937,0.0,0.63062,1786.71,1820.18,0.0,6614.25,2653.46,2598.72,17.3031,8951.09,0.692833,0.462109,0.0,1.0,76.932,28.4365,2.50046,166.56,68.0955,33.1429,1.59728,162.342,114.114,27.195,11.2582,159.66,115.308,28.2597,23.3128,173.586
18868_3626_x29809_y12585,10.0,598.0,5423.69,3966.74,4201.24,90387000000.0,72364.6,121.011,231.87,0.690713,2022.79,14.0134,6.7479,1.0,27.0,0.126684,0.0952425,0.0,0.83161,2230.49,1964.17,0.0,6251.37,3548.38,3151.09,20.1266,8837.47,0.710884,0.454125,0.0,1.0,78.0848,29.0493,6.41605,152.453,70.914,34.0087,2.72268,172.523,112.554,27.1994,31.0888,164.702,112.908,29.7227,15.1089,170.549
18868_3981_x30626_y12403,10.0,1320.0,6420.09,4111.1,5514.59,145550000000.0,117594.0,89.0865,151.289,0.672452,3217.53,18.7242,8.77966,1.0,44.0,0.119539,0.0924737,0.0,0.82137,2405.19,1867.5,0.0,6183.8,4251.01,2599.62,18.1279,8835.75,0.714504,0.451996,0.0,1.0,80.3381,33.8679,2.86757,168.662,71.8574,34.8344,4.82762,174.425,109.872,29.4979,3.58446,175.17,111.416,31.3987,11.9317,174.561
18454_00107,10.0,424.0,3275.9,2781.96,1976.5,18012700000.0,42715.8,100.745,223.582,0.677083,4106.99,15.5519,9.5745,1.0,34.0,0.111681,0.0865125,0.0,0.500184,2363.01,1531.86,0.0,3722.34,4633.14,2988.25,2.33677,9058.02,0.719807,0.450182,0.0,1.0,81.2659,39.0987,1.52611,171.44,71.8936,40.4235,4.3851,172.633,105.441,38.6557,2.00355,165.934,111.297,38.1904,1.7342,164.433
15257_4149_x16164_y21238,6.0,286.0,2134.64,3518.51,1631.48,12253600000.0,44468.6,155.485,275.977,1.97763,3624.42,9.97203,4.66408,1.0,18.0,0.154825,0.114814,2.53632e-05,0.685234,1628.87,1257.17,0.0,3033.6,3307.77,2500.49,8.1147,7610.63,0.757143,0.430349,0.0,1.0,71.7446,30.42,1.14079,159.97,72.1144,37.6867,8.72975,146.885,114.646,27.3181,35.0619,168.605,108.227,34.3609,17.9339,168.142
18464_00081,6.0,448.0,1985.49,1415.63,664.03,1866400000.0,21378.8,47.7205,103.048,0.511856,1929.03,13.3973,8.08944,1.0,32.0,0.13553,0.111973,0.0,0.597829,1077.63,781.288,0.0,1880.99,1812.32,1230.45,7.60325,3843.98,0.773756,0.419349,0.0,1.0,83.2796,36.8476,1.61052,173.496,81.1444,41.2362,2.29164,174.735,107.048,32.4074,19.4389,173.959,101.067,36.2769,14.8714,169.094
pre_18454_00305,6.0,188.0,1051.43,2182.77,931.32,2137410000.0,19696.7,104.769,139.984,1.65953,1207.55,7.51064,3.76515,1.0,18.0,0.156375,0.118225,1.68628e-06,0.607443,393.832,514.771,0.0,1909.82,878.698,791.85,19.6158,3223.33,0.78022,0.416392,0.0,1.0,86.0278,33.1072,4.92113,163.204,90.4372,38.8177,8.99166,161.528,102.528,33.0237,8.50472,159.529,94.5752,34.3839,9.91745,167.868
17302_00024,2.0,476.0,4199.37,3147.4,4446.15,58765200000.0,48630.5,102.165,197.75,0.733574,2065.73,18.4958,8.52526,1.0,32.0,0.162241,0.107559,0.0,0.659996,2438.97,2237.57,0.0,5356.82,4453.92,3946.94,11.8498,10346.3,0.687764,0.464386,0.0,1.0,75.0005,35.206,2.68663,176.804,80.1364,38.5125,5.872,170.383,110.864,32.6559,0.370491,166.396,108.313,31.7663,17.9242,173.14
17109_1701_x8048_y22277,6.0,242.0,2861.04,3926.21,5994.97,67341800000.0,86266.8,356.474,475.219,2.19533,3308.41,10.9008,6.71828,1.0,27.0,0.141846,0.14405,2.76295e-05,0.771553,1569.47,1624.52,0.0,4368.21,3165.8,3082.75,13.9038,10043.6,0.720339,0.450747,0.0,1.0,60.2281,32.0915,0.243847,163.527,65.6668,37.8543,6.80867,176.259,127.115,30.6483,2.61028,173.046,113.198,37.4656,13.6168,166.655
182724_2247_x6785_y11803,11.0,1511.0,12065.4,5749.84,5710.25,396144000000.0,239776.0,158.687,238.939,1.14242,2388.64,22.7525,11.269,1.0,53.0,0.126931,0.0904322,2.97457e-06,0.769093,4224.02,3189.93,0.0,12146.8,6968.31,5243.43,17.7438,17819.2,0.716,0.451238,0.0,1.0,73.1659,30.3229,0.547434,166.611,68.3067,33.1492,2.29966,171.316,117.596,26.7672,0.96142,175.332,113.62,29.4688,15.2552,175.767
18465_00034,5.0,391.0,5463.62,2294.93,1224.9,15358600000.0,20801.3,53.2003,123.501,1.06039,1896.99,21.6957,14.6304,1.0,51.0,0.120083,0.108155,2.87941e-05,0.65146,2489.42,2011.19,0.0,5406.1,3309.76,2533.66,8.00259,7349.08,0.792746,0.406393,0.0,1.0,86.4615,34.4813,10.7935,171.366,83.5343,38.4293,2.30793,176.126,103.094,33.2723,13.3519,164.065,103.57,36.3802,10.8536,168.92
18457_00116,6.0,400.0,1020.78,795.4,1403.29,1139370000.0,24199.8,60.4996,61.8993,0.81696,358.4,14.415,10.0721,1.0,41.0,0.136522,0.107456,0.0,0.762471,394.112,312.051,0.0,1161.11,901.007,720.347,23.5264,2636.92,0.77665,0.417552,0.0,1.0,80.0639,35.9129,2.56356,168.937,76.1099,35.0694,12.1988,159.568,108.645,33.5024,15.8263,173.081,105.956,34.7011,1.44573,168.818
18454_01056,9.0,255.0,1839.54,2621.8,1843.92,8893050000.0,26925.3,105.589,148.463,1.63605,1610.42,9.68235,5.17233,1.0,18.0,0.10645,0.0832682,2.74884e-05,0.612172,1839.84,1280.57,0.0,3000.99,3271.55,2261.61,14.0244,5454.4,0.715447,0.453047,0.0,1.0,71.387,32.2733,4.25832,169.435,58.6029,28.7941,4.35711,159.611,118.766,26.6472,12.8563,171.153,125.003,25.1427,39.3621,170.878
236174_2669_x10674_y13239,5.0,565.0,2200.99,3377.87,5295.3,39368800000.0,173261.0,306.657,387.056,1.22052,3697.7,14.3912,7.76112,1.0,32.0,0.148114,0.128612,3.01553e-05,0.891857,1904.51,1427.23,0.0,4447.68,4445.44,3290.27,14.1026,11149.9,0.682143,0.466477,0.0,1.0,67.0997,30.5078,4.0818,176.99,76.0347,37.9836,6.92733,176.039,119.69,29.2295,1.89476,171.918,103.359,35.6616,9.84064,170.811
18457_00106,4.0,358.0,1979.02,1201.38,356.64,847931000.0,15248.3,42.593,83.8453,0.951793,1322.63,17.3184,10.6207,1.0,44.0,0.172558,0.146779,0.0,0.788469,944.586,781.109,0.0,1945.87,1637.72,1175.36,17.9644,3828.57,0.79661,0.403662,0.0,1.0,90.1321,39.6471,7.88193,175.877,87.5535,39.4705,8.80363,175.062,101.793,34.7869,0.721362,168.697,94.0087,35.0419,10.0076,163.123
18867_2903_x13633_y8787,14.0,1604.0,11116.7,5587.51,4961.35,308172000000.0,158359.0,98.7275,195.125,0.914143,3605.86,21.2506,10.0452,1.0,47.0,0.122077,0.0966865,0.0,0.827142,4905.98,3550.5,0.0,9854.24,8032.8,5830.21,18.0307,16117.4,0.745912,0.435621,0.0,1.0,81.35,32.7117,3.54593,167.426,73.4624,33.9063,4.94794,170.821,109.443,28.9189,2.56077,170.901,108.777,32.8696,4.27448,173.166
236174_5138_x16501_y28259,9.0,479.0,7850.96,7017.12,5115.43,281815000000.0,180239.0,376.283,607.252,0.881201,6580.49,12.0605,5.93113,1.0,22.0,0.138759,0.11146,0.0,0.789728,3487.56,2378.09,0.0,6286.56,6351.63,4350.44,18.8022,12877.1,0.72766,0.446114,0.0,1.0,62.9249,32.3778,0.100431,167.812,68.7124,36.1884,5.08538,164.245,124.963,26.0335,2.36162,166.027,111.218,34.6562,26.3762,168.886
18465_00258,5.0,817.0,4425.18,1483.58,1266.77,8316480000.0,61842.6,75.6947,165.429,1.05038,4139.34,15.4211,8.85429,1.0,40.0,0.104007,0.0932279,1.04072e-05,0.830007,2789.58,1715.46,0.0,4241.11,4682.63,2807.11,16.0393,7536.15,0.724138,0.447499,0.0,1.0,82.5609,36.5758,2.52886,176.073,76.7129,39.3257,4.70263,175.377,108.541,32.4758,0.8683,170.486,108.449,34.4979,7.52924,165.293
15257_2309_x13266_y25533,9.0,323.0,4760.66,1796.77,3037.2,25979600000.0,45145.7,139.77,234.32,0.910454,2018.92,12.8824,7.88692,1.0,30.0,0.132121,0.102062,0.0,0.692243,1899.41,2101.12,0.0,4915.29,3273.66,3585.25,11.3966,8668.63,0.783439,0.413219,0.0,1.0,72.3571,36.0548,1.68649,169.21,71.9436,35.2509,6.74411,166.317,111.727,31.329,3.13919,159.726,109.685,33.0615,14.4476,166.728
18868_5724_x8616_y5999,8.0,574.0,3024.25,6031.85,2760.04,50348200000.0,53979.8,94.0415,218.465,0.88533,3097.3,12.6551,6.92338,1.0,30.0,0.131448,0.112469,0.0,0.735868,1708.57,1857.2,0.0,5992.77,3882.34,4069.71,10.8057,9681.2,0.731449,0.443991,0.0,1.0,80.3693,32.6368,8.61154,162.632,70.2153,34.402,1.75265,174.842,109.801,30.7076,1.65617,158.84,113.207,33.0393,7.02619,171.841
18454_01034,6.0,368.0,557.97,3353.4,1594.22,2982940000.0,32184.0,87.4564,203.63,0.860227,2446.61,9.58152,4.11469,1.0,19.0,0.104033,0.0891448,0.0,0.547468,2187.93,1019.7,0.0,2855.26,4835.58,2240.23,13.6281,6467.72,0.701657,0.4588,0.0,1.0,73.1757,28.7212,3.94065,162.681,70.015,33.2544,2.76674,155.088,117.626,25.3384,28.67,168.143,115.392,25.8243,37.2477,158.977
18465_00248,3.0,69.0,1039.71,773.22,347.49,279356000.0,6566.99,95.1738,114.2,5.08266,620.635,5.26087,2.44138,1.0,12.0,0.155933,0.164371,0.000311438,0.704494,122.804,133.849,0.0,812.473,265.126,267.778,33.2497,1707.34,0.757576,0.435194,0.0,1.0,70.6006,41.585,8.31349,157.834,62.1377,34.2786,8.2281,142.652,117.218,34.4728,26.5497,169.013,116.939,35.4121,41.4733,165.913
18457_00164,6.0,370.0,1411.7,3626.69,1899.05,9722760000.0,35245.8,95.2589,155.539,0.734632,1734.21,12.0378,5.77854,1.0,25.0,0.100241,0.0852218,0.0,0.514675,2424.22,1282.39,0.0,3557.22,5134.1,2801.55,14.3871,7640.54,0.747253,0.435786,0.0,1.0,70.7594,33.1948,2.07721,167.955,62.7468,32.7771,2.90167,172.998,116.16,31.4246,21.3418,172.659,118.428,29.39,3.00343,173.965
17302_00056,4.0,312.0,1473.92,1824.17,929.561,2499290000.0,23400.5,75.0017,78.6781,1.50639,463.856,15.9167,8.16388,1.0,38.0,0.151924,0.100727,1.23914e-05,0.651169,497.128,599.287,0.0,1822.45,1015.41,883.11,10.868,3577.71,0.720779,0.45008,0.0,1.0,73.3372,33.9862,11.3154,167.064,85.114,34.8442,5.7876,174.139,117.005,27.1981,49.5494,169.575,99.9605,29.0362,9.08434,162.185
18465_00046,8.0,410.0,845.73,1499.46,696.22,882903000.0,16499.3,40.2421,54.8105,1.31842,621.635,12.4098,7.7275,1.0,31.0,0.127002,0.107276,8.70139e-06,0.715456,458.669,433.875,0.0,1557.05,851.124,658.278,12.3266,2541.51,0.761194,0.427418,0.0,1.0,81.3778,32.7327,8.23304,166.604,81.7076,37.2614,12.8946,165.359,109.488,28.2579,30.8835,162.165,101.929,33.9221,8.43786,167.047
17302_00046,3.0,173.0,1279.33,2193.9,995.43,2793890000.0,19706.6,113.911,142.13,0.834787,1033.58,13.763,8.25301,1.0,29.0,0.180408,0.132347,0.0,0.730923,378.834,466.329,0.0,1539.19,1309.19,1232.81,11.7375,3890.28,0.694118,0.463515,0.0,1.0,82.4193,35.3772,6.17791,163.846,82.5555,33.8583,24.2617,160.478,105.843,34.8101,24.8825,159.037,97.7815,36.2561,6.15119,162.887
18453_5228_x9833_y5221,7.0,347.0,1385.43,1963.32,2261.35,6150970000.0,43659.8,125.821,140.117,1.01382,1539.82,11.8415,7.93038,1.0,29.0,0.0997572,0.05821,1.6632e-05,0.379107,567.435,560.294,0.0,1825.17,1171.78,1281.95,17.8889,3902.73,0.7,0.459611,0.0,1.0,74.7298,31.0713,0.44596,171.779,61.9927,28.8936,11.7271,149.968,115.823,26.0358,8.64485,163.858,122.941,25.2829,23.8051,161.803
18465_00056,7.0,689.0,4110.87,3510.73,2046.44,29534500000.0,75709.8,109.884,212.417,0.607462,4114.26,25.0552,15.6147,1.0,54.0,0.0955532,0.0828977,0.0,0.599946,2954.64,1619.26,0.0,4232.26,8137.44,4433.06,14.487,11960.5,0.73607,0.441409,0.0,1.0,73.5555,33.5454,3.57985,171.935,71.5967,34.6791,9.09177,172.97,116.806,30.4664,12.3751,173.088,114.102,32.1105,18.3674,166.962
18457_00202,10.0,292.0,1893.69,3276.98,1831.98,11368500000.0,27149.8,92.9786,242.896,0.523934,3516.45,9.35616,4.92241,1.0,18.0,0.108415,0.10264,0.0,0.555575,2046.99,1458.24,0.0,3296.15,4629.02,3261.83,12.7588,7668.83,0.751773,0.433524,0.0,1.0,68.9022,31.6486,2.80239,163.645,65.5285,31.9429,4.72379,140.662,122.452,26.6352,10.0627,171.024,117.188,31.0723,34.4382,168.234
pre_18454_00377,7.0,217.0,2512.59,1774.87,1025.98,4575380000.0,28683.5,132.182,197.859,2.21233,2092.4,7.553,3.37998,1.0,16.0,0.210008,0.124711,8.99929e-05,0.628919,601.273,889.921,0.0,2643.94,1041.74,1106.13,13.8325,3788.25,0.695238,0.462514,0.0,1.0,81.8091,35.4908,17.8354,170.901,84.1431,41.3121,12.3368,165.986,108.514,32.8451,6.93359,162.585,96.2079,39.102,16.7431,167.868
18869_4662_x10221_y8547,6.0,582.0,2420.17,1874.59,1167.6,5297200000.0,26402.5,45.3652,133.952,0.808233,1941.84,11.6735,5.76057,1.0,25.0,0.102881,0.0998463,0.0,0.765641,951.864,474.504,0.0,2669.63,1549.03,876.687,26.3544,3233.06,0.756944,0.429675,0.0,1.0,82.6815,32.5883,17.4673,175.037,77.3301,34.9179,15.4819,167.859,112.075,27.344,27.4635,171.078,109.024,31.2972,15.2223,164.08
18454_00165,9.0,895.0,2527.13,2729.3,2742.85,18918200000.0,89082.0,99.533,115.17,0.583386,1253.04,21.733,14.7404,1.0,51.0,0.0921039,0.0648477,0.0,0.401589,2348.93,1261.66,0.0,3480.87,4524.89,2685.48,11.8745,9178.03,0.724605,0.447218,0.0,1.0,75.7091,31.5731,3.30658,176.402,67.1789,32.2369,5.7407,171.255,116.375,30.1521,2.69759,167.394,119.532,29.5141,11.6797,172.076
236174_4647_x16405_y27845,4.0,798.0,7986.3,5333.16,4716.35,200880000000.0,260968.0,327.027,541.394,0.867089,5007.22,14.7845,6.07305,1.0,30.0,0.150273,0.127726,0.0,0.842985,4368.2,1810.77,0.0,6358.44,10470.4,5275.95,12.2241,20140.6,0.687657,0.464033,0.0,1.0,63.9563,32.9046,0.0391946,173.114,66.3762,38.8103,0.0368007,175.244,120.01,31.2296,0.111463,174.716,113.918,35.0142,0.180613,172.513
18455_00011,5.0,351.0,2273.94,1559.12,995.16,3528180000.0,26901.8,76.6434,93.2936,0.669425,829.729,10.0484,4.96795,1.0,25.0,0.150265,0.108614,0.0,0.518009,447.418,538.712,0.0,2029.76,862.235,689.783,13.1883,2758.4,0.768786,0.422833,0.0,1.0,86.1642,36.339,0.655194,169.602,89.5203,34.9416,6.83807,161.74,104.97,34.2922,7.75474,167.427,94.072,35.2277,6.89499,164.621
182725_4290_x5671_y18488,11.0,605.0,11738.3,6533.73,4877.44,374076000000.0,101934.0,168.486,335.663,1.15437,3631.65,13.1884,7.99674,1.0,31.0,0.143326,0.11717,5.27425e-07,0.768835,2582.5,3098.26,0.0,9849.55,4182.0,4966.82,13.4162,16529.1,0.713805,0.452745,0.0,1.0,72.9359,34.1015,0.767793,172.912,68.6615,35.4795,1.32526,174.021,109.376,34.3872,0.0734571,169.967,112.562,33.3014,14.8743,176.024
18464_00132,8.0,750.0,3432.17,1819.6,3194.43,19949800000.0,84423.2,112.564,166.123,0.908761,2898.67,15.6267,7.65646,1.0,32.0,0.105365,0.0780897,0.0,0.470027,2834.34,1357.36,0.0,4055.7,4763.29,2301.74,13.4916,7155.48,0.733154,0.442909,0.0,1.0,69.4255,33.5632,1.25918,174.289,63.23,28.4988,4.67142,144.748,117.099,31.1966,5.29798,171.28,120.535,25.6959,31.101,173.31
18453_4496_x31014_y8304,5.0,267.0,632.02,880.02,1510.73,840254000.0,28967.8,108.493,130.251,0.822678,902.943,7.95131,3.61407,1.0,18.0,0.13917,0.0927907,0.0,0.540773,160.903,121.806,0.0,470.58,456.599,338.162,9.72391,1609.01,0.70229,0.459007,0.0,1.0,82.4642,29.0892,6.1552,158.99,76.6861,32.7918,11.778,167.358,110.595,28.4475,6.39165,162.165,108.697,30.5623,23.4223,162.754
18464_00122,8.0,772.0,2374.4,3362.05,1961.86,15661200000.0,56135.8,72.7148,124.634,0.75487,2101.53,21.7383,13.3498,1.0,52.0,0.112157,0.0869966,0.0,0.619561,2693.86,1183.3,0.0,3682.02,5701.81,2625.33,10.2162,8972.6,0.71466,0.452169,0.0,1.0,81.729,37.2489,1.83156,177.429,76.7874,37.9313,2.443,173.687,108.568,32.8889,2.04452,176.553,109.644,33.2085,12.5572,168.71
17545_00172,7.0,373.0,1207.27,3164.68,1922.44,7344920000.0,30220.8,81.021,239.207,0.89518,4431.0,10.8391,5.2987,1.0,21.0,0.145357,0.101474,0.0,0.630595,1803.61,1096.85,0.0,2706.31,4746.97,2876.79,9.87982,7046.04,0.73224,0.444006,0.0,1.0,72.3735,32.8991,2.57628,151.417,67.2102,31.4863,6.56822,149.107,116.304,27.0256,31.4218,172.728,118.288,26.7112,42.1682,172.125
18463_00074,5.0,269.0,612.0,836.28,1204.93,616687000.0,12651.7,47.0323,60.6625,0.769361,730.531,12.1152,7.04766,1.0,30.0,0.117135,0.118319,0.0,0.611625,523.536,502.514,0.0,1324.53,912.738,774.664,13.7386,2383.97,0.734848,0.443095,0.0,1.0,77.5081,34.2834,1.4394,160.912,80.4525,35.3979,11.7957,168.154,112.991,30.7542,28.3424,164.413,105.926,33.694,10.2366,165.298
17545_00162,6.0,644.0,2813.27,3451.3,3047.25,29587100000.0,58294.6,90.5195,116.091,0.872534,1390.67,21.0528,10.6778,1.0,38.0,0.124296,0.0896125,0.0,0.548014,2181.72,1312.62,0.0,3646.15,3499.96,2113.93,14.8997,7814.22,0.717868,0.450744,0.0,1.0,73.1982,34.1259,3.4148,166.329,67.7671,31.0308,5.95328,159.601,113.212,30.8985,11.9284,171.728,117.492,29.1134,6.72262,164.896
191812_3675_x8625_y6930,7.0,285.0,1375.48,1815.06,8152.74,20354000000.0,43984.4,154.331,497.483,2.1361,8197.89,7.18947,3.27913,1.0,16.0,0.126205,0.0927981,6.57512e-06,0.508154,796.695,2022.93,0.0,7599.88,1331.81,2630.49,8.06588,10216.4,0.690647,0.463898,0.0,1.0,76.2299,30.0093,11.2937,154.377,76.0509,35.5961,8.21332,170.776,115.916,25.5687,27.1481,164.105,110.323,31.7245,8.89355,165.946
18458_00450,9.0,497.0,2005.87,3253.84,2669.99,17426400000.0,57962.4,116.625,148.263,0.95203,1572.07,18.3883,10.1294,1.0,36.0,0.0993986,0.0803639,0.0,0.532245,1712.9,1065.58,0.0,2784.5,4381.9,2951.84,12.4215,7992.55,0.737705,0.440786,0.0,1.0,71.833,32.7428,0.959264,168.35,65.2755,31.6603,3.17724,164.532,119.741,28.1517,25.4224,171.636,119.534,29.3895,29.0024,168.495
pre_18864_00014,8.0,616.0,3602.29,1511.25,2136.75,11632400000.0,82462.0,133.867,181.618,0.827768,1895.13,11.6169,6.61233,1.0,30.0,0.110864,0.0784792,0.0,0.537836,635.284,724.557,0.0,2752.21,1200.08,1181.71,12.272,4869.84,0.703947,0.457267,0.0,1.0,74.9113,30.1649,2.37534,174.29,66.9212,30.3016,9.15896,163.253,115.406,26.4699,4.4578,169.749,116.015,29.1271,18.3048,168.227
18457_00051,9.0,431.0,1439.3,1736.63,2611.9,6528530000.0,29502.9,68.4522,119.141,0.236151,1368.53,12.703,7.05097,1.0,26.0,0.114926,0.0942976,0.0,0.643748,1777.15,1018.97,0.0,2615.42,3167.97,1840.28,16.9777,4946.31,0.696682,0.460784,0.0,1.0,78.8735,35.7418,4.49138,168.197,71.7642,34.7904,5.63467,169.624,112.146,32.3715,15.2366,163.622,116.917,31.2209,11.8905,172.219
18454_01079,6.0,626.0,1294.13,2283.32,2736.24,8085350000.0,49537.6,79.1336,124.956,0.57018,1659.47,24.2843,14.0545,1.0,54.0,0.100644,0.0782996,0.0,0.596236,1973.08,953.542,0.0,2805.17,5543.55,2883.99,4.16574,9113.82,0.73871,0.440048,0.0,1.0,80.4205,31.3612,7.60197,165.691,71.0426,32.2316,4.9158,167.099,113.771,27.4257,10.6297,167.888,116.227,27.8013,26.1283,170.093
18457_00129,8.0,444.0,2035.3,1918.19,2122.09,8284840000.0,34737.3,78.2371,148.565,0.353553,2631.02,10.7252,4.9768,1.0,21.0,0.133022,0.0918028,0.0,0.624428,2053.99,1098.67,0.0,3007.65,3471.76,1850.43,11.3364,5049.91,0.724771,0.447658,0.0,1.0,77.9871,30.3132,1.24861,157.005,68.9767,29.8272,8.36515,149.909,112.617,28.0257,20.5485,167.398,116.091,24.9361,39.5316,164.856
18454_01101,11.0,369.0,1268.0,2380.82,1597.9,4823870000.0,30677.4,83.1365,128.835,1.30947,1834.02,11.1734,5.06343,1.0,21.0,0.0948148,0.088606,9.83708e-06,0.567513,1843.84,973.345,0.0,2640.96,3462.32,1804.49,12.3156,5086.13,0.692737,0.462653,0.0,1.0,71.5769,28.5181,0.770579,145.086,68.2643,30.6781,7.79537,161.437,117.906,27.2684,13.1933,172.473,118.976,29.0319,5.73563,168.959
18462_00035,5.0,165.0,914.41,1436.05,1080.63,1419020000.0,24098.9,146.054,176.169,0.750591,1181.86,7.69091,3.42982,1.0,16.0,0.18039,0.128945,0.0,0.692403,251.787,193.434,0.0,741.223,719.433,549.7,9.54646,2378.76,0.75,0.435745,0.0,1.0,74.2378,37.7489,5.60157,165.882,76.1454,39.4186,10.1328,160.441,114.555,31.1146,36.0344,170.026,103.009,34.7834,8.67705,154.794
18454_01069,9.0,573.0,3366.69,2438.84,2046.0,16799300000.0,49222.6,85.9032,130.792,0.743026,1903.73,14.3927,8.04648,1.0,29.0,0.0838678,0.082133,0.0,0.558556,2798.21,1591.07,0.0,3999.57,4590.68,2605.48,11.5063,7026.59,0.695035,0.461211,0.0,1.0,73.6848,33.6215,1.40651,170.717,65.8499,32.8953,1.01687,176.117,115.577,29.2389,11.2764,176.395,119.977,27.2619,22.5297,167.972
18457_00041,6.0,246.0,1272.7,1377.9,1134.15,1988910000.0,14187.6,57.6732,108.523,0.462509,1573.13,11.1463,7.73509,1.0,34.0,0.147408,0.114996,0.0,0.733948,834.731,692.023,0.0,1744.26,1531.87,1295.18,13.5237,4359.45,0.8,0.401677,0.0,1.0,81.6443,32.3223,26.4687,165.01,80.445,38.188,6.35489,170.091,108.942,32.2824,19.4902,157.211,102.149,37.5054,19.5531,164.655
18454_01111,6.0,228.0,828.25,2909.31,1136.61,2738820000.0,21221.8,93.0781,234.934,0.804656,3357.42,11.3246,5.91942,1.0,21.0,0.100734,0.0980766,0.0,0.760206,1871.69,1099.03,0.0,2764.17,3574.29,2066.43,6.18445,5502.21,0.693694,0.463049,0.0,1.0,74.1311,26.3377,17.3321,151.399,64.397,32.9412,10.6347,173.817,119.418,24.7081,32.2959,160.072,118.928,28.3385,23.3062,170.49
18462_00025,6.0,370.0,1694.4,2164.98,2464.85,9041910000.0,32961.4,89.0848,188.694,0.982753,3068.74,13.1622,6.94271,1.0,27.0,0.0925364,0.0854186,0.0,0.624236,1849.94,1005.16,0.0,2791.41,4154.84,2334.33,11.0757,5965.08,0.714286,0.453,0.0,1.0,76.6306,33.9246,1.46321,159.492,71.2522,31.2671,14.5273,171.252,114.104,29.2963,11.4101,172.027,116.545,27.6432,18.3546,164.06
18457_00139,5.0,271.0,1699.74,871.09,807.26,1195250000.0,14766.5,54.489,77.9208,1.3329,898.871,9.92251,5.88513,1.0,28.0,0.176855,0.151863,1.40738e-05,0.807443,433.016,511.513,0.0,1531.82,861.335,868.953,14.558,3058.58,0.75188,0.433555,0.0,1.0,83.5245,34.2215,6.11953,163.454,75.5587,37.7398,8.41555,176.249,109.155,27.0212,36.4152,161.07,104.277,32.5503,10.1181,164.771
18869_5317_x6063_y4638,8.0,550.0,540.68,642.78,756.05,262756000.0,28940.8,52.6196,55.386,1.66872,340.593,8.99273,3.06694,1.0,17.0,0.098627,0.0737925,1.38144e-05,0.505665,141.714,81.4608,0.0,540.103,303.033,121.698,15.5439,816.079,0.715867,0.451835,0.0,1.0,83.9465,27.4135,28.4381,170.744,78.1564,32.7137,12.4963,176.107,112.574,24.8651,34.4492,155.023,112.73,26.5734,26.1301,167.135
191812_2978_x7903_y22705,11.0,359.0,3553.57,3160.67,7481.43,84028900000.0,77038.5,214.592,315.889,5.22952,3209.74,9.0,5.38361,1.0,22.0,0.145585,0.100948,6.71792e-05,0.788886,1067.05,1928.64,0.0,6503.9,1730.34,2562.41,14.448,8915.34,0.729885,0.4453,0.0,1.0,68.5948,34.0084,5.42764,170.226,69.7913,36.9204,7.03656,172.847,116.003,29.3716,0.361522,173.638,114.928,29.7605,10.0046,172.899
15257_4021_x16401_y21556,6.0,194.0,2589.93,3577.57,1560.58,14459800000.0,43510.3,224.28,360.305,3.19252,3859.67,8.84536,5.15328,1.0,22.0,0.138495,0.114394,2.27713e-05,0.556331,1054.15,1133.87,0.0,2771.63,2476.71,2751.33,14.0098,7841.19,0.712766,0.454898,0.0,1.0,65.2212,33.6589,1.83135,148.989,72.7835,39.2958,7.92642,172.442,123.449,25.4676,47.8833,169.336,112.389,32.2977,3.97686,167.133
17781_6626_x22318_y13682,5.0,131.0,4029.35,3697.67,3326.49,49562100000.0,37913.1,289.413,565.149,3.03544,5256.29,7.62595,4.29371,1.0,17.0,0.164093,0.120702,0.00475591,0.61721,1697.41,1614.31,0.0,4428.24,4851.58,4767.77,18.793,12861.3,0.761905,0.429339,0.0,1.0,75.6089,34.9736,0.426922,151.312,71.5954,33.8991,9.54133,147.916,116.184,28.1882,56.978,164.716,114.163,28.6861,42.4925,168.005
18454_00138,12.0,610.0,2193.09,1677.67,2674.07,9838650000.0,45380.2,74.3938,109.197,0.657383,1467.65,24.8525,16.8475,1.0,58.0,0.104303,0.0953298,0.0,0.822436,2406.86,1089.41,0.0,3206.31,4138.77,1974.68,10.1552,6739.44,0.745819,0.43613,0.0,1.0,85.8528,36.6707,0.754442,174.368,80.0747,37.7174,1.35009,174.388,107.929,34.4623,2.56361,169.379,108.964,33.9119,16.6927,178.984
18453_3945_x11262_y6434,6.0,488.0,2421.52,2872.07,3809.47,26494000000.0,60035.4,123.023,167.184,0.545671,1680.45,12.4262,7.69214,1.0,30.0,0.113509,0.0831497,0.0,0.74386,795.955,1124.7,0.0,3227.17,1310.79,1543.07,11.4284,4780.63,0.713693,0.452975,0.0,1.0,77.6658,27.7324,4.11432,155.425,71.0212,30.5054,3.2466,165.481,117.472,26.2125,4.70131,168.887,114.481,27.3975,23.288,170.371
pre_18465_00371,4.0,48.0,1406.03,607.06,1113.64,950541000.0,5892.09,122.752,170.548,2.64417,765.102,4.125,2.37563,1.0,10.0,0.145763,0.113751,1.79716e-05,0.407042,259.237,386.167,0.0,1453.75,469.835,621.901,16.5628,2983.92,0.772727,0.428932,0.0,1.0,75.5552,45.6008,9.06395,149.375,74.3247,50.9214,9.97577,155.046,106.819,39.9029,3.24216,166.209,110.471,37.6053,40.6102,158.361
18454_00050,5.0,469.0,4546.48,4168.05,3940.4,74670400000.0,59411.7,126.677,259.222,0.953826,2744.48,15.5885,8.82542,1.0,34.0,0.115613,0.100566,0.0,0.904528,2799.36,1932.17,0.0,4733.29,5845.84,4155.37,12.6516,11002.5,0.698276,0.459999,0.0,1.0,72.6747,28.68,0.501957,158.294,71.6619,34.3637,9.53066,173.22,120.229,27.2916,12.6004,175.145,114.294,29.7465,25.9436,166.082
18454_00128,10.0,872.0,4426.44,3351.29,3680.72,54600800000.0,78270.8,89.76,153.24,0.292531,2674.52,15.4404,6.20756,1.0,27.0,0.089886,0.0744075,0.0,0.530121,2255.16,1021.84,0.0,3616.33,5304.85,2582.92,14.2844,10422.4,0.7471,0.435179,0.0,1.0,72.7647,29.9563,0.741539,156.396,66.3889,28.4295,1.86378,161.311,119.503,28.4667,1.66253,172.306,120.058,26.6539,14.0327,172.661
191812_5219_x4127_y21100,10.0,464.0,4257.71,4000.2,6720.98,114470000000.0,87297.2,188.14,332.979,1.22547,3730.55,8.78017,3.96844,1.0,17.0,0.128828,0.101526,7.53043e-07,0.767413,797.07,1014.98,0.0,4126.81,1877.06,1716.67,5.45125,6124.88,0.718062,0.450938,0.0,1.0,74.2967,31.661,4.48506,177.388,74.4258,37.1109,4.74606,173.567,117.007,26.4762,2.97194,168.948,108.066,33.608,9.32162,168.289
18869_3761_x5335_y8118,6.0,286.0,4846.71,2894.15,4124.38,57853100000.0,32511.3,113.676,329.965,1.1147,4514.2,8.86014,5.39083,1.0,21.0,0.107245,0.0947079,8.28692e-06,0.690067,680.606,1377.61,0.0,6138.46,1239.16,2452.29,11.8165,8156.17,0.685714,0.465898,0.0,1.0,78.3185,32.4799,9.56121,168.954,69.1876,33.8008,5.07502,155.64,112.515,30.027,5.01302,166.096,114.539,29.5096,28.2294,167.648
18869_4511_x11720_y4070,7.0,923.0,815.17,735.22,616.15,369277000.0,44412.1,48.1171,50.298,1.06077,430.512,12.1506,4.09567,1.0,23.0,0.0861005,0.0724196,6.83378e-06,0.640115,180.506,100.645,0.0,549.982,390.052,154.209,11.0978,893.133,0.733624,0.442546,0.0,1.0,79.7562,28.0639,1.90947,163.787,73.1584,28.9618,7.47519,173.516,113.684,23.8304,26.6751,164.286,114.655,25.874,22.3532,165.527
18458_00056,7.0,305.0,3576.88,3494.09,1663.32,20788100000.0,35579.4,116.654,374.152,0.755009,6217.75,11.5311,6.33546,1.0,24.0,0.0910093,0.0822896,0.0,0.481489,1895.61,1375.22,0.0,3315.49,5505.24,4140.34,4.52727,9490.79,0.718121,0.451432,0.0,1.0,74.1965,32.7855,3.02164,164.791,65.0823,31.7559,9.28051,157.021,113.637,33.1258,19.0557,175.372,116.382,31.0727,23.0097,163.81
18455_00134,10.0,632.0,4890.05,3587.89,3856.28,67658300000.0,105076.0,166.259,351.525,0.949489,3828.4,15.3323,8.17482,1.0,39.0,0.149925,0.113355,0.0,0.651753,3624.92,1346.87,0.0,5017.21,9002.58,3837.46,11.24,14833.1,0.807074,0.395231,0.0,1.0,78.7968,34.654,1.87851,167.528,74.7677,35.3422,4.24701,169.378,109.804,30.5508,2.78814,172.384,106.707,32.1274,2.54443,169.428
17782_3651_x35286_y18512,5.0,773.0,8295.27,3446.13,3538.0,101139000000.0,122877.0,158.961,257.076,0.822083,2451.26,13.3674,5.59465,1.0,30.0,0.175124,0.125622,0.0,0.813041,1944.12,1058.49,0.0,5781.3,4125.7,1969.89,9.66767,8900.49,0.770833,0.420845,0.0,1.0,76.2881,35.558,0.342279,168.471,80.4271,35.7744,6.43061,176.02,103.267,36.3956,14.6938,166.095,97.4018,35.9696,9.25847,165.309
182725_2390_x8944_y12077,10.0,964.0,12292.2,5460.0,5937.41,398490000000.0,166189.0,172.395,287.702,1.13239,2601.11,18.3548,8.90801,1.0,37.0,0.130426,0.103163,8.16474e-06,0.848737,5064.61,4046.22,0.0,12537.0,7693.88,6021.69,16.332,19017.8,0.742138,0.437917,0.0,1.0,72.5729,31.7459,2.64596,174.663,66.4764,31.6313,2.16736,174.219,117.031,27.3103,5.57238,169.739,113.441,31.1222,16.7419,171.845
18869_4275_x8819_y9368,5.0,633.0,5561.3,2727.91,1652.2,25065100000.0,50844.4,80.3229,149.767,1.38401,1744.11,12.8167,5.94313,1.0,26.0,0.137752,0.125664,4.49051e-07,0.873225,1549.24,831.832,0.0,3178.33,2674.98,1235.95,50.4898,5216.67,0.713376,0.452906,0.0,1.0,84.329,35.795,8.85214,178.164,76.9657,40.4058,3.67778,176.183,111.441,28.6048,3.45446,169.091,104.009,33.94,20.6106,169.591
pre_18864_00247,7.0,585.0,3044.33,3302.78,7273.44,73132600000.0,87637.6,149.808,236.152,0.6309,2486.22,10.4906,5.32315,1.0,23.0,0.1467,0.104122,0.0,0.642397,687.573,1108.29,0.0,5702.72,1363.85,1923.64,5.69626,7770.42,0.733564,0.442862,0.0,1.0,80.7482,33.7222,3.36447,172.52,75.8162,35.5501,9.87807,177.764,108.604,31.1273,1.54562,173.881,107.234,34.576,1.54536,173.751
18455_00124,8.0,1078.0,4165.8,3166.3,1251.52,16507800000.0,84395.0,78.2885,119.559,0.528011,1973.78,28.0241,17.972,1.0,68.0,0.0956135,0.0819231,0.0,0.593685,2913.13,1294.73,0.0,4433.76,5465.01,2511.67,12.1332,8754.53,0.715888,0.451413,0.0,1.0,74.8845,32.263,2.34128,167.329,69.4898,33.9573,5.46954,172.701,116.469,28.932,3.87958,175.229,117.312,28.136,18.6785,168.092
18458_00575,10.0,738.0,2886.47,1714.11,2723.1,13473200000.0,49549.7,67.1405,124.891,0.73218,2719.73,21.3252,14.1336,1.0,52.0,0.127934,0.0990918,0.0,0.663479,2861.25,1339.35,0.0,3740.03,4837.88,2272.65,10.8669,6998.3,0.722527,0.448368,0.0,1.0,81.0197,36.8491,0.499694,170.871,74.6889,35.1287,7.24051,171.328,104.233,33.4625,0.807319,169.445,111.3,30.9907,14.1986,168.003
18457_00190,5.0,399.0,1403.32,2359.82,1405.42,4654170000.0,32150.6,80.5779,146.606,1.22771,2554.58,10.4286,4.93773,1.0,21.0,0.120171,0.0961912,1.79898e-07,0.585789,1766.58,1025.15,0.0,2631.85,3064.14,1751.18,15.3829,4578.41,0.720812,0.449743,0.0,1.0,77.1645,33.3418,8.23216,169.145,64.2467,33.1961,1.43368,176.645,114.135,29.6885,26.865,170.785,120.47,28.1431,23.0157,169.448
18455_00252,8.0,378.0,1827.13,1555.15,2746.0,7802650000.0,28963.6,76.6232,119.831,0.692113,1469.66,13.5556,7.09117,1.0,27.0,0.102393,0.0807212,0.0,0.51794,2320.71,1155.46,0.0,3268.27,3846.94,1902.56,12.6845,5355.03,0.718919,0.450747,0.0,1.0,70.5042,30.5799,1.0849,161.308,64.8792,30.2739,4.54684,147.063,118.391,27.11,20.4671,172.485,119.966,25.1804,40.0145,163.406
18458_00565,6.0,460.0,1916.43,3201.98,2019.5,12392400000.0,33690.2,73.2396,135.99,0.37922,1893.97,14.1174,6.39847,1.0,29.0,0.121941,0.103738,0.0,0.660367,2379.38,1280.54,0.0,3268.17,4320.79,2342.76,12.3627,6214.13,0.722467,0.448771,0.0,1.0,75.0144,35.1363,7.92367,169.023,68.1447,30.2961,7.28816,162.127,115.599,30.4068,8.77105,164.413,115.306,28.512,26.102,163.416
pre_18864_00059,7.0,729.0,3881.45,4113.81,5086.88,81225000000.0,108508.0,148.846,230.42,0.567678,3549.54,15.716,7.65052,1.0,30.0,0.130537,0.101502,0.0,0.775978,1046.33,953.536,0.0,3634.45,2112.85,1696.44,12.5392,5680.87,0.739612,0.439455,0.0,1.0,74.3014,32.5593,0.393165,158.96,68.9337,32.9759,2.01684,164.303,116.762,29.0682,12.4162,173.28,114.026,31.0076,6.33134,169.313
pre_18464_00163,5.0,213.0,1705.86,1125.39,812.97,1560710000.0,11357.3,53.3206,88.9364,1.4766,1011.8,11.6948,8.74674,1.0,34.0,0.173425,0.127746,6.33478e-05,0.645362,858.364,722.236,0.0,1756.81,1179.03,905.108,14.3193,2526.59,0.798077,0.403379,0.0,1.0,80.0933,36.0781,2.33236,162.801,81.0574,35.0874,7.00606,160.261,107.829,30.7435,30.3749,167.298,100.064,32.555,22.4061,166.467
pre_18469_00001,14.0,760.0,10083.6,6880.13,4531.18,314357000000.0,116466.0,153.244,367.134,0.382913,5903.73,16.1079,8.75769,1.0,34.0,0.153714,0.109218,0.0,0.840011,2146.45,1982.75,0.0,9480.06,4883.08,4650.46,9.08416,15235.6,0.729223,0.444958,0.0,1.0,76.527,36.9663,0.128616,166.755,73.9997,36.3992,4.74107,167.49,106.613,33.6469,11.0849,174.503,108.123,32.9017,11.0827,172.278
17545_00057,9.0,661.0,3039.47,2376.2,1996.7,14420900000.0,46534.5,70.4002,179.099,0.299739,4159.15,26.649,20.3036,1.0,73.0,0.139666,0.0959442,0.0,0.710659,2706.56,1462.54,0.0,3776.15,6041.3,3340.2,9.32644,9890.84,0.726994,0.446189,0.0,1.0,78.9335,39.8129,1.43539,172.768,76.2424,39.2752,8.09248,173.484,105.713,35.362,1.89425,172.854,107.885,34.5901,4.92637,171.487
18864_5030_x9347_y31359,6.0,542.0,2916.43,3467.74,3648.95,36903400000.0,82893.9,152.941,184.104,0.937171,1807.81,12.941,7.88153,1.0,32.0,0.121514,0.0852391,0.0,0.562143,1274.2,1425.91,0.0,3955.87,2084.45,2185.84,13.5838,6654.05,0.682836,0.466243,0.0,1.0,68.6401,34.9821,0.198056,174.841,60.1817,31.1193,4.53293,177.783,117.41,31.2665,7.17272,173.757,122.848,27.1056,5.95036,172.135
18463_00039,7.0,631.0,3382.84,2478.95,1885.42,15810900000.0,51626.5,81.817,167.786,1.08636,3447.87,13.859,7.45446,1.0,30.0,0.0944599,0.0784097,3.62823e-06,0.638336,2905.17,1571.59,0.0,4046.47,5009.19,2688.41,23.7596,7446.02,0.721154,0.449152,0.0,1.0,79.1339,36.1324,0.78019,171.091,70.4795,31.3066,4.79778,177.059,110.418,30.5345,12.1857,169.194,116.328,28.9217,4.04308,171.842
191812_5586_x4875_y23378,8.0,1028.0,7001.9,5642.82,9965.25,393732000000.0,232356.0,226.027,416.949,0.949165,6804.23,13.6926,5.41652,1.0,26.0,0.110435,0.0921389,0.0,0.734314,1765.36,2172.34,0.0,9034.78,3503.5,3645.8,9.00758,17696.1,0.713725,0.452463,0.0,1.0,69.0987,30.1327,4.37975,167.735,65.1453,33.4383,3.26126,161.952,123.352,24.9034,16.2248,173.151,115.057,31.0834,17.2943,171.039
18864_5444_x7352_y31475,8.0,450.0,2780.64,4023.2,3598.68,40258700000.0,78808.7,175.13,227.651,1.07033,1462.21,12.5733,7.53582,1.0,29.0,0.107376,0.0860164,3.06005e-05,0.690424,876.156,978.915,0.0,3797.72,1339.39,1407.59,7.9458,5180.61,0.696833,0.46067,0.0,1.0,68.8707,27.3534,5.15761,150.038,60.8116,32.4961,2.92579,150.038,121.071,24.8926,20.5916,174.144,121.506,30.0312,14.0719,172.017
17545_00047,3.0,169.0,809.72,753.2,761.76,464583000.0,14044.5,83.1034,90.7186,0.0535887,597.157,8.97633,3.49141,1.0,16.0,0.19997,0.131503,0.0,0.688256,165.662,137.908,0.0,633.394,503.99,364.188,0.829505,1600.35,0.674699,0.471335,0.0,1.0,75.588,38.4211,3.23665,177.331,87.22,36.6991,15.3469,162.476,106.054,37.7276,4.10415,168.231,90.106,37.6421,11.8489,159.837
18463_00029,9.0,673.0,2397.53,2278.88,2658.32,14524200000.0,71726.4,106.577,138.282,0.596741,1736.89,13.422,7.81979,1.0,31.0,0.0847617,0.0646738,0.0,0.423339,2158.49,1294.68,0.0,3543.66,3447.68,2078.12,11.366,6564.06,0.701807,0.458155,0.0,1.0,73.9847,32.4222,2.47856,167.847,64.6309,32.882,5.47787,170.056,118.486,27.2514,11.694,171.412,122.334,28.2569,14.2855,167.08
18867_4801_x7068_y12938,9.0,687.0,4195.2,3088.28,5094.62,66005700000.0,71640.0,104.28,222.287,0.921069,4364.96,15.1368,7.01717,1.0,28.0,0.122301,0.108992,0.0,0.824826,2062.81,2008.09,0.0,6305.32,3137.3,2788.15,13.0056,9158.42,0.737463,0.440663,0.0,1.0,82.2355,33.155,1.54119,170.728,74.9339,36.4709,2.40793,172.464,109.222,30.0599,2.51374,171.483,108.133,31.9084,2.21949,165.996
17545_00025,4.0,306.0,1788.68,1550.36,1117.08,3097770000.0,27406.2,89.5628,93.9108,0.759835,523.825,11.1307,6.21652,1.0,25.0,0.2039,0.124212,0.0,0.645517,583.527,582.679,0.0,1896.68,1010.72,717.367,14.1496,2572.11,0.735099,0.442749,0.0,1.0,74.9067,37.4036,6.81672,169.615,80.3261,37.219,2.90156,164.92,108.592,34.944,0.391034,167.722,97.7696,34.6748,13.6122,158.998
pre_18864_00153,5.0,513.0,3635.0,4272.12,6408.74,99522300000.0,89050.2,173.587,267.131,0.492922,2484.8,12.306,7.42738,1.0,31.0,0.122134,0.0852189,0.0,0.543971,1276.15,1706.05,0.0,5476.12,2097.32,2627.19,7.39699,8239.16,0.728346,0.44569,0.0,1.0,75.5636,34.3895,2.95817,172.092,66.4318,30.6993,4.33187,167.529,112.836,31.1591,3.3188,174.591,115.643,30.9711,5.06482,168.764
pre_18458_00150,7.0,777.0,3157.41,5491.17,6491.52,112549000000.0,94479.2,121.595,228.881,1.06508,3180.52,11.2239,5.27553,1.0,24.0,0.144278,0.10052,3.9611e-06,0.621418,689.426,1048.81,0.0,5832.63,1154.4,1574.78,12.3684,9353.26,0.74026,0.439063,0.0,1.0,77.55,33.9633,2.49973,174.538,72.6034,33.4712,6.51214,169.92,106.177,32.987,1.6106,175.42,108.527,33.3915,2.03039,175.824
18455_00220,6.0,238.0,1914.09,1517.3,1164.73,3382670000.0,32235.9,135.445,122.667,1.45845,644.955,7.02521,2.61918,1.0,13.0,0.166199,0.119588,1.33184e-06,0.550024,284.282,209.737,0.0,1001.82,623.278,373.006,24.405,1639.21,0.698276,0.460998,0.0,1.0,71.8204,37.9611,0.555487,171.725,76.7024,36.2678,8.37189,173.236,117.421,29.5538,43.6469,169.398,106.128,33.1724,17.3888,155.46
18453_4540_x32498_y9442,8.0,524.0,1783.9,3562.33,8267.85,52540900000.0,80977.1,154.536,367.978,0.362623,7350.91,14.1107,9.4757,1.0,35.0,0.115475,0.0949543,0.0,0.658468,805.773,1149.81,0.0,7606.72,1489.01,1766.73,15.5499,10656.9,0.732558,0.443485,0.0,1.0,77.2022,30.4,1.8066,173.146,72.6484,33.772,0.922439,172.302,114.667,25.4434,41.8395,160.872,112.423,29.7423,15.4804,162.384
pre_18864_00225,9.0,423.0,2914.13,2853.07,2098.33,17446000000.0,60135.6,142.165,227.142,1.90066,2226.33,9.7565,5.30446,1.0,27.0,0.146593,0.114101,8.63962e-06,0.840185,429.6,485.838,0.0,2565.99,802.148,822.267,14.2953,4354.17,0.710145,0.454795,0.0,1.0,74.8895,31.9119,1.79527,154.195,70.3292,33.3699,5.47141,158.498,112.365,27.6798,26.2149,165.745,110.576,29.8552,18.2724,165.815
18455_00146,12.0,468.0,2056.83,2221.24,2153.12,9836990000.0,36119.6,77.1787,112.246,0.902277,1677.66,12.8803,6.99607,1.0,28.0,0.115656,0.0864051,0.0,0.621772,2318.36,1158.66,0.0,3157.07,3710.49,1855.19,9.44448,5223.6,0.688596,0.464086,0.0,1.0,75.9813,30.9613,0.281511,169.944,66.6293,32.6536,5.88515,160.859,115.136,29.9371,0.415659,166.036,119.55,29.6111,18.6741,167.085
pre_18864_00460,7.0,299.0,1571.84,1435.24,1511.93,3410880000.0,47184.4,157.808,214.439,0.237251,1392.36,10.9866,6.29316,1.0,26.0,0.148639,0.117108,0.0,0.768247,400.602,339.703,0.0,1447.8,813.271,763.246,7.7791,3811.88,0.767123,0.424119,0.0,1.0,73.5088,35.6585,0.100471,170.032,72.6873,35.1787,0.0664181,156.103,116.423,31.4413,1.33933,171.365,110.304,33.4374,29.3748,170.3
18868_4317_x23980_y6346,10.0,544.0,6119.8,5593.24,3746.68,128247000000.0,96766.6,177.88,372.075,0.995856,5728.64,14.0074,8.40328,1.0,36.0,0.130206,0.106374,0.0,0.688379,2141.04,2216.69,0.0,5971.82,4511.24,5041.27,14.8876,15791.1,0.730337,0.444618,0.0,1.0,74.645,33.1494,4.70503,165.218,69.1639,36.7502,6.85972,174.158,116.759,30.6377,0.74006,175.71,112.575,33.0422,15.9806,169.52
18464_00075,9.0,425.0,1695.85,1896.57,2490.48,8010130000.0,36743.8,86.456,110.612,0.627475,1204.6,15.9882,9.33331,1.0,33.0,0.10106,0.07548,0.0,0.740974,2144.77,1090.34,0.0,2957.78,3234.28,1633.1,19.4138,4736.86,0.711538,0.45414,0.0,1.0,73.2221,34.7983,3.67373,173.294,71.0846,32.6168,6.02489,155.941,118.442,29.8219,4.03388,172.086,118.331,28.7778,27.9091,166.019
18868_4883_x27078_y6285,8.0,488.0,3091.24,5868.2,2400.41,43543500000.0,42701.7,87.5035,228.339,0.695672,3229.85,12.5451,8.0324,1.0,38.0,0.134837,0.123205,0.0,0.75726,1094.92,1474.33,0.0,5886.31,2495.69,3310.53,13.5153,9555.4,0.741667,0.438633,0.0,1.0,82.5863,35.8874,0.881847,158.966,79.1766,35.7791,5.54127,170.05,108.523,31.7349,2.18435,167.971,104.958,32.9921,8.65305,164.417
18465_00079,7.0,299.0,807.15,2940.62,1626.15,3859700000.0,25609.3,85.6499,223.696,0.606341,3705.95,8.47826,4.17029,1.0,17.0,0.126104,0.100848,0.0,0.514023,1723.26,1325.62,0.0,3089.4,3281.74,2533.83,8.33463,5818.58,0.719178,0.450948,0.0,1.0,73.7843,30.8368,0.724895,174.159,63.8813,29.5414,9.0781,146.65,117.323,26.962,1.55798,157.116,120.966,27.1032,44.8061,164.039
17781_6881_x22248_y12698,5.0,301.0,6273.46,3620.81,3635.63,82583400000.0,93673.0,311.206,526.005,3.14429,3663.57,14.5482,9.58759,1.0,34.0,0.14489,0.109422,6.98706e-05,0.690774,2132.76,1935.41,0.0,6321.66,5633.83,5146.12,11.2719,17177.7,0.736486,0.442034,0.0,1.0,67.6752,32.9688,2.53168,155.121,68.2055,35.4216,8.57451,169.027,121.789,28.1883,34.7378,176.066,110.349,34.9311,11.4093,164.848
18465_00111,3.0,427.0,3648.45,3723.9,3060.13,41576400000.0,50854.2,119.097,284.448,0.808827,4791.41,15.9461,8.85032,1.0,32.0,0.108054,0.0849163,0.0,0.592761,2699.08,1605.6,0.0,3966.59,7381.93,4406.6,12.2675,11415.0,0.712264,0.453779,0.0,1.0,79.6021,34.9291,3.92635,173.665,75.5869,34.6647,4.62317,169.821,110.663,30.8739,1.61812,165.977,108.774,30.3042,22.5705,165.641
17302_00079,11.0,587.0,1949.94,2759.09,2737.98,14730500000.0,50027.6,85.2259,132.17,0.488029,2233.07,22.0698,12.6162,1.0,48.0,0.137428,0.107063,0.0,0.894472,1875.23,890.696,0.0,2595.75,5843.56,2828.34,4.36018,8466.46,0.732639,0.443353,0.0,1.0,70.6743,43.5844,1.08789,175.385,75.5919,43.6475,1.80811,178.426,108.98,42.2712,0.401074,171.77,110.315,38.8708,7.71043,172.004
18867_4605_x30309_y8068,6.0,420.0,4012.44,5087.49,3655.15,74613500000.0,46246.7,110.111,252.17,0.602656,3235.81,12.3,6.72689,1.0,29.0,0.126527,0.109031,0.0,0.725963,1319.32,1703.49,0.0,6223.0,2109.84,2604.77,12.8705,8710.98,0.748792,0.434759,0.0,1.0,85.5777,31.8823,5.52383,166.884,76.0457,34.3432,1.51582,162.623,107.801,28.4657,22.0749,172.007,106.081,31.1346,21.7174,167.334
17302_00101,3.0,295.0,1711.51,1599.81,939.83,2573340000.0,22704.9,76.9659,108.334,0.730529,1152.8,10.4034,4.45575,1.0,21.0,0.184911,0.137306,0.0,0.825251,290.974,433.094,0.0,1816.7,648.898,583.61,9.95491,2756.96,0.705479,0.457396,0.0,1.0,73.5565,31.5747,5.63103,145.21,79.692,33.8615,10.6344,159.573,110.787,30.9961,1.84059,165.81,101.6,28.3978,32.8755,165.448
18868_4430_x9829_y7185,7.0,431.0,5054.23,5932.79,2369.99,71065800000.0,54884.3,127.342,300.187,0.810143,3239.42,12.1647,7.2451,1.0,30.0,0.130927,0.110069,0.0,0.767737,1400.08,1483.65,0.0,6424.86,3108.33,3474.03,13.8145,9692.2,0.712264,0.453779,0.0,1.0,75.0432,30.1019,3.56843,159.863,69.479,34.5336,4.19427,171.705,114.075,29.9019,7.74479,162.761,110.345,32.5341,11.5965,177.636
18454_00022,3.0,151.0,1867.68,1287.01,1063.37,2556050000.0,28099.9,186.092,239.003,0.9397,1705.27,9.05298,3.50958,1.0,15.0,0.199945,0.132818,0.0,0.558933,263.043,307.342,0.0,1371.14,763.361,671.575,20.7601,2938.52,0.702703,0.460188,0.0,1.0,71.1269,40.8874,1.19263,169.516,66.5195,38.2023,2.78919,167.838,114.881,39.2792,5.54132,166.993,102.17,38.7036,6.23998,169.962
17300_5969_x27278_y20820,9.0,489.0,4900.54,3649.23,5200.28,92997600000.0,85569.2,174.988,341.567,0.55981,3315.45,9.61759,4.75453,1.0,24.0,0.152338,0.112328,0.0,0.687792,1146.5,1288.96,0.0,4107.71,2119.01,2101.71,14.6472,7548.38,0.708333,0.45548,0.0,1.0,69.7831,34.9528,0.341568,166.671,73.7241,38.2797,5.86146,174.666,113.309,35.3922,4.04026,173.445,103.961,36.9034,7.0249,169.553
18457_00033,6.0,334.0,2058.82,1730.73,634.16,2259680000.0,14325.6,42.8909,128.19,0.555696,2277.38,12.1138,6.50379,1.0,27.0,0.138375,0.110195,0.0,0.657695,1538.0,1029.38,0.0,2402.15,2090.03,1315.03,9.02708,3595.57,0.786585,0.410973,0.0,1.0,84.0301,38.2809,6.44946,169.06,87.1243,34.6268,12.905,165.829,105.079,31.8185,27.9021,165.679,95.7103,32.3155,2.57978,163.013
18462_00057,6.0,290.0,1156.7,2812.88,1245.98,4053990000.0,19934.1,68.7381,187.32,0.755684,3053.01,10.1931,4.31028,1.0,19.0,0.0964341,0.0822356,0.0,0.456248,2166.34,1040.15,0.0,2836.49,3663.88,1763.98,7.9679,4900.67,0.711268,0.454777,0.0,1.0,76.0789,34.3376,5.04532,165.591,68.1431,34.8674,2.19832,171.304,114.21,32.8479,7.49879,165.729,115.893,32.3631,35.3279,175.208
18047_00047,9.0,377.0,4964.45,4153.86,2854.52,58864900000.0,58886.9,156.199,231.285,0.985663,1794.3,11.626,7.16193,1.0,29.0,0.107281,0.0810863,0.0,0.53137,1477.56,1921.02,0.0,5856.46,2056.88,2520.8,12.6197,7390.95,0.717391,0.451496,0.0,1.0,76.0513,32.5162,2.47896,153.651,71.9363,33.2907,5.85062,159.79,114.225,29.9261,11.7643,173.836,113.467,29.9108,23.2028,170.599
18457_00023,8.0,336.0,1169.75,2391.58,1816.4,5081470000.0,28043.4,83.4625,184.911,0.381353,3084.59,10.1905,4.56849,1.0,21.0,0.126681,0.0970553,-4.38229e-09,0.544188,1814.6,853.571,0.0,2540.32,4102.68,1905.14,4.65567,5634.22,0.70122,0.459125,0.0,1.0,76.3932,35.7408,2.7222,160.053,68.4293,34.3033,6.5507,171.823,112.371,33.8839,6.88611,164.337,117.079,29.3865,10.5447,172.391
18453_5459_x9646_y5477,6.0,212.0,536.96,1033.62,983.8,546021000.0,28033.6,132.234,142.55,3.30388,712.009,6.16981,2.4143,1.0,11.0,0.133999,0.0965166,0.000224115,0.598398,187.26,157.393,0.0,516.394,488.485,339.112,11.3444,1272.19,0.708738,0.456566,0.0,1.0,74.3427,26.3272,4.9355,141.605,71.3487,35.4764,2.65168,171.558,116.268,24.5097,41.5473,157.1,110.262,32.6693,26.6703,163.009
pre_18864_00082,7.0,847.0,3493.66,3851.24,5503.29,74046300000.0,99726.3,117.741,194.499,0.925965,3889.72,14.1972,6.85997,1.0,30.0,0.129933,0.0929151,0.0,0.556611,806.999,998.926,0.0,5001.38,1416.84,1553.41,9.3565,7904.65,0.747619,0.434897,0.0,1.0,78.6901,31.8045,1.02104,173.956,74.2247,32.8726,4.29075,167.506,111.54,29.1411,15.7365,170.258,109.247,30.5062,24.4095,173.948
18868_3871_x26350_y7564,8.0,484.0,6474.05,6041.49,2709.44,105974000000.0,64648.4,133.571,262.489,0.726674,3435.24,10.9628,5.08506,1.0,22.0,0.134413,0.109711,0.0,0.71033,2306.73,2438.93,0.0,7755.43,4018.66,3984.7,16.8196,11236.4,0.739496,0.439835,0.0,1.0,73.1173,30.4277,1.25141,177.242,68.1588,32.7979,6.68616,154.627,114.554,29.4616,3.02815,161.847,111.493,31.1887,15.4566,162.651
18452_4272_x26686_y20064,3.0,623.0,1904.6,1304.35,1426.27,3543230000.0,40992.5,65.7986,82.7255,0.921729,661.662,25.2279,12.4618,1.0,46.0,0.136642,0.101508,0.0,0.776357,662.093,331.289,0.0,2014.47,2219.04,1205.96,9.29694,4969.25,0.783871,0.412269,0.0,1.0,81.2066,33.1032,4.38471,171.924,77.0708,33.8755,9.6918,176.869,110.043,29.0791,6.70006,163.416,106.373,31.4827,29.9986,165.751
18457_00015,5.0,419.0,2254.07,1658.12,606.66,2267400000.0,17419.3,41.5736,108.304,0.220637,2052.41,18.8234,11.3001,1.0,46.0,0.144848,0.121917,0.0,0.677813,1813.8,902.569,0.0,2428.29,2519.67,1277.29,10.8722,4251.29,0.772947,0.419943,0.0,1.0,87.7377,36.942,1.1143,168.171,87.3613,39.8382,5.44481,172.417,101.045,32.8392,22.3426,168.903,94.899,36.05,7.77506,162.053
18465_00241,8.0,520.0,1642.38,2425.15,2114.53,8422210000.0,46560.0,89.5386,140.084,1.07087,2392.93,19.7385,12.6802,1.0,43.0,0.122979,0.0957659,1.23927e-05,0.687723,2223.2,1067.16,0.0,3111.41,4792.63,2397.97,14.5725,8101.02,0.71875,0.45049,0.0,1.0,75.47,36.4905,2.1125,168.612,70.1096,34.528,4.94016,174.548,110.362,31.5767,3.23489,168.538,113.045,33.5362,7.12889,171.425
18457_00005,4.0,348.0,4448.8,1675.03,546.39,4071630000.0,21279.3,61.1475,158.035,0.399214,2631.56,15.1724,8.87987,1.0,36.0,0.15826,0.129989,0.0,0.722386,2113.84,1743.44,0.0,4443.82,3088.22,2427.68,9.30191,6586.36,0.738372,0.440804,0.0,1.0,78.5426,38.2855,0.937642,166.905,83.3068,40.9393,2.89139,177.835,108.305,36.1279,1.93874,172.626,97.8581,36.8206,20.985,161.251
18462_00061,8.0,702.0,2789.13,1736.43,2996.7,14513400000.0,74684.0,106.387,152.33,0.37023,2331.8,19.208,13.0267,1.0,47.0,0.0825484,0.0712953,0.0,0.563791,2250.91,1263.63,0.0,3478.22,4495.52,2638.55,16.78,8274.5,0.731988,0.443563,0.0,1.0,70.56,29.1024,5.93874,172.752,64.4088,30.5953,7.06781,174.474,120.068,26.3035,3.15877,169.595,120.714,27.1602,20.6792,167.095
18869_4727_x9851_y8415,8.0,592.0,1714.3,1188.23,920.02,1874060000.0,33000.0,55.7433,81.0168,0.716949,794.755,10.4189,4.27484,1.0,22.0,0.114075,0.09399,0.0,0.641725,803.536,359.931,0.0,1589.74,1608.55,594.092,14.9186,2735.67,0.75,0.433756,0.0,1.0,79.5147,27.3639,7.35158,152.082,72.5723,34.8599,2.96106,164.498,113.774,25.8818,24.9164,166.309,110.495,29.7717,20.8885,171.667
18465_00127,6.0,398.0,1157.75,2304.93,1914.41,5108670000.0,28319.2,71.1538,106.585,0.787629,1171.15,11.5829,5.64722,1.0,25.0,0.112185,0.0932157,0.0,0.503043,1684.4,1034.76,0.0,2666.22,2942.93,1820.43,13.8353,4843.08,0.693878,0.462061,0.0,1.0,74.5348,31.2933,1.85127,162.197,64.3503,30.5478,3.18123,169.846,118.287,27.567,5.47232,173.077,119.147,27.4768,13.2665,170.768
18454_00004,5.0,225.0,2453.73,1644.03,1205.83,4864330000.0,15655.7,69.581,147.472,0.804735,1942.06,8.44889,4.44594,1.0,19.0,0.132403,0.101249,0.0,0.572659,1004.2,1122.01,0.0,2622.81,1582.33,1634.69,21.206,4121.64,0.709091,0.45626,0.0,1.0,71.0908,37.7525,1.62798,159.525,69.3891,36.172,3.21805,157.81,112.807,29.8202,37.1011,169.459,113.389,30.4109,18.7953,159.609
18453_5325_x32314_y8395,5.0,185.0,1264.2,2111.73,5602.45,14956600000.0,36390.5,196.706,519.412,1.35845,6609.88,6.95676,3.48105,1.0,14.0,0.161309,0.129244,5.38079e-06,0.709478,545.518,768.194,0.0,2505.69,1032.55,1274.54,12.2665,6970.54,0.7,0.460825,0.0,1.0,78.2221,33.2644,7.53453,173.269,72.4212,31.1199,12.7394,164.625,108.485,29.5905,2.50044,169.771,107.79,32.352,27.516,165.737
18464_00192,5.0,913.0,5064.55,3726.3,1986.86,37496100000.0,95895.8,105.034,255.376,0.263293,6025.93,20.6386,10.8472,1.0,51.0,0.1232,0.0833226,0.0,0.665586,2267.29,714.731,0.0,3065.76,8304.76,2691.42,0.311286,11076.8,0.711454,0.453586,0.0,1.0,75.8976,33.3714,3.21746,165.826,74.5306,32.6086,1.89105,172.054,112.723,30.4137,2.18451,173.026,112.98,28.2575,8.79839,166.484
18454_00014,7.0,329.0,4718.04,1921.53,1520.67,13786200000.0,21002.5,63.8374,127.941,0.987624,1793.69,13.7781,9.86321,1.0,35.0,0.142908,0.113806,0.0,0.628941,1818.79,1640.74,0.0,4878.8,2567.84,2193.04,15.0463,7008.61,0.73913,0.440479,0.0,1.0,75.2913,35.1741,0.563097,160.019,76.3983,38.3635,7.4588,164.051,112.045,33.0337,7.50904,168.011,107.208,36.0348,13.0345,163.635
18455_00008,3.0,281.0,1883.87,1971.77,975.67,3624180000.0,22392.3,79.6878,98.8453,0.966168,873.184,10.3238,5.57018,1.0,26.0,0.14512,0.111592,0.0,0.690968,421.32,514.887,0.0,1844.54,944.797,864.919,7.42737,3186.31,0.719424,0.450905,0.0,1.0,81.9229,33.3738,14.4627,158.284,88.9701,36.5776,15.7888,162.156,109.557,32.6231,5.74615,163.371,91.6043,36.8118,7.27114,169.039
17781_7132_x8998_y15272,7.0,397.0,5477.83,4752.48,3394.93,88381100000.0,60546.8,152.511,409.257,0.508426,6339.48,10.9345,5.09662,1.0,26.0,0.142357,0.102643,0.0,0.639865,4286.01,2144.76,0.0,6830.73,8855.0,4462.86,22.5333,16023.5,0.8,0.40103,0.0,1.0,81.475,36.4057,0.275958,174.323,74.5247,38.4288,1.41053,160.333,106.354,32.1544,16.391,172.264,105.933,34.8208,5.16769,168.909
18864_1871_x3272_y21319,6.0,494.0,7358.64,4566.85,3862.8,129813000000.0,106958.0,216.515,268.073,2.6238,2348.37,12.0729,6.37843,1.0,29.0,0.128111,0.0914518,0.00037632,0.565294,1040.79,1740.88,0.0,7772.02,1836.12,2409.7,10.0634,10714.9,0.688525,0.464049,0.0,1.0,69.9951,27.843,0.852704,172.486,64.9376,34.1787,0.786417,175.586,119.292,26.8037,0.312191,166.995,118.555,29.17,20.1855,170.673
18455_00018,6.0,480.0,3377.09,3187.27,2101.63,22621300000.0,49836.9,103.827,220.365,0.263506,3659.45,18.0542,10.9823,1.0,39.0,0.0840354,0.0750218,0.0,0.621937,2156.34,1368.23,0.0,3343.8,6361.4,4142.16,1.37366,10659.9,0.738397,0.440438,0.0,1.0,77.3489,36.2248,3.49515,177.438,74.8507,35.9632,6.37678,171.819,112.197,32.7426,1.39701,162.227,111.723,33.3726,13.3498,162.445
18869_3480_x6168_y6983,11.0,735.0,6446.82,4182.63,3839.38,103528000000.0,97374.0,132.482,221.445,0.961336,2114.11,12.8449,5.37077,1.0,25.0,0.107643,0.0800582,0.0,0.637395,2247.24,1723.22,0.0,6321.17,3906.48,2974.8,19.1387,8823.11,0.687845,0.464014,0.0,1.0,74.8134,27.739,4.2198,161.892,65.1466,32.542,3.67713,164.291,116.73,24.9744,10.6077,169.593,117.582,30.1561,2.38643,171.083
18867_6091_x30186_y6043,11.0,751.0,3668.53,4190.23,4134.75,63559200000.0,108196.0,144.069,241.493,0.915046,2596.38,15.8682,7.48723,1.0,34.0,0.124468,0.0903617,0.0,0.82358,1861.57,1342.04,0.0,4193.08,4859.46,3705.79,14.9682,10478.5,0.745946,0.435918,0.0,1.0,78.0471,32.444,3.52763,164.237,74.0308,34.915,4.53913,179.042,113.816,29.1297,12.6442,170.288,111.399,30.322,10.7824,168.586
17545_00003,3.0,661.0,2664.4,3517.22,1941.71,18196300000.0,58586.5,88.6331,131.399,0.934569,1749.66,24.4675,15.6688,1.0,50.0,0.121701,0.083298,0.0,0.582446,2589.91,1677.64,0.0,4074.36,5087.35,3384.5,8.40563,9042.27,0.717325,0.450986,0.0,1.0,76.5045,32.3727,0.186961,173.575,70.7102,36.3241,0.489461,176.395,110.189,34.3672,0.363966,171.363,113.91,33.1962,3.54097,178.264
18458_00374,6.0,1414.0,5099.09,4159.39,3326.89,70560400000.0,175776.0,124.311,198.054,0.503288,2542.56,19.5431,8.72862,1.0,40.0,0.124834,0.0950228,0.0,0.71535,3643.04,1703.21,0.0,5504.3,7228.08,3377.07,4.54195,14534.5,0.745739,0.435755,0.0,1.0,75.3568,33.8329,0.539454,172.748,71.3684,35.5809,2.44399,176.188,113.076,31.6998,0.531524,172.258,111.183,33.8705,11.6815,171.954
191812_4446_x6677_y24393,11.0,615.0,4213.86,4177.9,9304.26,163802000000.0,127548.0,207.396,416.773,0.710577,7458.13,14.2065,7.90402,1.0,30.0,0.117894,0.0931749,0.0,0.688586,1758.98,1982.81,0.0,8046.97,4160.8,3565.32,10.4743,13480.9,0.711921,0.45362,0.0,1.0,71.9898,30.9067,2.55049,171.725,69.6202,37.0517,2.98677,171.293,119.239,27.223,0.851556,165.26,113.239,32.0768,2.77816,167.545
18454_01094,13.0,507.0,1646.75,1807.46,2463.03,7331050000.0,44161.8,87.1041,137.803,0.397389,2537.31,21.1341,15.8993,1.0,55.0,0.120119,0.0873037,0.0,0.730975,2010.67,1021.92,0.0,2977.39,3854.36,2031.64,8.92341,6452.55,0.720648,0.449592,0.0,1.0,83.7701,33.1046,9.56042,170.738,73.7714,36.262,7.61577,170.914,110.394,31.7463,1.36712,168.703,114.354,33.4344,13.1366,172.762
18455_00206,9.0,413.0,1288.06,2833.71,1715.87,6262910000.0,33246.9,80.5009,125.31,0.871219,1938.58,19.4504,14.2229,1.0,47.0,0.114384,0.082551,0.0,0.590588,1969.36,1075.68,0.0,2967.66,3953.38,2207.21,10.9103,6741.55,0.722772,0.448742,0.0,1.0,78.1187,36.0395,1.45906,176.798,70.7413,38.0987,4.08511,175.706,113.189,32.9935,0.911423,173.699,114.775,33.1454,17.0794,167.194
18458_00459,6.0,308.0,2461.67,2749.2,2706.39,18315800000.0,49868.9,161.912,271.409,0.982721,2183.05,9.40909,4.68362,1.0,20.0,0.125838,0.0993476,0.0,0.567014,1671.5,1232.44,0.0,3149.14,4643.91,3574.49,11.6027,10049.0,0.708609,0.455915,0.0,1.0,78.1731,36.5869,0.850862,175.612,69.9521,34.9673,3.64864,163.566,112.54,33.5253,5.89337,168.154,109.87,31.1551,11.3024,173.505
191801_4724_x4226_y10240,7.0,321.0,2995.52,3336.18,3605.81,36035000000.0,58454.4,182.101,257.724,1.03425,2620.81,11.6168,6.71981,1.0,24.0,0.119833,0.0826508,1.95598e-05,0.551899,373.798,436.152,0.0,3285.05,1430.24,1206.52,13.9276,6241.03,0.713376,0.453631,0.0,1.0,75.4202,37.9516,0.90002,179.756,73.6859,35.0477,6.41031,173.804,110.176,35.2767,5.15123,172.303,110.404,31.9303,16.8017,170.998
17543_3471_x12087_y3637,5.0,603.0,4230.94,3656.83,9413.45,145643000000.0,118500.0,196.518,319.937,0.353958,5370.78,17.262,9.02531,1.0,33.0,0.176049,0.135207,0.0,0.77206,1883.91,2717.0,0.0,9006.99,4352.89,4603.04,16.6061,15957.3,0.712375,0.453414,0.0,1.0,77.4785,41.5886,0.389911,176.355,78.1793,42.7952,0.908187,177.913,105.217,40.1113,1.84687,167.487,101.339,38.1552,6.63571,171.254
18453_3564_x30226_y9677,8.0,486.0,2710.26,2249.64,2570.65,15673500000.0,64956.8,133.656,169.625,1.18022,2403.87,12.9588,7.61593,1.0,29.0,0.132423,0.0877574,4.14856e-05,0.61032,1038.32,938.967,0.0,2817.83,1989.07,1834.51,14.3312,5520.63,0.711297,0.454111,0.0,1.0,72.6509,32.0607,0.761833,168.43,57.1982,26.5081,2.61065,146.065,114.541,29.8449,8.64488,171.644,127.115,24.7652,48.7218,170.81
18455_00264,10.0,630.0,3402.63,2634.67,2330.83,20895400000.0,55266.8,87.725,151.82,0.678561,2867.23,12.5206,5.91046,1.0,26.0,0.0919647,0.0856926,0.0,0.565301,3064.8,1602.43,0.0,4190.85,4897.49,2505.01,9.06939,7144.24,0.722581,0.448449,0.0,1.0,78.9222,33.1405,2.0285,172.4,70.5196,33.6773,4.65825,177.578,113.244,28.9383,14.1905,171.27,115.946,30.9017,5.13174,172.973
17545_00071,8.0,790.0,4120.06,2709.0,1719.52,19192000000.0,94165.0,119.196,159.082,0.550719,1920.81,20.4101,13.0802,1.0,53.0,0.14306,0.0888661,0.0,0.698065,2888.14,1637.34,0.0,4324.78,5151.6,3123.78,18.2805,11068.0,0.713555,0.452679,0.0,1.0,72.8717,33.1921,2.91686,164.629,71.5004,35.5045,6.07887,177.703,112.028,32.233,5.85906,174.343,114.056,31.3709,8.47414,164.047
18458_00306,3.0,301.0,1035.22,2902.38,1720.45,5169270000.0,26336.8,87.4977,217.088,1.07131,3541.5,14.2093,7.13765,1.0,27.0,0.120219,0.0906977,3.28733e-06,0.682514,1689.27,1082.31,0.0,2592.29,4080.8,2624.12,5.89281,6599.49,0.704698,0.457717,0.0,1.0,74.8064,28.2963,8.95818,160.036,67.6983,33.5344,4.19768,160.482,115.713,26.109,1.25619,168.914,117.429,28.4083,23.3478,160.71
17787_00019,6.0,490.0,4360.95,2030.43,1858.35,16455000000.0,25581.6,52.2074,124.645,0.406268,1773.63,18.1714,9.71302,1.0,41.0,0.142524,0.11994,0.0,0.615615,1943.77,1644.94,0.0,4496.3,2943.51,2328.97,15.2174,6806.91,0.727273,0.446285,0.0,1.0,79.7664,35.2673,3.19657,168.74,77.0391,37.3851,12.0772,175.312,109.854,28.9244,8.4724,162.623,108.411,32.4614,26.9085,167.764
17545_00119,5.0,195.0,4159.98,939.76,1494.04,5840780000.0,16114.4,82.6381,242.176,0.308007,3002.78,7.74872,4.95479,1.0,22.0,0.17798,0.122885,0.0,0.605135,1384.3,1787.53,0.0,4099.79,2062.55,2524.19,11.8345,6472.51,0.747368,0.436827,0.0,1.0,78.5948,32.0764,5.36428,164.058,73.6063,36.1202,1.85039,156.229,110.208,30.9961,9.04551,168.274,113.16,32.862,23.6265,176.361
pre_18864_00424,8.0,774.0,5214.75,4389.31,8172.78,187068000000.0,141805.0,183.21,305.055,1.06035,4400.09,14.9767,9.07619,1.0,34.0,0.131034,0.100699,2.93003e-06,0.858366,1586.46,2106.91,0.0,7762.29,2460.84,3166.85,12.209,12619.0,0.691906,0.46231,0.0,1.0,74.0215,31.0221,3.30229,168.716,63.8964,31.7555,3.78407,163.096,114.622,30.3465,3.89795,170.493,118.172,29.2337,15.1374,172.959
18464_00031,8.0,542.0,2724.65,2892.81,1752.07,13809600000.0,53724.2,99.1221,295.436,0.535463,6612.96,11.7417,8.76093,1.0,39.0,0.082388,0.0676094,0.0,0.65239,1806.21,1114.41,0.0,2814.13,5465.52,3380.65,9.48559,8950.95,0.722846,0.448434,0.0,1.0,70.7665,34.5605,4.81751,168.291,66.4076,35.9868,2.3519,174.808,117.964,30.4564,1.73475,168.059,118.58,30.8408,2.25487,171.228
191807_5811_x3931_y20674,5.0,165.0,1069.2,3175.49,1035.07,3514300000.0,16556.0,100.34,262.381,1.62569,3213.6,8.13939,4.26257,1.0,17.0,0.158581,0.116466,6.44107e-05,0.528104,675.166,1037.21,0.0,2957.23,1171.46,1640.85,14.8997,5158.0,0.75,0.435745,0.0,1.0,75.5488,36.313,0.488128,171.58,76.3588,35.0195,4.99648,142.947,112.853,28.0957,29.586,160.535,107.808,31.7276,22.3597,163.255
17302_00094,6.0,126.0,3842.02,907.47,1858.42,6479420000.0,11092.6,88.0363,287.454,2.18787,2971.94,7.55556,4.87205,1.0,18.0,0.159746,0.114627,0.000109511,0.456195,2088.71,1919.9,0.0,4104.75,2678.6,2354.17,15.7699,5362.03,0.816667,0.390205,0.0,1.0,77.5265,32.8242,9.21959,156.0,76.7233,32.1578,21.8666,167.956,115.032,32.0704,10.0002,167.308,110.456,30.3864,31.2847,153.438
182725_3762_x5563_y19178,9.0,1053.0,11802.7,6316.04,5778.32,430753000000.0,171039.0,162.43,297.35,1.04993,3117.78,18.6809,9.35784,1.0,38.0,0.149304,0.115446,2.44057e-05,0.721518,3437.62,3054.03,0.0,10490.0,6455.99,5447.12,12.666,20419.0,0.714559,0.452057,0.0,1.0,75.4455,40.1045,0.297512,177.393,73.8943,36.9905,5.00143,177.5,110.413,34.5442,0.738344,169.863,108.458,32.4691,12.0592,174.883
18455_5898_x14920_y13352,9.0,599.0,2687.08,1194.39,3317.25,10646500000.0,66826.0,111.563,146.43,0.797543,1869.29,27.2237,17.5915,1.0,53.0,0.110331,0.0882203,0.0,0.686198,2695.24,1402.81,0.0,3732.82,4998.02,2907.12,13.7286,10056.4,0.722034,0.448758,0.0,1.0,80.4227,32.7477,0.668551,175.05,73.3704,37.3029,2.80276,171.614,112.971,27.9825,39.432,167.865,114.682,31.8695,4.73868,173.046
18465_00084,9.0,533.0,1331.24,3898.65,2866.42,14876800000.0,62974.3,118.151,165.916,0.364539,1915.56,11.7617,6.26524,1.0,27.0,0.107847,0.0788818,0.0,0.598872,2222.06,1177.7,0.0,3558.59,5066.75,2738.04,10.0015,7824.73,0.71374,0.452877,0.0,1.0,75.9251,32.5711,0.744393,165.192,64.467,29.7949,8.93682,167.55,114.845,28.68,6.67307,169.429,120.744,26.4175,20.4846,168.177
18453_7304_x11719_y3749,7.0,175.0,724.32,721.555,577.02,301572000.0,24908.2,142.332,153.443,0.966032,790.856,5.72,2.35777,1.0,11.0,0.157635,0.127815,0.0,0.632317,118.821,96.8165,0.0,387.105,396.651,304.782,11.1635,1314.4,0.702381,0.459957,0.0,1.0,74.8206,28.1913,12.0351,160.936,72.7398,32.4829,11.1805,152.218,117.516,23.1937,60.0423,157.48,106.215,29.03,17.0887,155.385
18868_6405_x11428_y4397,9.0,777.0,4127.63,6347.35,3086.62,80867900000.0,76563.8,98.5377,208.979,0.573909,2682.55,14.1943,7.61574,1.0,34.0,0.12499,0.0941095,0.0,0.667276,1869.77,1901.14,0.0,5829.79,4519.2,4443.78,10.1064,11994.3,0.739583,0.439435,0.0,1.0,79.0904,32.4888,1.19941,177.262,76.1697,33.3506,6.14495,168.165,111.897,29.1606,18.6688,170.529,108.537,32.1375,1.02622,168.064
18868_2924_x10668_y9719,7.0,505.0,1388.28,1146.4,1012.15,1610860000.0,35878.1,71.0457,78.4135,0.603995,404.976,10.5644,4.884,1.0,24.0,0.123879,0.0845512,0.0,0.55482,368.643,190.033,0.0,797.311,769.934,393.29,15.0151,1972.79,0.73494,0.442254,0.0,1.0,75.2216,30.8395,1.60146,172.333,70.9561,32.1496,9.19463,169.727,115.289,28.3407,1.02459,165.29,115.955,28.0798,15.9682,168.277
18454_00066,10.0,458.0,2152.76,1819.85,2582.9,10119000000.0,32496.6,70.9533,124.549,0.582193,2089.45,18.179,14.5403,1.0,54.0,0.103648,0.0869288,0.0,0.586898,2329.86,1194.47,0.0,3207.19,3647.12,1901.14,15.1275,5628.78,0.741071,0.439027,0.0,1.0,80.3726,33.4344,3.24055,176.414,74.8366,37.5901,3.61041,166.613,112.672,27.575,23.0502,164.482,113.418,30.6379,10.9469,166.911
18464_00088,5.0,483.0,4066.44,1480.26,1539.32,9265770000.0,24841.7,51.432,103.025,0.858991,1382.69,16.7391,10.1324,1.0,38.0,0.127356,0.104664,0.0,0.627279,2522.41,1696.38,0.0,4084.37,3767.73,2496.78,11.5445,6836.61,0.799163,0.401467,0.0,1.0,75.4683,34.7973,0.235906,160.394,75.2174,35.3643,5.55437,162.898,108.408,34.6745,12.5944,167.013,108.275,34.7969,10.2646,163.209
18453_5766_x31719_y6139,9.0,253.0,1879.4,1829.44,7533.0,25900300000.0,39955.4,157.926,562.806,1.81634,8647.8,7.3083,3.82968,1.0,16.0,0.124875,0.107394,1.51524e-05,0.879336,225.802,617.076,0.0,6821.09,531.487,1030.12,11.266,9300.95,0.688525,0.465006,0.0,1.0,78.5771,30.2579,17.6033,175.284,78.4511,33.6815,9.89322,166.974,114.269,30.1447,19.891,164.134,106.801,32.7528,25.6619,167.905
18453_6846_x11548_y2831,6.0,232.0,1065.12,983.6,2300.34,2409960000.0,37252.2,160.57,237.031,2.75919,2487.91,9.88793,6.75582,1.0,24.0,0.131999,0.107701,0.000120435,0.789179,235.624,185.194,0.0,707.659,654.664,577.46,6.05351,3562.07,0.707965,0.456724,0.0,1.0,79.1448,30.5535,18.4688,174.745,83.1642,38.7972,5.45406,170.796,112.778,28.0744,27.5903,158.377,104.809,33.7202,19.6169,167.935
18453_5535_x29214_y5045,5.0,159.0,1667.95,1274.51,1327.83,2822730000.0,27980.3,175.977,241.936,1.03693,2153.18,7.30189,4.07175,1.0,17.0,0.13587,0.105656,1.67849e-06,0.64504,331.94,441.924,0.0,1471.86,915.36,984.268,8.12958,3417.55,0.779221,0.417492,0.0,1.0,83.0881,24.0498,28.0444,127.479,77.0323,32.3302,18.9288,171.36,110.902,26.0655,11.0323,160.28,103.106,31.7155,26.8139,158.321
18465_00145,5.0,437.0,2747.78,2570.79,3186.99,22512800000.0,63670.5,145.699,264.008,0.775492,3550.7,10.8627,4.9949,1.0,21.0,0.152546,0.114031,0.0,0.692184,1951.86,1029.16,0.0,2889.06,6622.15,3886.5,11.9347,11024.7,0.703704,0.457684,0.0,1.0,77.5079,31.6536,4.96827,169.842,77.4959,37.1902,5.56698,172.615,114.079,24.8046,26.1492,162.794,106.642,29.4469,14.5669,162.104
18465_00155,6.0,470.0,563.64,839.95,1267.97,600294000.0,17127.6,36.4416,44.2201,0.524535,542.192,14.0426,7.68117,1.0,32.0,0.133834,0.112965,0.0,0.751991,555.647,421.821,0.0,1364.31,944.846,639.147,10.5985,2197.49,0.75431,0.431426,0.0,1.0,84.5925,32.0402,12.2434,163.689,82.248,32.5165,1.37611,168.797,105.655,28.4501,32.7924,166.476,100.514,31.1398,20.7846,160.37
18461_3871_x7813_y3857,8.0,528.0,4024.07,2693.22,7300.58,79121500000.0,79894.5,151.315,289.81,0.906884,4379.32,11.322,6.07781,1.0,25.0,0.107755,0.0900625,0.0,0.767396,757.554,999.407,0.0,4278.39,1392.58,1571.05,12.6016,7935.25,0.703846,0.45744,0.0,1.0,66.9451,31.6732,3.24573,162.847,64.9004,30.2363,7.9503,177.453,124.237,27.2131,34.119,172.831,118.053,30.1846,11.0448,171.996
18457_00077,5.0,397.0,607.66,646.59,930.72,365686000.0,13628.1,34.3277,41.6802,0.483476,369.902,16.8539,11.0323,1.0,48.0,0.149586,0.137963,0.0,0.736848,476.052,308.359,0.0,922.308,830.77,543.379,11.8553,2362.47,0.790816,0.407767,0.0,1.0,83.4829,34.5282,17.266,170.609,84.2059,37.9061,16.243,172.85,108.331,30.3231,25.6518,163.512,100.757,34.1644,10.7928,161.89
18454_01127,8.0,396.0,3118.95,3475.12,2103.66,22801000000.0,45340.9,114.497,270.288,0.936221,5006.31,12.5909,6.06541,1.0,28.0,0.0948402,0.0763698,0.0,0.499045,2864.2,1219.48,0.0,3730.99,5779.68,2449.19,11.6982,7675.64,0.71134,0.454312,0.0,1.0,76.7248,31.6955,4.56126,166.261,68.638,31.8427,7.29162,174.763,115.749,29.4593,1.42943,165.715,117.135,29.9874,15.7479,165.313
18462_00013,10.0,444.0,1490.9,2544.55,1621.2,6150300000.0,40050.8,90.2046,144.838,1.15148,2517.01,11.3423,5.69344,1.0,24.0,0.0780914,0.0663559,2.48374e-05,0.549785,1769.03,991.443,0.0,2663.58,3295.13,1802.37,15.9255,4888.21,0.718894,0.450579,0.0,1.0,73.7408,29.9704,8.27042,172.135,62.756,29.111,3.67802,155.774,118.201,25.3272,24.3173,165.743,124.198,25.0921,38.1801,170.816
18458_00492,7.0,499.0,1418.79,2858.37,1803.47,7313840000.0,44791.4,89.7623,147.754,0.674185,2501.58,12.0782,5.62766,1.0,22.0,0.10953,0.0812638,0.0,0.652441,1866.15,1086.84,0.0,2888.59,3246.4,1863.75,15.8446,5276.06,0.703252,0.457756,0.0,1.0,72.0884,30.2281,0.0279856,155.584,67.1553,30.2128,11.9691,156.812,117.621,29.2681,10.5224,173.061,119.296,28.7461,16.7087,172.806
18465_00233,8.0,502.0,1509.24,3968.75,2181.02,13063900000.0,46041.2,91.7156,144.936,0.821886,1629.67,11.8845,6.44512,1.0,24.0,0.110453,0.0995046,0.0,0.686297,2139.36,1595.64,0.0,3899.89,4102.39,3052.44,8.19948,7241.71,0.692308,0.462476,0.0,1.0,69.5819,31.9212,0.794103,153.461,64.4008,31.2786,3.49556,169.388,119.953,29.1015,12.2503,176.433,120.46,26.4447,26.9094,171.385
17109_4764_x6621_y5727,4.0,414.0,2345.19,2979.38,2405.96,16810900000.0,121434.0,293.319,362.589,3.20247,2440.9,9.63768,3.88816,1.0,19.0,0.135932,0.111212,3.38769e-05,0.600479,1064.98,651.621,0.0,2034.04,2559.61,1908.28,13.8741,6934.24,0.692683,0.462511,0.0,1.0,66.7391,26.1155,4.66765,138.113,72.4345,35.153,3.71179,174.601,123.251,23.0562,56.9913,172.626,107.754,33.7578,5.99731,165.327
18463_00042,3.0,219.0,3832.1,2410.62,1484.55,13713900000.0,26898.9,122.826,255.599,2.56565,1674.52,8.85388,5.27906,1.0,21.0,0.115015,0.114493,1.28908e-05,0.971271,1087.41,1244.44,0.0,3189.52,2730.59,3597.36,7.6322,10728.5,0.694444,0.46279,0.0,1.0,62.5947,29.6768,0.312484,157.47,67.7426,30.8103,6.01053,140.321,122.363,29.0903,26.2365,168.57,111.707,32.6766,21.8822,165.621
17545_00154,7.0,455.0,2940.95,2450.88,1564.09,11273800000.0,47385.8,104.145,178.773,0.787438,2472.67,18.8945,9.18015,1.0,38.0,0.115645,0.0813136,0.0,0.48539,2249.0,1109.78,0.0,3243.96,5096.47,2538.35,13.8913,8111.66,0.714286,0.452766,0.0,1.0,77.5179,32.562,7.21762,164.288,67.5347,32.3366,7.93066,156.154,113.078,29.9489,1.16403,171.113,118.025,29.4661,12.7916,167.431
18453_3841_x9500_y7920,3.0,267.0,946.2,1277.3,1959.62,2368360000.0,30309.1,113.517,144.634,0.559375,1349.54,8.20599,3.45523,1.0,16.0,0.136586,0.102495,0.0,0.520043,211.951,217.306,0.0,1509.25,489.812,418.251,20.1359,2122.1,0.719697,0.450858,0.0,1.0,77.0124,29.6038,30.345,157.851,73.6538,34.5981,2.12195,163.085,114.136,27.4817,21.7705,157.536,110.135,28.8993,17.9006,164.218
18463_00052,6.0,238.0,3479.13,2663.75,2370.3,21966800000.0,33997.4,142.846,377.449,1.06299,5273.34,5.77311,2.44237,1.0,13.0,0.119472,0.0944494,5.43648e-06,0.529292,1456.47,1528.87,0.0,3432.11,3241.78,3335.06,7.86726,8051.82,0.672414,0.471369,0.0,1.0,60.5674,31.1763,6.8284,170.225,61.2309,29.8733,3.90768,165.666,126.809,25.6185,39.8567,172.242,125.261,26.4014,34.5855,171.77
17545_00144,6.0,212.0,1651.16,1536.98,959.16,2434160000.0,24914.9,117.523,156.301,0.145744,1418.65,9.00943,4.7166,1.0,21.0,0.217558,0.141622,0.0,0.696146,486.81,621.42,0.0,1636.52,969.828,844.326,0.360213,2809.86,0.747573,0.436529,0.0,1.0,88.4944,36.8176,7.28267,162.519,87.4176,36.9627,12.3061,176.298,101.942,32.011,0.879604,162.017,86.9421,34.5035,13.997,158.878
191812_6084_x5026_y7787,10.0,780.0,4374.21,5039.53,10251.1,225974000000.0,138568.0,177.652,357.341,1.05304,5311.23,11.8179,5.42757,1.0,25.0,0.112797,0.0975558,8.60333e-07,0.664485,2360.67,3005.81,0.0,8961.14,3954.44,4863.36,12.9857,16100.4,0.716883,0.451099,0.0,1.0,74.9201,30.8162,6.76066,175.117,69.6997,37.9271,5.26244,172.974,114.815,27.7948,27.0861,168.066,111.747,33.299,6.29438,174.051
18457_00083,8.0,516.0,1403.33,2435.88,1296.95,4433420000.0,36219.6,70.193,137.789,0.328497,2774.01,15.9341,9.84381,1.0,38.0,0.111591,0.0912996,0.0,0.615547,1877.31,1031.42,0.0,2687.64,3669.33,2018.91,9.91141,5896.17,0.708661,0.455276,0.0,1.0,78.6992,35.7479,7.66378,171.97,74.7624,35.4407,9.12468,173.86,111.045,33.0704,12.1745,165.24,111.658,31.555,16.8935,169.959
18869_6291_x15236_y3478,11.0,733.0,6408.75,6818.59,3672.0,160461000000.0,132282.0,180.466,336.795,0.640547,4078.78,13.8158,8.45255,1.0,37.0,0.0921595,0.0757685,0.0,0.616248,2301.89,2478.58,0.0,6376.92,4335.52,4510.01,14.719,12165.1,0.720222,0.449513,0.0,1.0,72.7006,33.28,1.04365,172.778,61.8021,32.5949,3.192,174.608,118.279,29.8573,0.363819,172.062,121.171,28.9022,15.986,169.846
18455_00037,6.0,450.0,4122.14,2006.75,1875.07,15510800000.0,21696.5,48.2143,109.267,0.223153,1618.92,13.0667,7.97435,1.0,34.0,0.12556,0.113648,0.0,0.689958,1908.89,1517.78,0.0,4603.63,2416.16,1861.53,15.6782,6562.56,0.756757,0.43001,0.0,1.0,74.9144,35.4532,0.501862,151.357,78.0128,36.3959,5.07384,167.347,111.018,32.0337,8.11314,170.994,106.47,33.8462,18.0486,166.264
18869_00024,7.0,423.0,1308.56,1525.68,2875.1,5739980000.0,28602.6,67.6183,123.68,1.27478,1201.1,8.91489,3.37854,1.0,17.0,0.0949188,0.0856205,1.63038e-06,0.695428,1021.0,374.437,0.0,2025.71,1663.45,603.567,17.0095,4263.83,0.697115,0.460614,0.0,1.0,81.5552,28.4571,11.5955,175.451,74.0369,31.8609,14.5034,174.106,114.292,25.448,20.5529,157.569,113.633,27.9827,36.2455,164.889
18868_5701_x9538_y5736,9.0,581.0,4419.01,6669.99,3441.59,101440000000.0,81930.4,141.016,268.747,0.899241,3638.01,11.7711,5.29745,1.0,23.0,0.118927,0.0863308,0.0,0.577939,2075.7,1764.78,0.0,6974.07,4576.39,3756.96,12.9556,11579.8,0.730769,0.444338,0.0,1.0,80.2867,31.0039,3.90857,169.023,71.6455,34.2703,1.96349,179.039,109.616,29.6152,17.2445,168.302,110.659,31.5069,3.90428,174.629
18453_3810_x16082_y20891,5.0,211.0,1288.54,1154.32,837.35,1245460000.0,14222.2,67.4037,72.5024,0.668037,426.241,12.3934,7.93016,1.0,31.0,0.1494,0.122303,0.0,0.619223,555.992,456.746,0.0,1549.4,973.945,658.051,10.5812,2379.37,0.796117,0.404853,0.0,1.0,87.0374,30.3198,18.2383,151.238,86.227,36.5934,8.19343,164.813,102.462,31.7304,18.7199,164.3,95.1522,34.6824,16.4402,164.845
pre_18458_00357,2.0,52.0,906.95,311.1,789.11,222649000.0,4111.78,79.0727,115.779,2.30129,593.441,4.53846,1.66229,1.0,7.0,0.141012,0.0794335,0.000108791,0.398882,206.991,266.157,0.0,1038.88,379.349,416.907,30.0896,1662.59,0.76,0.43589,0.0,1.0,82.322,32.3165,6.4588,140.368,67.8708,43.234,10.9902,137.584,110.798,29.2311,52.6783,157.852,119.367,36.9534,12.1198,174.19
18869_5941_x16325_y2938,9.0,613.0,836.34,676.0,492.63,278516000.0,29118.1,47.501,47.9706,1.21084,287.792,11.3719,5.6933,1.0,29.0,0.102723,0.0774589,2.37055e-07,0.425872,159.837,107.893,0.0,586.119,328.048,169.578,15.5711,999.359,0.771523,0.420548,0.0,1.0,82.5891,31.5951,1.0972,166.732,74.8179,31.2486,8.61528,169.844,110.444,28.3989,12.772,174.923,113.34,26.9379,24.0471,173.868
18454_00092,7.0,287.0,3968.03,2506.29,1398.11,13904300000.0,20581.8,71.7136,117.593,2.02443,877.575,22.8537,15.7846,1.0,55.0,0.181156,0.138778,1.36827e-05,0.817819,2156.9,1697.84,0.0,4407.81,4283.04,3181.14,17.947,8744.5,0.807143,0.395959,0.0,1.0,86.4476,38.2257,4.06279,172.71,83.658,40.0266,3.10801,174.19,102.588,32.3651,3.22287,172.634,93.4478,37.2443,7.10432,164.645
17302_00108,4.0,268.0,1696.16,1652.06,829.11,2323300000.0,18047.5,67.3414,100.079,1.20088,1138.48,12.097,5.86856,1.0,24.0,0.182716,0.141511,1.60249e-05,0.791204,1048.16,788.871,0.0,1876.42,2016.81,1381.66,10.6994,3791.4,0.765152,0.425519,0.0,1.0,81.0054,37.2885,4.15806,163.751,78.1857,40.0881,11.4756,178.607,105.775,36.2226,5.21595,166.167,97.0526,35.5816,8.19502,171.169
17302_00118,7.0,359.0,2621.11,3567.7,2499.03,23369300000.0,36902.7,102.793,332.661,0.876481,5909.73,10.6713,8.25995,1.0,31.0,0.123053,0.0948651,0.0,0.584354,1643.03,1395.37,0.0,3102.52,4835.5,4110.2,13.1495,9452.04,0.732955,0.443679,0.0,1.0,73.4971,33.0599,2.63436,170.237,69.0571,34.1102,3.71707,170.237,117.018,30.5864,2.91815,174.041,116.872,30.9734,24.4347,165.011
18465_00070,7.0,577.0,4026.81,3179.88,1970.0,25225400000.0,70391.0,121.995,235.771,0.671749,4106.9,17.5511,10.9686,1.0,45.0,0.104591,0.0940055,0.0,0.903162,2628.42,1697.08,0.0,4183.99,6715.05,4387.62,6.82783,11086.6,0.715789,0.451831,0.0,1.0,71.0311,32.5029,8.01965,167.411,66.9383,32.1639,2.49578,161.222,120.389,28.4769,9.23226,170.535,117.13,30.5269,15.0524,168.136
18867_7924_x22262_y16755,8.0,2628.0,5409.9,3775.94,3305.23,67517400000.0,113631.0,43.2386,65.0068,0.0800781,1393.42,21.1705,11.1189,1.0,57.0,0.132318,0.096516,0.0,0.860207,2297.43,872.824,0.0,4495.03,3922.73,1510.53,33.359,7226.48,0.738168,0.4398,0.0,1.0,83.8089,31.2128,1.01968,176.969,81.3211,33.9711,4.02685,177.579,108.462,27.752,0.995131,170.775,103.785,31.078,5.22871,174.681
18864_2520_x2913_y22642,7.0,611.0,4495.68,4231.12,6223.94,118390000000.0,101180.0,165.597,296.144,1.40617,3918.9,11.4943,6.6326,1.0,28.0,0.140279,0.0983298,9.35201e-06,0.562202,963.352,1239.23,0.0,4261.41,2078.67,2684.4,11.1285,8323.97,0.705298,0.456665,0.0,1.0,69.1527,33.4407,0.12938,164.828,62.8692,31.5163,5.19906,152.796,115.887,31.0264,11.2771,171.728,119.699,30.028,8.13792,174.51
18454_00143,9.0,337.0,2599.58,1134.08,3026.08,8921270000.0,38949.6,115.578,151.752,0.980479,1158.78,11.5163,6.58781,1.0,27.0,0.1003,0.0722508,0.0,0.478444,2168.37,1501.35,0.0,3671.19,3889.45,2674.26,10.7837,6579.2,0.719512,0.450613,0.0,1.0,72.1969,28.9091,6.76508,167.146,63.0557,31.7134,4.92031,174.906,119.554,28.0578,14.4455,164.912,122.305,26.1947,15.7332,165.997
18454_00153,8.0,568.0,2944.0,1503.9,2794.33,12371800000.0,38316.4,67.4585,117.587,0.264196,1514.8,19.6514,12.4207,1.0,44.0,0.106466,0.0952675,0.0,0.611496,2703.75,1423.5,0.0,3757.05,4689.05,2490.99,8.43194,7420.84,0.739286,0.43981,0.0,1.0,81.9729,38.9818,0.288266,174.839,72.9646,38.354,0.626371,174.774,106.157,35.2211,3.43894,170.475,112.846,34.9496,5.47141,171.305
17545_00095,8.0,654.0,2923.85,2815.38,2220.25,18276500000.0,50154.2,76.6883,177.501,0.940061,3526.04,13.9266,7.77364,1.0,31.0,0.135526,0.0982543,0.0,0.787597,1988.91,1150.16,0.0,3067.64,5461.53,3237.7,12.9664,9075.89,0.721362,0.449024,0.0,1.0,72.3328,36.28,0.735879,175.832,69.8277,36.7281,5.11714,169.984,111.63,34.699,0.474648,173.331,113.247,32.9595,7.21718,163.773
18453_4749_x31789_y8895,6.0,176.0,617.79,857.52,993.72,526440000.0,22531.9,128.022,137.028,0.861804,662.269,7.02273,3.61893,1.0,14.0,0.146612,0.105214,0.0,0.523324,120.139,106.19,0.0,477.273,495.563,404.439,12.1749,1768.18,0.741176,0.440588,0.0,1.0,83.1641,38.969,2.14368,176.335,74.8759,35.3854,13.8951,163.205,110.739,32.9349,26.3036,159.327,103.49,35.775,19.1352,164.65
17545_00085,7.0,667.0,4416.87,2038.56,3280.67,29539300000.0,77972.3,116.9,183.93,1.05102,2327.12,13.5487,6.75273,1.0,29.0,0.124733,0.0834947,1.21521e-07,0.589147,2376.21,1419.87,0.0,4519.63,4799.41,2893.89,20.3234,9166.64,0.721212,0.449084,0.0,1.0,72.9903,32.7582,1.1083,168.522,68.1756,30.9247,7.18993,158.737,116.59,27.9299,18.3594,172.951,116.669,26.8982,17.8755,170.677
18457_00152,5.0,481.0,2578.48,2095.35,1509.65,8156360000.0,32718.6,68.022,174.957,0.417315,3671.43,18.2931,9.17988,1.0,39.0,0.111925,0.100098,0.0,0.816768,2379.71,1158.66,0.0,3139.55,4125.89,2007.24,12.8037,6111.39,0.676471,0.468809,0.0,1.0,81.5839,34.6018,3.79887,178.165,75.8758,36.0459,10.9512,171.5,109.001,31.4444,10.1602,174.193,110.141,31.1371,10.2026,164.426
18454_01012,11.0,385.0,2056.7,2657.31,1134.33,6199440000.0,27869.9,72.3894,150.516,0.695909,2696.86,15.5558,10.3578,1.0,35.0,0.0995347,0.0860889,0.0,0.622071,2155.7,1293.4,0.0,3190.83,3796.42,2270.58,7.2169,6162.4,0.727273,0.446557,0.0,1.0,83.7755,37.4077,2.70229,173.591,75.608,42.3905,4.03744,176.543,112.52,30.5564,26.6598,162.666,111.845,32.9536,15.2317,163.507
17109_4772_x9038_y27257,8.0,466.0,4330.49,3624.4,4298.87,67472500000.0,151318.0,324.717,396.128,1.7232,3326.33,8.59227,3.35323,1.0,15.0,0.157347,0.119743,1.49988e-05,0.773139,2150.31,1326.15,0.0,4950.31,3638.63,2177.79,14.0869,8144.41,0.69869,0.459832,0.0,1.0,63.7135,30.8698,2.83805,164.15,67.7987,36.9773,2.49814,166.68,122.945,25.7611,45.1914,176.492,110.451,32.29,14.0746,171.37
182724_5793_x8695_y5510,13.0,649.0,7163.02,6263.56,7722.91,346496000000.0,118804.0,183.056,357.024,0.770877,4948.54,14.5871,9.36794,1.0,32.0,0.104501,0.0793823,0.0,0.658922,1944.01,2502.6,0.0,9135.1,3482.62,4594.76,15.4001,15391.6,0.732704,0.443245,0.0,1.0,75.6206,30.6432,0.197755,163.201,70.3104,33.5588,4.71564,170.138,114.23,28.3549,6.62898,170.658,114.278,30.2431,12.8749,170.535
18868_3875_x8707_y8341,5.0,353.0,5058.99,5280.1,2884.48,77050200000.0,36868.2,104.442,262.563,0.757585,3352.19,9.33994,4.83806,1.0,21.0,0.145603,0.132496,0.0,0.946149,1125.79,1910.58,0.0,6711.79,1798.89,2760.09,14.7116,9295.89,0.729885,0.4453,0.0,1.0,80.1055,35.8895,1.12231,167.376,79.0147,37.9547,7.90636,171.691,110.116,32.7602,3.05625,162.787,106.613,32.7538,22.2239,169.012
18457_00142,3.0,377.0,2203.75,991.99,595.69,1302240000.0,15954.3,42.319,85.2415,0.65601,1444.13,14.1883,9.07762,1.0,37.0,0.133463,0.118489,0.0,0.707415,1129.53,795.833,0.0,2018.57,1687.41,1147.03,9.42702,3483.43,0.802139,0.399456,0.0,1.0,86.0121,37.3229,9.01266,168.565,85.2847,39.8282,8.61454,168.033,101.014,34.4564,12.9902,164.11,96.9828,36.9117,0.855323,159.204
18454_01060,11.0,585.0,2321.31,2567.89,2753.48,16413100000.0,53151.9,90.858,125.915,0.555005,1964.74,10.9009,4.98255,1.0,20.0,0.092678,0.0657235,0.0,0.76643,2253.43,1232.56,0.0,3343.29,3395.72,1846.34,7.95826,5390.53,0.700348,0.458906,0.0,1.0,75.4798,29.8806,0.493029,165.18,64.814,28.8567,6.04811,168.527,115.218,28.7163,14.3424,174.702,122.275,24.8351,24.8084,163.272
18457_00048,6.0,314.0,1102.24,2653.33,974.84,2851020000.0,22743.9,72.4328,199.682,0.85104,3403.32,13.0,8.50934,1.0,32.0,0.121333,0.107949,0.0,0.638252,1634.37,1074.95,0.0,2600.05,3392.04,2183.02,11.645,5683.56,0.753247,0.432528,0.0,1.0,78.0685,36.5661,14.2487,176.054,72.6959,36.9363,9.07485,170.406,114.546,31.3193,0.644947,167.724,114.376,32.7148,20.4591,166.054
18454_01118,10.0,288.0,554.27,3241.65,1225.4,2201740000.0,23181.2,80.4901,250.327,1.85115,4141.13,7.98611,3.76114,1.0,17.0,0.105684,0.0909341,3.40221e-05,0.571083,2112.46,1193.02,0.0,2954.74,4154.41,2303.57,10.5685,5973.48,0.683453,0.466811,0.0,1.0,75.8193,28.7111,10.2156,161.831,66.7778,33.3605,4.33279,155.047,117.149,27.1268,14.6075,162.783,117.45,27.8559,28.5252,170.665
18457_00058,9.0,357.0,978.1,2113.8,1868.67,3863490000.0,31848.3,89.2111,151.501,0.371403,2424.03,13.4762,8.18553,1.0,33.0,0.115068,0.0958907,0.0,0.65646,1654.12,882.191,0.0,2403.18,3218.73,1729.12,11.0269,5129.5,0.718391,0.451082,0.0,1.0,81.7284,33.6841,10.6152,171.239,75.216,36.109,2.60502,168.177,109.024,30.9294,3.28814,169.564,112.694,31.9969,21.9268,171.996
18457_00120,3.0,515.0,1811.54,3633.93,3604.76,23730200000.0,47680.7,92.5838,184.709,0.466403,2887.93,11.0777,4.31153,1.0,20.0,0.114512,0.0906403,0.0,0.669279,2469.62,1455.65,0.0,3700.89,5398.49,3162.04,6.61663,8282.21,0.703125,0.457776,0.0,1.0,75.3521,31.9477,0.39843,173.442,67.8612,31.1951,2.92878,172.667,115.465,28.3354,0.407683,167.278,115.365,27.8715,19.9564,166.5
18454_01108,9.0,663.0,1094.72,3047.04,2323.32,7749790000.0,53485.8,80.6723,111.475,1.26221,1255.84,12.2971,5.56891,1.0,26.0,0.0816293,0.0634777,1.13534e-05,0.474493,2004.52,1007.59,0.0,3035.83,3705.72,1893.7,13.8353,5674.99,0.724771,0.447314,0.0,1.0,75.9178,27.6077,11.7743,159.658,66.4081,29.4007,5.64719,166.576,118.545,25.0033,9.72117,164.295,120.883,26.5777,13.7658,164.313
18867_3758_x14594_y6944,10.0,768.0,10815.4,6510.32,4540.23,319686000000.0,124438.0,162.028,266.085,0.790293,2931.79,16.5417,8.07387,1.0,34.0,0.127804,0.0979661,0.0,0.789765,4004.1,3456.78,0.0,10285.4,6655.88,5569.02,13.0898,16721.7,0.733509,0.442708,0.0,1.0,75.4838,30.4598,1.35835,163.099,69.9699,34.4947,0.182229,170.357,114.324,28.4069,18.673,176.718,112.344,32.3039,5.97638,172.571
17543_4868_x6727_y21047,5.0,261.0,823.75,1258.33,1700.58,1762740000.0,36047.6,138.113,172.715,1.68459,1252.46,9.88123,4.90969,1.0,22.0,0.160045,0.119061,1.60381e-06,0.596816,205.395,166.705,0.0,827.8,694.794,623.968,14.4178,2834.52,0.757812,0.430091,0.0,1.0,84.5881,39.9467,7.80577,173.015,78.8477,41.8448,4.1305,167.789,104.396,33.2922,13.5449,165.144,102.537,36.7988,8.40865,176.237
18869_4453_x9586_y8809,5.0,527.0,1687.3,1739.66,1385.32,4066370000.0,32134.3,60.976,99.7695,0.928434,1195.3,15.4858,9.94716,1.0,40.0,0.108353,0.0906188,0.0,0.78095,1273.55,481.706,0.0,1974.18,1983.71,818.808,15.8027,3365.5,0.716475,0.451575,0.0,1.0,81.5814,32.3666,3.82252,167.444,79.3551,38.7211,7.19184,162.259,109.884,28.905,5.56492,166.858,107.078,32.9794,13.0594,165.444
18454_00059,7.0,351.0,2342.25,3486.15,1933.48,15787700000.0,44381.4,126.443,309.095,0.455159,5151.41,9.66667,4.97479,1.0,20.0,0.0936387,0.0906979,0.0,0.717413,1609.65,1115.85,0.0,2693.78,5183.3,3770.63,16.4638,9196.93,0.726744,0.446932,0.0,1.0,74.2549,34.7387,2.02208,172.176,67.6213,31.6922,3.79451,167.57,113.677,32.7473,4.91528,165.115,118.424,29.3387,23.7464,169.712
18454_00049,4.0,204.0,2295.99,1667.97,814.21,3118130000.0,17894.0,87.7159,178.666,0.690699,2206.19,12.9706,6.95298,1.0,27.0,0.129631,0.0984835,0.0,0.516709,641.361,824.731,0.0,2170.72,1283.83,1362.51,10.8037,4307.91,0.75,0.435194,0.0,1.0,79.5334,35.2078,4.06682,158.044,81.6108,37.5064,14.6484,165.28,108.952,30.7857,25.9671,164.543,104.237,33.4657,10.1704,165.3
pre_18465_00368,2.0,60.0,1382.04,1055.36,1198.01,1747360000.0,8419.39,140.323,204.836,1.25553,1348.57,4.8,1.97269,1.0,10.0,0.128397,0.0969253,9.30332e-06,0.551901,248.883,344.587,0.0,1175.65,576.212,752.964,19.8555,3305.07,0.724138,0.454859,0.0,1.0,89.0226,51.2534,0.646816,175.713,71.1699,41.584,11.8648,155.841,91.109,39.4654,8.27994,162.441,105.932,42.2011,8.44001,166.974
18454_00131,9.0,659.0,4171.21,2037.48,3042.94,25861200000.0,69128.3,104.899,185.327,0.835102,3626.92,17.3399,11.6512,1.0,46.0,0.0996385,0.0918983,0.0,0.66123,3191.2,1871.62,0.0,4669.71,5753.21,3381.5,18.0463,9842.79,0.732308,0.443439,0.0,1.0,79.365,34.8609,7.82286,173.169,73.5844,34.3963,8.60939,179.14,110.862,33.7729,0.8276,163.653,115.278,29.8148,5.90144,162.588
18868_2225_x15897_y10006,6.0,478.0,632.05,1107.04,573.47,401260000.0,31012.9,64.8806,70.2217,0.51035,471.087,11.2427,4.20737,1.0,21.0,0.106729,0.0770379,0.0,0.529533,227.56,130.015,0.0,652.126,414.564,182.978,15.831,948.302,0.733051,0.443306,0.0,1.0,74.3022,29.7071,1.17455,169.914,68.002,29.0794,6.23767,157.219,116.036,28.7937,3.2244,165.588,118.544,25.0428,29.3045,164.366
17302_00002,3.0,221.0,4040.07,974.31,1821.9,7171510000.0,17807.4,80.5766,222.036,0.606502,2207.99,11.0452,6.13764,1.0,22.0,0.172576,0.134147,0.0,0.637157,2270.02,1965.05,0.0,4218.56,3605.69,3053.06,10.9333,6926.94,0.724771,0.448693,0.0,1.0,77.323,35.3621,5.18686,161.335,75.1342,38.8654,1.82195,163.322,107.382,37.7485,2.33154,162.699,106.357,33.8261,17.283,163.873
17781_3668_x9453_y17266,7.0,327.0,2998.52,1995.76,2894.58,17322100000.0,41882.8,128.082,269.174,1.20164,4288.13,9.02446,4.45558,1.0,22.0,0.172114,0.117041,2.76568e-05,0.672384,290.411,211.339,0.0,1156.75,946.6,711.183,18.5498,4483.26,0.725,0.447916,0.0,1.0,85.0662,29.3297,14.2277,164.042,78.4538,32.6412,7.94557,173.074,106.26,26.526,30.8492,163.158,100.405,33.7121,21.0473,164.181
17781_00004,10.0,162.0,4294.43,2807.4,1318.59,15897200000.0,34967.9,215.851,453.763,0.870964,3762.46,5.96296,3.44773,1.0,13.0,0.170377,0.155187,0.0,0.775204,1312.03,1613.88,0.0,4123.08,2174.67,2584.9,12.1021,7305.12,0.789474,0.410391,0.0,1.0,70.6148,33.8866,8.50694,169.648,65.9168,38.7636,3.5575,163.639,111.04,38.1853,1.04527,162.321,107.31,39.9082,5.75959,163.834
18453_7146_x8788_y4552,8.0,370.0,2612.92,2160.17,2008.66,11337600000.0,54593.0,147.549,206.139,0.797134,1631.19,10.5297,5.54855,1.0,23.0,0.118905,0.090426,0.0,0.587751,600.76,472.275,0.0,1485.71,1425.53,1223.17,18.4125,4017.8,0.745856,0.436586,0.0,1.0,74.4878,28.276,2.93862,153.626,75.9211,31.5411,3.92432,158.583,119.932,24.8664,40.1676,171.304,110.361,29.7715,9.48211,164.211
18867_4513_x27588_y6824,7.0,655.0,4596.47,5407.39,2674.91,66484600000.0,78389.6,119.679,232.28,0.726968,2822.45,12.8321,5.52773,1.0,25.0,0.111855,0.0919016,0.0,0.863921,1812.82,1813.72,0.0,6090.12,3692.31,3622.7,11.5601,9277.61,0.728395,0.445475,0.0,1.0,78.4001,30.0355,0.46911,175.437,71.377,32.5296,4.46919,161.054,112.687,27.5456,14.8604,174.351,110.334,30.0641,15.827,173.718
18455_00045,12.0,474.0,2092.72,3204.64,1855.24,12442000000.0,51527.9,108.709,256.721,0.861212,5230.15,17.73,9.53612,1.0,35.0,0.0957031,0.0674038,0.0,0.52924,1731.4,974.937,0.0,2689.62,5630.39,3296.91,13.2754,8192.35,0.727273,0.446329,0.0,1.0,71.6148,30.9018,2.70162,177.006,62.1545,28.5345,5.01624,168.818,119.28,26.7803,37.3778,165.329,124.485,25.3012,34.3448,169.275
17300_3426_x20339_y44872,9.0,493.0,4343.65,3417.48,9720.9,144300000000.0,110652.0,224.446,549.731,0.934495,8964.43,9.86004,4.60632,1.0,21.0,0.172824,0.131719,0.0,0.721441,1760.6,2327.48,0.0,8921.02,2913.93,3141.32,8.4351,12190.1,0.714876,0.452409,0.0,1.0,71.7263,35.8144,0.266053,167.76,73.8278,39.2833,5.70267,175.538,112.619,32.7227,15.7458,169.802,104.733,36.2735,10.3513,170.888
17782_3253_x33739_y18314,6.0,482.0,4574.54,3699.12,4030.15,68197400000.0,108881.0,225.894,322.015,1.50117,2288.15,10.0124,4.11728,1.0,21.0,0.146317,0.101587,3.47351e-06,0.758098,1711.0,1133.0,0.0,3756.21,3775.66,2602.02,14.0098,8856.0,0.693277,0.462105,0.0,1.0,66.9804,31.3594,2.31067,159.439,64.9402,31.8534,1.70029,168.848,119.02,29.0019,25.7899,168.667,116.337,29.867,17.958,170.33
18457_00199,8.0,500.0,1104.19,2300.87,2758.4,7007970000.0,48139.3,96.2785,158.477,0.738402,2498.87,8.78,4.08865,1.0,22.0,0.10496,0.0845251,0.0,0.634301,1909.42,974.573,0.0,2855.13,3922.83,2077.18,17.2378,6166.82,0.723577,0.44814,0.0,1.0,72.479,31.1405,0.399077,158.247,66.0732,30.0546,5.16264,166.05,117.897,28.5999,20.993,171.933,118.905,27.5468,20.7312,172.089
18463_00020,4.0,262.0,4590.41,1487.84,1408.37,9618880000.0,22226.6,84.8343,277.964,1.14626,4266.16,13.6107,8.20576,1.0,32.0,0.127439,0.127727,1.3147e-05,0.713568,2026.66,1656.87,0.0,4289.27,4198.57,3201.75,8.51123,8472.91,0.806202,0.396814,0.0,1.0,86.8315,37.8508,1.82178,170.137,83.0839,44.725,0.59656,166.503,109.129,32.8271,26.9801,170.191,96.6865,37.1454,10.8995,166.084
17545_00136,6.0,176.0,1434.72,756.06,950.03,1030530000.0,9677.59,54.9863,120.251,0.789108,1520.71,8.20455,4.97344,1.0,19.0,0.166695,0.117987,0.0,0.56395,888.091,712.608,0.0,1581.22,1199.54,918.017,6.29315,2491.19,0.788235,0.410984,0.0,1.0,84.0929,32.039,21.2679,166.687,80.4155,31.8328,23.6025,164.074,108.074,25.5668,46.2046,154.536,105.942,31.2827,26.3878,151.822
18458_00241,5.0,567.0,3439.65,3331.72,2718.83,31157700000.0,56161.4,99.05,292.929,0.633573,6610.04,10.4321,3.97455,1.0,18.0,0.114727,0.085534,0.0,0.650229,2709.35,1432.66,0.0,3803.21,7038.57,3672.04,18.5625,9738.79,0.683274,0.46603,0.0,1.0,74.0941,32.4139,4.31907,165.328,68.6696,36.4779,5.2669,173.285,116.256,30.0355,27.4236,167.869,115.99,32.1694,22.8328,170.604
17787_00026,7.0,411.0,2230.07,1670.03,2063.75,7685990000.0,20323.4,49.4486,71.6306,0.884314,669.44,20.747,13.3436,1.0,49.0,0.14029,0.112796,0.0,0.651364,1391.81,850.07,0.0,2635.48,2783.77,1700.09,6.68648,5432.43,0.811881,0.391778,0.0,1.0,86.9396,35.4483,1.15778,174.722,84.915,39.6644,2.95708,171.698,101.491,31.5846,20.9947,160.209,96.6873,34.7624,2.02722,158.665
18453_7692_x10145_y15241,7.0,645.0,1944.78,1417.74,2397.75,6611060000.0,81896.7,126.972,177.298,0.879624,2066.15,18.0667,11.4787,1.0,46.0,0.177165,0.136016,0.0,0.795459,525.514,415.743,0.0,1538.55,2611.17,2673.85,10.8689,9020.38,0.736677,0.441128,0.0,1.0,85.6155,41.6417,1.25595,173.403,88.0712,44.1726,1.4822,177.794,99.1637,38.5703,1.63974,172.925,93.3891,38.0778,5.57186,167.472
191812_2734_x6259_y10487,13.0,533.0,4756.28,4730.01,8305.08,186841000000.0,120287.0,225.679,347.59,0.845533,4494.14,9.03752,4.3596,1.0,17.0,0.135756,0.0991711,0.0,0.76898,1219.78,1796.12,0.0,8358.06,2163.74,2589.26,11.9171,11268.5,0.723077,0.448341,0.0,1.0,68.5792,30.2038,2.49294,167.575,71.8026,34.1275,3.62908,172.923,121.133,26.3549,8.64322,173.072,110.667,29.2578,11.4066,161.309
17545_00126,5.0,159.0,4050.98,1209.24,1603.67,7855750000.0,16746.8,105.326,337.213,0.658116,3091.62,8.81132,5.4473,1.0,21.0,0.187995,0.152339,0.0,0.726649,2385.18,1921.49,0.0,4124.63,3271.38,2545.24,15.7825,6159.51,0.779221,0.417492,0.0,1.0,86.0799,36.7702,17.6581,165.656,84.137,37.5078,4.26714,165.698,106.806,34.3898,0.841203,164.171,97.6627,36.5824,10.4598,159.171
18464_00042,10.0,368.0,1159.82,2405.15,1670.63,4660290000.0,30618.8,83.2033,118.787,0.861563,1603.93,13.7826,7.91553,1.0,31.0,0.101658,0.0803697,0.0,0.497554,2025.47,971.441,0.0,2717.48,3639.06,1756.77,0.861563,6015.44,0.709497,0.455268,0.0,1.0,74.3341,34.9514,4.72363,169.44,71.9871,37.8899,1.99814,172.343,117.243,30.6547,2.85084,171.921,112.973,33.0093,20.2297,168.191
pre_18864_00457,7.0,277.0,2236.69,1898.12,1787.35,7588230000.0,51103.0,184.487,246.259,1.41298,2374.57,9.18051,5.65076,1.0,25.0,0.153533,0.1175,1.06688e-05,0.658536,423.787,405.479,0.0,2078.28,1565.28,1558.15,10.1945,5432.06,0.748148,0.435693,0.0,1.0,76.2453,32.7876,2.11907,167.495,70.9476,38.2098,3.38572,163.478,113.828,30.9339,0.194581,157.327,107.435,36.1438,22.9297,167.868
17543_3308_x10077_y3766,7.0,265.0,977.82,887.53,1196.35,1038250000.0,36403.5,137.372,159.247,1.20541,1078.83,8.16226,3.87104,1.0,16.0,0.17148,0.135099,1.34352e-05,0.65559,141.385,127.451,0.0,560.344,399.998,314.979,11.951,1435.64,0.736434,0.442284,0.0,1.0,77.3758,40.0123,0.791346,173.2,76.3814,37.8221,8.08971,165.8,108.919,33.9901,5.03258,165.641,102.417,37.2231,3.69247,168.608
18464_00052,8.0,394.0,1254.37,2784.98,1806.75,6311690000.0,34021.3,86.3484,161.167,1.07237,2441.45,11.6294,5.46185,1.0,24.0,0.100477,0.0721237,5.72559e-06,0.427188,1967.78,1061.44,0.0,2792.94,3999.94,2174.96,5.85603,5637.07,0.725389,0.447479,0.0,1.0,72.5422,29.4534,1.15746,151.025,63.3471,30.3129,5.00494,161.911,118.17,24.9197,33.7066,165.815,119.312,23.9956,51.9781,168.864
18869_4026_x21667_y6102,7.0,247.0,4397.07,4523.02,3299.78,65626200000.0,31029.8,125.627,373.782,1.39922,4834.68,7.93927,4.55503,1.0,18.0,0.124342,0.101255,5.92883e-06,0.559683,664.163,1141.32,0.0,6140.66,1291.57,2180.19,15.6321,8191.99,0.691667,0.463741,0.0,1.0,81.9443,28.0503,13.3771,140.103,72.3593,31.6188,1.65351,151.088,112.444,24.9683,24.8546,154.294,113.144,28.1144,47.906,168.793
18868_5686_x9887_y5415,8.0,654.0,6821.85,6818.4,3556.97,165449000000.0,108932.0,166.562,283.521,0.248313,2701.21,12.0673,5.37435,1.0,24.0,0.124235,0.0893989,0.0,0.566647,2323.64,1802.1,0.0,7052.83,4896.54,3709.25,18.473,11813.0,0.708978,0.454938,0.0,1.0,75.0952,30.9494,3.06437,174.8,69.1481,33.2011,2.5836,172.667,115.957,28.1317,2.02339,172.578,114.765,29.8547,21.9813,165.81
pre_18458_00369,3.0,27.0,138.76,380.57,224.16,11837400.0,2483.15,91.9684,81.5302,4.22019,372.141,3.0,1.20894,1.0,5.0,0.156998,0.154486,0.00783536,0.605706,62.1209,38.3397,0.0,130.749,226.034,147.577,23.3541,613.268,0.833333,0.389249,0.0,1.0,64.7616,45.8726,10.9117,164.536,45.9272,41.0031,12.4715,161.42,115.881,38.5723,38.6689,161.371,137.551,32.1457,47.7851,163.057
18455_00019,5.0,525.0,706.03,2974.4,1077.9,2263610000.0,38324.4,72.9989,157.515,0.486205,3221.91,19.8495,14.3302,1.0,50.0,0.0872748,0.0892311,0.0,0.778202,1766.55,1104.32,0.0,2642.49,3801.27,2316.47,16.0538,7181.94,0.688462,0.464015,0.0,1.0,80.2675,39.0057,3.13625,177.579,76.9109,41.9389,12.0059,175.646,110.153,34.4752,12.2059,170.273,109.455,35.217,9.18794,165.5
18455_00009,6.0,226.0,2617.27,1901.27,1038.68,5168610000.0,27449.4,121.458,160.518,1.72434,1230.09,8.43363,4.75325,1.0,22.0,0.170304,0.120935,3.21034e-05,0.704995,478.654,528.119,0.0,1733.18,1009.7,956.701,11.4377,3485.99,0.727273,0.4474,0.0,1.0,82.4667,34.2268,2.723,170.381,80.1751,39.048,9.45746,169.515,111.197,28.3122,22.5234,162.324,100.168,29.1344,25.214,160.051
18458_00458,6.0,382.0,1797.58,2889.19,2650.22,13764000000.0,50283.5,131.632,184.093,0.589674,1852.8,11.2618,6.65021,1.0,27.0,0.109099,0.0858932,0.0,0.47584,1801.16,979.124,0.0,2741.8,4806.13,2807.26,7.4611,7822.17,0.707447,0.45615,0.0,1.0,77.4246,34.1429,0.741809,163.261,68.4077,34.8436,8.60385,169.404,114.297,32.5497,12.4393,173.063,115.307,30.8974,15.4526,170.904
236174_6438_x12218_y5897,7.0,391.0,5776.13,6116.9,4243.74,149940000000.0,132221.0,338.161,475.904,1.36373,3721.95,9.67008,4.1727,1.0,18.0,0.138851,0.105291,5.1568e-05,0.636433,2214.62,1517.13,0.0,5305.92,3751.58,2466.03,11.2618,9468.21,0.697917,0.460362,0.0,1.0,70.4693,30.6428,3.2295,153.25,74.5544,34.4955,5.77614,171.511,117.941,28.4405,7.3152,170.98,106.576,29.8791,9.28845,165.0
18454_01095,4.0,282.0,1238.26,1924.3,2226.76,5305890000.0,22520.3,79.8591,145.848,0.852857,2047.27,8.95745,4.09647,1.0,18.0,0.114144,0.0898052,0.0,0.611249,1766.55,1048.1,0.0,2645.59,2741.75,1626.0,5.01115,4188.58,0.705036,0.457676,0.0,1.0,68.9154,29.8251,0.415192,175.265,61.7427,30.7784,9.06114,167.971,123.549,24.4178,30.2389,171.231,121.836,28.9516,23.385,168.382
18867_4421_x31775_y9812,8.0,452.0,3989.5,4128.47,4059.1,66855500000.0,42116.4,93.1779,237.282,1.05325,3328.14,9.89823,5.01291,1.0,23.0,0.139385,0.118223,1.2842e-05,0.819201,1540.94,2078.23,0.0,6102.53,2432.67,3066.06,13.0144,8785.17,0.716216,0.451852,0.0,1.0,83.0844,33.4967,0.247896,163.389,78.4096,35.4308,8.2527,167.563,108.958,29.8043,15.3111,162.825,105.961,29.7504,9.7047,167.771
18454_01085,9.0,371.0,940.72,2151.19,2126.5,4303330000.0,26203.1,70.6283,120.834,0.681348,1829.53,12.3315,5.64495,1.0,23.0,0.105512,0.088218,0.0,0.731153,1922.5,916.896,0.0,2603.69,3612.99,1690.77,8.11356,4736.3,0.740331,0.439669,0.0,1.0,74.3125,27.9096,0.872561,145.184,65.4158,28.3575,3.61736,164.254,118.731,22.592,60.9958,164.161,119.898,24.0057,42.5715,171.167
pre_18864_00174,7.0,847.0,3922.33,3005.41,8737.03,102994000000.0,129637.0,153.055,244.401,1.04739,2772.21,23.1464,13.3726,1.0,50.0,0.137309,0.090385,3.54597e-06,0.769473,2366.43,2851.37,0.0,7319.19,4657.29,5538.47,16.1057,15429.6,0.719048,0.45,0.0,1.0,74.8613,32.0617,0.801599,165.961,72.7589,33.8159,5.89206,169.608,112.528,29.8383,21.5322,171.714,111.647,32.4302,10.2584,169.9
17109_2201_x8046_y23301,6.0,412.0,2966.03,3521.31,7405.18,77342000000.0,117511.0,285.221,489.149,1.4398,6804.16,11.5097,6.60881,1.0,25.0,0.129384,0.114811,2.22029e-05,0.770647,1242.72,1645.71,0.0,5137.16,2516.29,3097.39,15.3159,11515.6,0.70936,0.45518,0.0,1.0,58.3477,30.3332,0.151914,173.619,64.6001,34.2899,7.6634,171.641,125.947,27.7968,2.98566,167.499,115.026,34.9883,4.04315,167.369
18458_00375,5.0,561.0,4142.17,1343.1,1298.35,7223170000.0,49445.0,88.1372,167.827,0.464321,3247.89,16.3583,8.94277,1.0,36.0,0.0980542,0.0899733,0.0,0.849877,2673.68,1673.12,0.0,4066.87,4278.15,2636.04,12.1923,6654.29,0.758993,0.428466,0.0,1.0,71.5671,33.5592,1.05716,167.52,63.7144,33.3928,4.97476,160.924,118.074,28.8583,11.2629,169.369,120.105,29.2027,13.044,168.554
18453_7112_x9089_y4667,6.0,372.0,2317.05,1537.68,3626.47,12920700000.0,59003.1,158.61,248.604,0.728987,3727.36,8.58602,3.81452,1.0,18.0,0.156505,0.126017,0.0,0.792132,604.879,845.624,0.0,3450.47,1114.32,1195.98,20.3166,4601.84,0.704918,0.457331,0.0,1.0,77.4538,26.7557,5.36682,174.138,73.0732,31.751,4.65667,160.903,113.172,23.6817,35.4773,164.056,106.267,30.3683,17.5987,161.517
18465_00328,6.0,628.0,1533.16,3679.37,2203.11,12427900000.0,58923.5,93.8272,245.025,0.866421,5799.31,14.3344,7.49181,1.0,28.0,0.0885907,0.078621,0.0,0.56057,2274.15,1301.13,0.0,3401.11,6032.53,3446.34,12.4121,8711.64,0.717042,0.451162,0.0,1.0,71.1777,28.5296,0.0246938,152.506,63.086,29.6202,4.67735,159.438,122.311,23.4322,33.8904,171.281,122.091,25.1586,45.6855,169.615
18462_00060,9.0,473.0,3040.14,1000.99,3042.82,9259760000.0,47502.5,100.428,148.301,0.854869,1687.61,12.6237,6.73704,1.0,28.0,0.0934137,0.0749682,0.0,0.474995,2550.78,1445.41,0.0,3835.27,4399.44,2510.89,12.0761,7372.68,0.741379,0.438823,0.0,1.0,77.4968,32.4989,0.70519,177.62,70.5387,33.5692,2.9362,159.277,114.464,27.6084,4.91255,173.302,117.171,30.2675,13.4597,168.09
18457_00004,8.0,186.0,2507.86,1646.27,819.05,3381540000.0,22643.6,121.74,208.188,0.861584,2262.06,7.35484,3.12495,1.0,13.0,0.217866,0.17539,0.0,0.869994,615.093,944.887,0.0,2641.98,934.508,1048.9,15.4595,3528.35,0.662921,0.47539,0.0,1.0,82.5719,37.164,1.64098,170.296,76.363,39.8933,1.64098,158.024,107.18,30.9405,20.4157,155.414,95.353,34.2826,17.0759,165.69
18457_00014,10.0,320.0,5239.92,1833.05,833.07,8001670000.0,18496.5,57.8016,157.846,0.921195,2256.1,14.5563,9.49954,1.0,36.0,0.145881,0.126411,0.0,0.914078,2876.9,2050.83,0.0,5159.69,3891.94,2702.51,5.35294,7088.5,0.780645,0.415151,0.0,1.0,85.0404,33.767,18.2907,170.519,87.7139,38.5801,3.87136,174.064,102.914,33.616,3.63193,160.498,96.992,35.7037,12.1103,174.437
191812_3140_x5204_y12992,9.0,463.0,5561.42,4305.25,7772.29,186094000000.0,116320.0,251.232,483.94,2.0538,6362.3,9.73002,5.35317,1.0,23.0,0.158352,0.134852,1.79571e-05,0.803075,1185.81,1452.56,0.0,4832.32,2327.8,2780.14,10.1946,11271.5,0.731278,0.444275,0.0,1.0,69.6865,29.7718,1.30973,169.857,77.0983,36.1964,2.83378,172.067,121.831,23.8382,28.1308,174.172,103.225,33.626,1.08819,166.663
18453_6053_x8032_y5933,4.0,180.0,1122.15,2059.48,5641.51,13037800000.0,37529.2,208.496,376.533,1.12741,2939.4,6.9,3.13941,1.0,15.0,0.152729,0.131413,4.53017e-05,0.689161,255.027,459.171,0.0,3240.57,687.527,906.602,12.305,7140.15,0.704545,0.458861,0.0,1.0,76.7229,32.756,4.36367,158.375,69.9262,40.4521,9.42634,168.363,116.31,25.0902,31.7138,156.876,109.647,34.1037,19.064,166.906
18464_00183,5.0,477.0,1463.31,2599.52,1530.31,5821150000.0,35977.7,75.4249,152.997,0.483061,3049.77,13.6038,5.85865,1.0,27.0,0.111085,0.0929023,0.0,0.851685,2170.59,1067.09,0.0,2932.94,3836.55,1863.34,3.60677,5292.77,0.720339,0.449787,0.0,1.0,74.0553,33.0847,3.30066,163.952,68.4277,30.6737,4.83375,173.792,115.984,28.7567,16.5211,174.638,119.536,27.1439,29.693,171.445
18453_6561_x9442_y3817,7.0,283.0,2581.17,2228.69,7335.65,42199200000.0,51178.6,180.843,472.225,0.928069,7116.4,9.58657,5.53026,1.0,20.0,0.112314,0.108833,0.0,0.714568,362.884,705.746,0.0,5970.54,801.088,1190.65,11.896,8992.17,0.695652,0.461807,0.0,1.0,72.1917,31.8678,2.9823,171.06,70.0241,34.4007,9.95022,166.505,120.143,25.0996,27.4784,170.501,116.485,30.3441,21.058,169.462
18867_3469_x10058_y10954,10.0,650.0,6406.76,3914.51,3647.25,91470600000.0,82047.6,126.227,236.732,0.605522,3015.94,12.6738,5.6376,1.0,27.0,0.133964,0.11106,0.0,0.855068,2005.86,2041.75,0.0,6714.16,3180.3,3107.91,12.5094,10107.4,0.7125,0.453306,0.0,1.0,79.868,32.4977,0.451253,172.541,71.0925,33.7096,2.02559,162.129,112.999,28.8516,4.01386,165.821,110.682,32.6259,13.9081,169.266
18453_3704_x10450_y7387,7.0,491.0,1385.19,1157.79,1634.9,2621990000.0,58319.0,118.776,130.085,0.916536,1287.25,13.3422,9.42192,1.0,35.0,0.115001,0.0744428,0.0,0.569636,290.419,188.431,0.0,789.059,854.927,633.51,15.0594,2283.44,0.739669,0.439724,0.0,1.0,73.9825,27.417,8.82499,161.693,67.4742,34.9259,4.93651,171.655,118.361,25.3916,22.7345,164.281,116.612,28.2699,27.0104,172.402
18454_00015,4.0,302.0,2367.37,1893.3,1162.2,5209140000.0,27922.5,92.4588,102.344,1.17042,893.981,9.37086,4.19241,1.0,20.0,0.1417,0.10153,8.25806e-06,0.66578,474.39,522.708,0.0,2038.02,940.481,685.38,10.9352,2733.34,0.711409,0.454635,0.0,1.0,78.1091,35.8973,1.10513,162.828,81.8782,37.2156,0.934685,169.32,108.254,32.7572,11.823,171.525,103.258,31.3584,25.1041,165.209
18868_5531_x7356_y7030,7.0,367.0,2973.95,5422.47,2893.12,46654900000.0,48232.1,131.423,279.642,0.900274,2928.89,10.7548,5.88179,1.0,26.0,0.130654,0.118011,0.0,0.853558,1046.09,1491.63,0.0,5698.63,2099.61,2868.78,15.9308,8681.27,0.727778,0.446345,0.0,1.0,74.4603,27.4309,4.36286,145.202,72.6906,34.8001,3.17641,168.894,117.629,27.1925,15.4549,165.154,110.887,33.1962,22.6024,167.467
18464_00193,7.0,399.0,3169.6,2749.09,2566.43,22362600000.0,42212.1,105.795,318.103,0.978315,6056.47,12.6341,7.80165,1.0,32.0,0.139876,0.106958,0.0,0.662306,1585.87,1173.54,0.0,2717.58,5435.66,4054.7,10.6644,9673.91,0.714286,0.452911,0.0,1.0,74.7539,32.6147,3.51726,162.897,71.4763,33.8296,16.2347,158.502,113.871,28.0495,10.3415,157.705,115.648,30.0983,12.1181,165.571
18465_00136,7.0,487.0,2013.79,3254.09,2001.93,13118700000.0,49911.5,102.488,306.663,0.775731,6491.82,19.3162,14.1162,1.0,47.0,0.095496,0.0861658,0.0,0.664025,1875.64,1228.29,0.0,3023.93,6454.61,4395.34,14.4991,10907.4,0.754167,0.43148,0.0,1.0,75.8534,36.6622,5.82393,176.955,72.2878,37.2932,4.86651,169.407,113.588,31.7406,11.9621,172.463,113.922,33.2358,15.7003,170.412
18868_4464_x5477_y11004,12.0,528.0,4551.77,3782.42,4302.17,74069200000.0,49007.8,92.8179,244.724,0.693679,4519.83,10.928,5.37534,1.0,24.0,0.123139,0.104178,0.0,0.689303,1048.73,1622.58,0.0,6019.15,1861.79,2616.78,18.6395,8958.98,0.744186,0.437166,0.0,1.0,83.486,30.9512,6.89308,172.867,77.2347,35.2669,5.22485,169.692,109.161,28.4353,2.14862,164.851,104.329,30.2772,29.9179,161.274
18465_00126,4.0,394.0,899.66,3181.57,1650.83,4725220000.0,29656.9,75.2713,164.119,0.93651,2402.13,16.7005,8.92414,1.0,33.0,0.1245,0.0926291,0.0,0.671965,2002.84,1090.23,0.0,2795.47,4888.85,2702.1,16.3359,7414.54,0.712821,0.453611,0.0,1.0,81.547,33.2221,0.807022,171.93,79.5635,38.2438,6.73028,174.181,109.606,30.1425,6.76557,173.996,107.146,32.7244,16.6252,163.591
18465_00154,7.0,415.0,1512.76,1034.89,1078.17,1687920000.0,21461.0,51.7132,89.4746,0.352179,1570.92,14.5084,8.19534,1.0,34.0,0.155826,0.129539,0.0,0.67165,920.584,657.327,0.0,1521.61,1684.58,1104.75,10.2303,3413.4,0.759804,0.428253,0.0,1.0,80.2619,39.0876,9.08374,170.367,80.7715,40.3326,4.57824,173.083,107.461,33.9559,5.6738,164.512,103.852,34.6855,3.305,166.951
18869_4184_x11041_y4195,8.0,618.0,1453.67,965.67,1160.17,1628610000.0,38781.5,62.7532,71.7766,0.842223,527.659,12.0809,4.37874,1.0,22.0,0.0981366,0.0764378,0.0,0.596632,240.158,147.02,0.0,763.444,490.209,211.312,18.4946,1387.75,0.737705,0.440605,0.0,1.0,79.5496,29.5864,6.60994,156.636,76.8544,31.0008,7.40623,173.279,111.595,25.7146,34.0124,175.972,109.579,27.0978,15.4801,169.158
236174_4266_x13848_y8550,7.0,505.0,8145.88,5701.45,4937.08,229294000000.0,148660.0,294.376,618.616,1.08063,6896.22,10.0099,4.21612,1.0,19.0,0.118373,0.0984625,1.0945e-06,0.59932,3877.03,2146.32,0.0,6525.78,8065.1,4931.47,11.6201,16240.9,0.698795,0.459706,0.0,1.0,62.8417,32.3908,0.624685,165.431,67.3109,34.399,3.13244,171.319,122.795,29.0415,24.2232,173.649,115.339,31.4695,7.1155,166.528
17782_3138_x32805_y18352,8.0,526.0,5287.99,3958.25,8159.77,170794000000.0,142303.0,270.538,418.165,0.771339,5154.56,10.711,5.37863,1.0,24.0,0.168971,0.116866,0.0,0.858071,2330.07,2126.06,0.0,6218.7,4667.29,4131.52,10.7116,12247.3,0.725869,0.446939,0.0,1.0,73.4027,33.6608,1.12209,157.084,76.1513,37.9477,5.22525,170.717,113.111,29.0636,16.1066,172.685,104.259,35.2751,9.50067,168.311
18454_00067,7.0,367.0,983.72,3658.78,2193.23,7893910000.0,31831.3,86.7337,175.18,0.829651,2311.1,9.01635,5.24428,1.0,20.0,0.0958021,0.0821003,0.0,0.533451,1402.98,1284.16,0.0,3002.35,3340.16,3274.69,8.61969,7563.45,0.683333,0.466474,0.0,1.0,71.0286,30.915,1.47408,155.505,62.7996,29.9871,5.81963,178.52,119.696,26.083,25.7472,169.482,123.833,26.807,8.4051,176.694
18457_00066,8.0,372.0,1125.95,2303.85,1631.52,4232190000.0,32951.0,88.5778,165.159,1.05828,2836.0,11.0914,5.34999,1.0,27.0,0.124368,0.0939919,6.58567e-07,0.447289,1819.77,873.193,0.0,2463.1,3351.78,1595.0,10.349,4609.87,0.730769,0.444784,0.0,1.0,71.6508,31.8557,0.782381,158.79,68.4742,31.4208,5.41871,168.36,117.799,28.2209,5.93173,172.532,119.975,25.4649,36.8502,170.3
18453_6746_x8555_y4741,9.0,317.0,2324.67,2590.21,2026.51,12202400000.0,44386.9,140.022,236.124,1.10532,2491.01,9.18297,5.37204,1.0,21.0,0.119942,0.096845,2.0231e-05,0.74648,585.62,694.386,0.0,2045.97,1074.96,1218.47,9.06124,4084.17,0.714286,0.453228,0.0,1.0,75.7205,29.8947,8.98207,158.03,76.9258,33.4551,4.70725,165.591,115.62,25.6334,26.6839,163.657,110.288,28.8406,8.35543,171.437
18454_01126,7.0,293.0,1051.23,2825.02,1896.7,5632720000.0,24690.5,84.2679,266.847,1.01648,4482.6,12.3379,7.43777,1.0,28.0,0.125696,0.101199,5.74835e-05,0.792239,1874.58,1007.09,0.0,2635.95,4534.73,2479.14,7.8191,6622.14,0.748252,0.435543,0.0,1.0,84.5302,32.4282,3.81847,171.866,73.1336,35.7899,4.61571,170.152,108.985,29.9113,0.897796,155.845,110.89,31.7094,17.0178,163.628
18462_00012,14.0,608.0,1846.46,2200.32,1681.14,6830140000.0,43936.9,72.2646,161.347,0.597288,3575.64,21.875,13.2156,1.0,45.0,0.0979132,0.0853796,0.0,0.711089,2134.91,895.555,0.0,2745.5,4917.47,2082.02,13.6914,6995.08,0.73064,0.444376,0.0,1.0,83.7229,36.5984,6.5534,171.172,76.7873,36.901,2.71754,177.006,107.319,33.2694,1.04578,165.674,111.452,33.1387,19.6864,165.563
18457_00076,5.0,381.0,3873.02,683.69,1799.43,4764790000.0,16868.2,44.2735,146.697,1.27661,2726.78,16.8583,10.4613,1.0,39.0,0.138998,0.12398,5.59902e-06,0.619641,2444.64,1771.77,0.0,4060.62,3040.49,2117.63,9.71937,5508.32,0.808511,0.394524,0.0,1.0,85.3703,35.999,2.86962,168.318,83.6713,36.9979,6.95919,176.391,101.508,32.2471,0.178535,165.957,100.482,32.6744,22.5569,160.204
18869_3634_x20027_y5437,7.0,295.0,5001.99,5115.68,2550.98,65276000000.0,31311.1,106.139,374.427,0.923597,5826.53,14.3356,8.41277,1.0,28.0,0.144132,0.123498,0.0,0.675522,914.983,1234.43,0.0,6425.8,1686.4,2218.44,6.02664,9361.11,0.736111,0.442278,0.0,1.0,80.6457,40.0644,0.973251,175.273,77.0914,37.3859,7.10297,175.718,106.192,36.3959,14.3019,176.754,105.321,35.9608,8.51237,173.272
17545_00118,8.0,340.0,1617.3,1161.46,1280.26,2404880000.0,25445.8,74.8406,87.4319,0.953081,504.591,11.0059,6.99726,1.0,28.0,0.1778,0.120848,0.0,0.706019,530.035,530.039,0.0,1464.68,1068.5,935.524,14.6195,2950.25,0.76506,0.425244,0.0,1.0,80.3918,30.9304,0.131632,161.936,84.2339,32.9106,12.0442,176.634,106.574,32.8666,5.22776,168.031,99.4884,30.4329,27.0212,163.935
18453_5667_x25695_y3103,7.0,251.0,6101.83,2115.3,4012.39,51788800000.0,52475.0,209.064,314.695,1.03354,2587.56,11.3187,7.66407,1.0,29.0,0.131485,0.109929,2.158e-05,0.705366,978.662,1330.07,0.0,3815.19,1578.66,2036.0,8.95789,7179.71,0.729508,0.446046,0.0,1.0,72.7587,27.52,3.42291,164.444,76.7243,32.7252,11.4543,170.981,116.415,27.2998,2.22374,162.359,108.928,29.7812,31.9199,155.366
17545_00060,4.0,368.0,2014.63,1991.42,905.29,3632000000.0,28393.6,77.1564,93.5656,0.723867,953.418,16.6359,7.71092,1.0,35.0,0.189412,0.132644,0.0,0.695322,562.989,712.836,0.0,2354.42,1056.83,887.831,23.7653,3337.81,0.752747,0.432605,0.0,1.0,86.422,38.3311,2.07948,176.953,91.202,40.4143,7.68701,173.583,100.416,37.4041,1.15765,174.873,90.6579,35.0386,3.34177,155.826
18458_00542,8.0,460.0,1542.17,2133.1,2034.72,6693420000.0,36408.6,79.1492,146.689,0.345895,2711.26,14.1304,7.97821,1.0,32.0,0.126291,0.098653,0.0,0.583625,1951.25,1006.94,0.0,2778.59,3478.66,1802.81,9.3682,5461.47,0.716814,0.451546,0.0,1.0,82.6125,33.393,2.32365,170.07,74.5279,37.3027,2.43355,173.884,108.275,31.0526,3.31135,160.482,112.932,31.5577,10.6984,170.541
236174_5338_x13590_y7348,7.0,447.0,7417.54,5042.55,4917.04,183913000000.0,154690.0,346.063,490.893,2.4993,4952.74,8.34676,3.44634,1.0,18.0,0.146071,0.124285,8.17706e-06,0.777122,3805.48,2030.45,0.0,6278.0,7993.73,4490.55,16.2449,15837.7,0.704545,0.457287,0.0,1.0,62.5685,31.7459,0.111334,171.571,70.8687,37.789,4.55173,167.991,121.028,29.5645,0.84926,175.967,107.366,34.8428,0.282017,167.694
18461_4545_x5749_y4914,6.0,460.0,3259.43,1724.47,2614.3,14694400000.0,55937.0,121.602,174.64,1.33641,2548.02,11.3609,6.76691,1.0,30.0,0.11138,0.0793716,1.76117e-05,0.544375,444.249,598.187,0.0,2853.69,956.673,1057.77,16.5465,4810.04,0.700441,0.459077,0.0,1.0,72.0163,32.5756,2.84337,175.705,69.5482,31.5328,7.09832,165.859,116.416,29.7087,18.2473,164.883,113.698,31.1648,3.03077,163.498
18867_6986_x31479_y5932,8.0,962.0,648.32,496.11,510.1,164068000.0,39744.3,41.3142,36.9548,0.400525,220.402,23.7464,13.7226,1.0,52.0,0.10053,0.0885426,0.0,0.689455,120.751,76.7134,0.0,439.644,695.873,402.973,14.3276,1756.68,0.704403,0.45679,0.0,1.0,79.7898,35.225,4.02377,174.959,76.5473,36.3207,7.13678,177.093,112.544,31.0316,16.693,170.49,112.093,31.9431,10.2736,166.71
17543_3705_x9619_y20864,6.0,358.0,1986.93,1482.65,8488.7,25007100000.0,60731.7,169.642,309.833,0.705983,3702.14,9.68715,5.16315,1.0,26.0,0.178649,0.146954,0.0,0.90393,668.231,1770.38,0.0,7954.96,1423.01,2359.73,12.3863,10722.3,0.715909,0.452267,0.0,1.0,80.7834,40.2165,2.27566,175.565,78.1984,40.3163,5.15418,172.737,107.796,34.1499,8.09536,166.103,102.102,35.7333,10.4519,169.098
17302_00085,6.0,276.0,1351.5,1072.36,1483.62,2150200000.0,31012.8,112.365,104.419,0.318127,481.817,9.02899,4.12344,1.0,20.0,0.184792,0.118854,0.0,0.67653,269.61,278.558,0.0,1256.82,631.298,479.696,12.3604,2267.19,0.696296,0.461569,0.0,1.0,78.2659,33.615,6.273,169.163,86.3285,36.9079,2.09714,174.05,108.629,30.8579,24.1567,167.06,95.5024,30.951,13.1086,164.326
17109_2401_x9338_y2394,5.0,279.0,3861.22,3892.66,4435.51,66667600000.0,88627.1,317.66,446.185,2.51687,3065.44,9.61649,4.93044,1.0,21.0,0.13528,0.112362,3.04542e-05,0.827517,2131.21,1759.39,0.0,5176.78,3922.46,3309.2,16.279,10598.7,0.715328,0.452914,0.0,1.0,60.824,31.9886,2.39371,155.225,68.0251,36.6254,12.9067,170.573,125.934,27.0167,31.2218,169.69,113.396,34.3932,2.39625,164.26
17302_00095,3.0,147.0,3963.42,1132.35,1931.91,8670370000.0,14823.7,100.841,266.121,0.592949,3083.39,10.6054,6.68115,1.0,24.0,0.179235,0.131969,0.0,0.739798,2117.52,1936.99,0.0,4178.18,2967.83,2629.45,11.9542,6244.74,0.75,0.436051,0.0,1.0,79.4466,39.5884,10.4577,167.7,78.3047,34.4801,7.3952,168.667,108.546,32.7643,26.4924,158.748,99.1876,34.5924,13.7155,157.176
18869_5024_x5544_y5480,10.0,916.0,7841.73,5972.51,5792.07,271270000000.0,129453.0,141.324,252.829,0.421276,2380.91,15.655,6.38535,1.0,29.0,0.112118,0.0862572,0.0,0.799757,2943.76,1841.01,0.0,7545.27,5593.5,3395.65,19.1529,12872.2,0.715232,0.451803,0.0,1.0,76.3952,30.0407,2.54726,164.089,65.8572,31.0464,4.10334,156.849,115.507,25.8343,10.3031,168.886,116.787,28.9482,11.9462,175.731
18458_00119,7.0,383.0,602.7,2699.53,1821.36,2963370000.0,28508.5,74.4348,226.826,0.305369,4372.16,8.3107,3.70581,1.0,18.0,0.103712,0.0894255,0.0,0.650798,2043.46,1001.74,0.0,2674.13,4066.07,1955.77,13.9899,5484.57,0.734043,0.443022,0.0,1.0,75.779,30.6991,0.790416,174.766,70.0619,32.0222,6.70314,170.393,119.111,25.5157,2.67675,164.876,120.436,27.4207,13.151,169.909
18454_00152,9.0,349.0,1790.87,3154.17,1859.11,10501600000.0,26089.3,74.7545,175.161,1.0597,2709.52,10.2264,6.28607,1.0,25.0,0.10501,0.0886518,6.95898e-06,0.583463,1800.14,1280.51,0.0,3116.08,3513.33,2609.73,6.30361,6391.15,0.717647,0.451474,0.0,1.0,70.5365,30.875,1.06634,161.539,64.747,32.1702,7.91915,160.892,117.857,27.3287,25.8583,168.612,117.509,28.6408,20.0781,166.698
18867_4554_x26130_y14869,5.0,621.0,3693.33,1492.15,1461.65,8055160000.0,37217.2,59.931,82.0546,0.556377,650.433,13.6538,7.24063,1.0,33.0,0.142875,0.117535,0.0,0.781502,1468.62,1067.35,0.0,3543.89,2415.24,1589.32,52.9714,5663.13,0.717532,0.450932,0.0,1.0,82.0014,36.1621,0.753015,169.176,81.7608,39.8007,5.80628,170.911,112.645,30.1233,2.9819,174.581,103.106,34.0967,6.97141,167.947
18454_00142,8.0,736.0,1879.69,2392.87,2843.9,12791400000.0,65820.0,89.4294,108.14,0.535705,1067.34,26.8533,15.8177,1.0,55.0,0.0906744,0.0757766,0.0,0.734888,2189.39,1097.99,0.0,3027.92,4788.44,2536.86,8.55652,7429.19,0.728022,0.445591,0.0,1.0,78.8922,34.2074,0.677131,176.989,68.997,34.3339,3.37525,169.879,110.839,32.4254,1.01088,171.462,116.602,30.2765,14.0421,167.81
17302_00119,7.0,471.0,2618.48,3281.39,2217.43,19052700000.0,47958.3,101.822,168.409,0.625063,2119.12,13.9427,7.0514,1.0,29.0,0.122051,0.0988973,0.0,0.939911,1759.65,1003.07,0.0,2613.97,6238.69,3594.28,15.9635,9004.45,0.732759,0.443476,0.0,1.0,71.181,33.9058,0.511117,174.503,70.573,34.9367,3.93864,178.039,112.593,33.2136,1.54421,170.324,113.772,30.7302,2.30886,164.689
18465_00109,7.0,361.0,3823.4,3674.49,2616.49,36759100000.0,49341.0,136.679,366.635,0.62516,6289.39,9.35457,5.01847,1.0,23.0,0.106239,0.0820778,0.0,0.567125,2692.42,1700.52,0.0,4080.22,6273.97,3963.51,9.64917,10833.2,0.717514,0.451486,0.0,1.0,73.0251,31.3076,0.512129,157.917,70.3431,32.154,15.0664,175.127,116.953,26.0706,39.5607,173.786,114.712,29.3983,10.5804,162.143
18465_00119,7.0,359.0,1961.09,3681.64,1919.27,13857200000.0,35351.9,98.4732,296.397,0.581643,5283.88,10.2702,6.18359,1.0,24.0,0.0968338,0.0807094,0.0,0.517312,1586.33,1124.98,0.0,2777.45,4823.12,3531.88,4.49451,7974.07,0.715909,0.452267,0.0,1.0,72.2343,30.9053,10.1665,147.112,66.3198,28.005,5.4505,153.629,116.698,28.9412,31.8563,172.918,120.786,25.5314,22.9887,172.633
pre_182712_00027,3.0,403.0,5145.03,2037.25,3211.06,33657400000.0,56743.1,140.802,296.318,1.40065,2257.66,14.7519,5.91507,1.0,27.0,0.137855,0.0970914,3.78893e-08,0.502874,1577.31,938.754,0.0,3633.11,3864.0,2055.18,2.23251,7658.05,0.8,0.401004,0.0,1.0,82.8994,36.0839,3.14287,174.709,75.6706,38.392,3.14287,160.365,104.426,35.7422,2.20112,164.897,105.615,36.137,9.60759,175.533
18457_00143,8.0,622.0,2041.15,1788.39,2169.5,7919480000.0,47654.9,76.6157,113.123,0.941176,2171.12,22.582,15.3518,1.0,55.0,0.116229,0.0950389,0.0,0.587868,2162.07,989.763,0.0,2846.99,3813.26,1800.66,9.13841,5744.91,0.700326,0.458863,0.0,1.0,81.0501,34.5868,1.90877,173.723,74.6016,35.4056,3.73814,177.49,110.457,29.0009,15.5376,169.608,113.562,31.575,2.65095,166.505
17109_6201_x4328_y6753,4.0,224.0,2219.1,1886.9,3189.98,13357200000.0,89268.7,398.521,478.494,1.76658,2363.16,8.58929,4.56651,1.0,19.0,0.150874,0.131284,3.78403e-05,0.723813,418.619,346.674,0.0,1332.04,1126.74,840.004,14.3597,3388.87,0.718182,0.451944,0.0,1.0,75.1775,30.6874,7.08459,174.168,82.1911,33.2161,9.25286,172.649,114.812,28.1057,5.70731,164.979,100.329,33.2749,13.4712,159.81
18454_01013,12.0,384.0,2503.37,1896.41,2526.96,11996500000.0,36582.2,95.266,150.412,0.556485,2365.3,10.5,5.45765,1.0,21.0,0.101939,0.0795738,0.0,0.772139,2390.63,1297.08,0.0,3444.88,3609.76,1915.58,15.5401,5378.22,0.682796,0.466644,0.0,1.0,74.2061,28.7588,0.372193,174.201,64.4044,28.5153,3.4988,164.002,119.397,25.1191,4.07343,166.511,120.599,26.2377,28.5329,167.58
17781_5548_x15772_y8872,3.0,385.0,3461.65,4405.39,3841.24,58578600000.0,111421.0,289.405,453.508,1.70689,3660.16,14.3818,6.54887,1.0,28.0,0.152242,0.116138,4.11424e-05,0.708647,1510.6,1353.57,0.0,4751.41,3813.41,3078.51,12.0918,10820.6,0.712042,0.454002,0.0,1.0,70.0319,34.9922,0.395304,171.508,69.4332,34.0192,3.10032,165.051,114.472,31.046,2.17089,171.793,107.881,32.3971,17.875,169.051
18867_8235_x25208_y14610,4.0,1956.0,2319.89,2974.61,4438.06,30626000000.0,77513.2,39.6284,80.4722,0.485463,2401.94,21.6789,12.0236,1.0,58.0,0.160508,0.119393,0.0,0.732996,1345.74,1085.57,0.0,4050.8,2504.5,1508.0,29.3987,6880.45,0.784836,0.411147,0.0,1.0,83.0594,33.4686,3.43001,173.538,81.057,33.085,2.18494,177.304,105.529,30.9022,1.59667,172.893,104.786,30.2273,7.07506,174.534
17545_00084,9.0,771.0,3900.45,1706.01,3090.25,20563200000.0,64129.0,83.1764,150.147,1.15397,2335.13,12.808,5.52722,1.0,26.0,0.128134,0.07604,4.13283e-06,0.453649,2870.19,1374.35,0.0,4198.66,5161.61,2568.15,7.87435,8363.74,0.708661,0.454977,0.0,1.0,76.5848,30.1344,2.24314,169.946,68.4554,27.8623,3.40169,158.043,112.136,26.5779,4.34004,169.96,118.375,23.849,24.0805,169.96
17545_00094,6.0,252.0,2774.02,3358.52,1903.9,17737900000.0,23866.6,94.7088,282.884,0.657284,4034.45,8.14286,3.818,1.0,16.0,0.128311,0.0962477,0.0,0.605118,1298.37,1282.39,0.0,2853.73,3704.62,3783.41,10.5512,8351.43,0.707317,0.456855,0.0,1.0,71.5539,33.8472,14.2325,153.188,67.5459,33.668,5.46558,159.198,111.422,30.9949,4.251,159.641,113.459,29.7143,36.3874,165.656
18868_2593_x15801_y13755,8.0,480.0,7432.9,3058.15,2598.22,59059900000.0,61845.0,128.844,263.366,0.453212,2391.65,11.3625,5.79881,1.0,26.0,0.143021,0.0998103,0.0,0.56592,1792.31,1728.94,0.0,5314.07,3289.1,3226.06,16.4782,9969.45,0.741525,0.438727,0.0,1.0,76.689,33.4273,0.0527065,168.516,72.3831,36.3964,2.09633,177.087,111.792,30.5146,18.31,176.466,110.012,32.1206,10.3382,174.255
18457_00082,5.0,249.0,4776.6,1106.1,783.76,4140910000.0,17826.3,71.5915,152.077,0.731694,1960.58,10.6787,7.28462,1.0,26.0,0.1557,0.127601,0.0,0.908937,1916.09,1924.4,0.0,4624.99,2552.79,2403.15,13.2364,5986.32,0.737705,0.441696,0.0,1.0,84.6404,41.2431,2.60282,177.785,84.1218,36.8486,1.81904,170.003,102.641,36.0725,16.9069,167.639,99.207,32.6365,23.7588,166.853
pre_18866_00299,4.0,90.0,1063.63,1017.93,558.71,604916000.0,9288.29,103.203,137.774,2.62329,793.163,6.26667,3.70484,1.0,15.0,0.126329,0.0995124,1.23052e-05,0.477924,211.885,230.934,0.0,896.132,478.061,573.15,9.167,2416.29,0.767442,0.427463,0.0,1.0,76.9292,33.4267,8.11205,164.226,64.9245,36.8561,10.5755,167.921,111.103,30.7927,38.1587,162.52,111.11,36.1269,20.6864,160.76
17545_00145,5.0,301.0,2018.22,1400.48,1442.93,4078410000.0,40630.8,134.986,148.711,0.518153,762.981,10.3887,6.4533,1.0,31.0,0.208642,0.131271,0.0,0.757274,369.347,410.788,0.0,1785.02,906.529,819.82,18.2451,3891.7,0.736486,0.442034,0.0,1.0,81.5468,34.7193,7.75873,174.06,84.3471,35.2497,10.8425,170.496,104.478,29.9363,14.675,166.698,92.5949,32.4468,9.91332,158.767
17545_00155,6.0,286.0,1587.43,2049.23,1181.65,3843920000.0,29126.3,101.84,110.67,0.676689,526.765,9.60839,5.46123,1.0,25.0,0.184547,0.110074,0.0,0.578149,401.199,450.526,0.0,1656.19,915.141,709.815,17.7333,2960.55,0.714286,0.453376,0.0,1.0,77.9218,36.0591,0.81562,167.001,88.5113,35.6094,3.45209,178.309,112.607,32.2641,16.6185,164.893,95.6411,29.0025,28.4796,160.71
236174_7077_x14579_y30892,5.0,335.0,3420.57,3534.19,2563.23,30986700000.0,88832.3,265.171,366.241,0.541073,3393.2,10.2239,5.54033,1.0,25.0,0.143966,0.124972,0.0,0.821312,660.179,583.918,0.0,2877.16,1403.56,1091.24,16.0107,3952.64,0.690909,0.463525,0.0,1.0,70.6855,28.9476,1.15511,157.156,70.8356,34.2084,5.64447,173.889,119.414,26.5654,8.19697,172.437,108.612,31.2769,26.7353,167.118
18454_00093,6.0,236.0,2901.76,2499.66,1433.3,10396300000.0,21762.3,92.2133,227.041,0.672087,2918.45,11.8305,7.72209,1.0,30.0,0.164972,0.137005,0.0,0.884327,1327.89,1225.95,0.0,3507.0,2740.05,2467.71,21.673,7228.28,0.756522,0.43106,0.0,1.0,84.8023,35.8991,15.1385,163.501,86.9087,37.7175,7.04115,160.015,104.736,31.9256,23.7723,163.905,95.515,33.0425,26.0458,158.552
18864_5242_x9483_y31549,7.0,465.0,3384.54,3902.3,4233.9,55919100000.0,79146.8,170.208,229.158,1.68548,1541.36,10.3763,5.60387,1.0,25.0,0.110552,0.0901132,7.55851e-06,0.636085,860.959,1322.61,0.0,4869.46,1509.98,2067.06,8.54482,7989.07,0.720524,0.449725,0.0,1.0,67.6259,34.2725,0.33228,162.684,63.5347,30.8064,6.39393,164.534,117.173,29.5335,14.404,174.203,119.074,26.9194,32.191,172.891
17781_7281_x18241_y11406,8.0,344.0,5404.06,3288.08,4789.52,85104900000.0,53311.4,154.975,461.185,0.421954,7517.21,11.6919,4.64273,1.0,23.0,0.164744,0.123797,0.0,0.712911,4195.58,1963.59,0.0,6213.3,9686.3,4299.9,22.1244,14355.9,0.755952,0.430805,0.0,1.0,81.9764,33.4241,3.59255,157.196,75.5067,37.4151,3.12743,169.088,107.462,30.4975,21.3904,164.191,101.787,37.0415,1.83759,171.734
pre_18458_00356,2.0,32.0,1074.34,747.58,1334.72,1071990000.0,5704.12,178.254,243.67,3.63105,1251.14,3.8125,1.49056,1.0,7.0,0.118154,0.108254,0.00681995,0.477,265.927,395.896,0.0,1237.51,635.237,789.165,27.4063,2522.47,0.733333,0.457738,0.0,1.0,57.1559,31.6758,16.8183,118.11,53.2931,33.6515,10.6081,124.652,129.689,30.954,53.4297,162.563,129.365,27.104,79.3705,165.54
18455_00026,7.0,269.0,1324.75,1939.69,1339.08,3440910000.0,28382.5,105.511,132.873,0.859413,781.894,9.21561,5.34674,1.0,23.0,0.167614,0.133291,0.0,0.933613,460.883,523.859,0.0,1763.74,973.651,731.908,21.8241,2699.32,0.78626,0.411519,0.0,1.0,83.0324,33.7344,12.0141,167.406,89.0736,39.0481,14.8321,177.699,106.382,31.3815,24.8172,166.041,92.6382,35.1084,4.37189,161.685
191812_3801_x5383_y20989,9.0,691.0,5186.59,4443.15,7884.66,181701000000.0,143689.0,207.943,390.812,0.903949,4332.32,14.3893,8.54301,1.0,36.0,0.155522,0.123545,0.0,0.83874,1995.41,1629.68,0.0,5553.02,3419.41,2823.06,14.475,9612.5,0.71261,0.45321,0.0,1.0,72.257,34.9854,3.49176,168.188,72.5673,36.7264,5.65425,174.076,113.766,30.3915,4.29963,174.647,109.948,32.2651,13.4748,173.858
18455_00036,3.0,273.0,2138.66,1548.1,1191.16,3943760000.0,33661.3,123.302,144.34,1.20446,696.597,18.5678,9.59875,1.0,35.0,0.172549,0.137884,2.2344e-05,0.704346,493.996,482.993,0.0,1662.63,2079.28,1256.82,8.41205,4145.07,0.733333,0.443864,0.0,1.0,83.9595,35.3439,12.9331,175.717,86.6834,41.2679,10.0347,177.063,111.407,29.5342,0.146736,165.384,95.7849,35.0958,9.41657,160.414
18869_00025,3.0,439.0,1321.43,789.87,1541.22,1608660000.0,25570.5,58.2472,76.9215,0.240326,679.729,14.0251,6.12144,1.0,27.0,0.122799,0.098069,0.0,0.826901,1160.94,519.083,0.0,1655.28,1657.78,714.539,9.59402,2578.09,0.706422,0.456449,0.0,1.0,79.2943,29.5151,5.76224,156.437,71.5616,33.4559,5.46353,162.47,113.538,26.4903,36.9001,167.0,110.427,30.6401,33.2525,167.729
18869_3659_x21701_y7032,6.0,286.0,4788.98,3814.64,3644.89,66585700000.0,36983.0,129.311,307.584,1.11314,4334.8,10.4825,5.82174,1.0,23.0,0.127211,0.0998643,3.08165e-07,0.669095,1450.66,1945.37,0.0,6148.17,2295.07,2799.18,10.3556,8315.96,0.714286,0.453376,0.0,1.0,75.2387,34.416,2.28701,167.339,68.5962,35.0058,8.74627,169.435,110.908,34.3784,7.15723,170.436,110.273,32.2193,8.90576,164.386
18455_00044,8.0,326.0,2446.43,3621.97,2140.68,18968300000.0,40326.4,123.701,400.171,0.78303,6932.25,10.2638,5.38583,1.0,22.0,0.0799368,0.0790016,0.0,0.615571,1613.78,968.036,0.0,2682.33,6391.69,4094.96,11.8176,9882.09,0.72956,0.445591,0.0,1.0,73.9576,26.477,25.7589,156.294,64.8065,27.0371,7.68452,154.494,119.002,26.1818,4.54632,160.173,121.189,23.5246,35.7499,167.057
18869_3504_x6554_y5961,6.0,266.0,5304.78,4316.06,3328.56,76209900000.0,33177.5,124.727,408.721,0.841171,4965.1,9.20301,5.6271,1.0,25.0,0.133742,0.119207,0.0,0.788575,1267.86,1768.31,0.0,6619.42,2304.1,3064.11,14.0283,9088.98,0.692308,0.463324,0.0,1.0,86.9528,30.5546,7.39903,171.223,79.7597,37.1828,6.73411,166.708,105.371,31.6235,2.37786,151.437,102.848,36.4848,2.91698,172.368
18458_00250,8.0,374.0,2834.6,4575.4,2989.54,38772700000.0,41957.5,112.186,441.6,0.450065,8106.83,8.43316,4.50672,1.0,19.0,0.0808129,0.0698568,0.0,0.42985,1692.89,1215.77,0.0,2925.19,7835.24,5878.65,7.5906,13541.5,0.737705,0.441089,0.0,1.0,64.5385,27.0205,2.5856,130.757,58.6804,31.3293,3.85207,164.025,124.276,24.2437,18.9374,168.711,124.314,28.4176,11.2839,173.513
18463_00031,9.0,487.0,1968.9,2190.9,1881.97,8118180000.0,41862.8,85.9606,120.295,0.897787,1879.04,14.5729,6.89324,1.0,28.0,0.102789,0.0937706,0.0,0.707569,2084.4,1046.14,0.0,3134.28,4112.44,2076.17,16.2687,5811.3,0.711297,0.454111,0.0,1.0,73.4336,36.1808,0.897245,176.575,68.998,35.1071,4.95987,164.997,113.243,32.7623,2.33122,172.302,114.269,33.422,14.256,171.66
18463_00021,6.0,328.0,4830.35,1556.2,1480.99,11132600000.0,22095.3,67.3636,150.207,1.62109,1898.53,10.7805,6.42344,1.0,25.0,0.123575,0.0984876,1.01773e-07,0.493241,1607.42,1687.99,0.0,4432.63,2514.49,2484.46,15.5918,6738.39,0.726708,0.44704,0.0,1.0,84.1134,32.3027,11.8264,167.298,79.7556,36.827,8.00038,172.162,108.097,33.1955,20.4333,168.911,104.332,35.2777,16.2096,161.393
18457_00188,6.0,1380.0,5899.86,3945.28,4063.25,94578800000.0,180443.0,130.756,205.911,0.270038,1853.72,22.1667,12.7613,1.0,55.0,0.118813,0.0814293,0.0,0.719247,4283.57,2001.91,0.0,6278.62,7845.86,4138.22,14.8301,15940.1,0.77147,0.420192,0.0,1.0,72.4942,34.6027,0.276688,173.279,69.417,34.0626,3.56636,175.425,114.443,31.9811,0.107075,171.603,114.738,31.5152,4.63062,174.515
pre_18864_00051,8.0,594.0,1578.27,1735.62,3703.25,10144200000.0,102803.0,173.069,212.383,0.732773,2878.01,12.4007,6.41124,1.0,27.0,0.117185,0.0845416,0.0,0.572182,413.705,266.073,0.0,1287.67,962.351,603.437,22.7596,3833.54,0.696246,0.460665,0.0,1.0,71.0897,28.3168,7.6394,166.197,66.9231,31.9005,7.86925,165.671,120.827,24.2619,25.3593,167.675,115.126,30.9754,2.44298,165.218
18869_4571_x10055_y8359,4.0,504.0,384.97,906.33,674.7,235409000.0,25712.4,51.0167,67.4144,0.60508,545.991,9.53175,3.77327,1.0,18.0,0.107964,0.115322,0.0,0.802623,437.472,147.683,0.0,663.931,955.256,331.434,13.6808,1754.18,0.736,0.441684,0.0,1.0,79.3614,35.2652,17.0713,163.428,73.1772,42.6578,3.60519,175.918,113.241,31.1836,18.5953,167.511,110.393,36.0945,18.286,169.11
236174_3529_x13394_y26567,7.0,673.0,3352.4,3006.16,3558.63,35863300000.0,203840.0,302.883,341.148,2.48759,2780.54,10.9198,4.57927,1.0,22.0,0.145211,0.117159,1.42615e-05,0.838746,837.711,524.818,0.0,2620.26,1968.56,1210.56,11.7011,6030.62,0.681682,0.466525,0.0,1.0,62.6096,27.9052,3.45686,158.887,65.8413,34.4238,1.97544,153.269,123.74,25.959,13.676,164.646,113.962,29.7997,9.37269,172.262
18457_00121,9.0,343.0,2126.61,3827.68,2464.95,20064700000.0,32070.6,93.5002,236.362,0.509626,3284.09,11.1574,6.09081,1.0,24.0,0.133633,0.118601,0.0,0.640604,1953.43,1316.33,0.0,3441.78,5291.69,3686.29,7.51967,9427.44,0.688623,0.464449,0.0,1.0,75.6934,34.0611,6.06282,157.579,69.6827,33.4645,11.551,160.69,110.907,31.4377,4.68292,165.338,112.077,29.8989,11.8747,164.206
18454_01109,7.0,311.0,1249.23,2994.76,1091.22,4082410000.0,28031.0,90.1317,186.107,0.952504,2542.59,8.87781,4.43351,1.0,18.0,0.108346,0.090854,0.0,0.68575,1704.26,1119.75,0.0,2708.68,3373.2,2107.99,9.51333,6366.84,0.703947,0.458024,0.0,1.0,73.6514,31.1914,9.68628,174.089,63.2167,31.1854,5.45067,169.854,119.641,26.9024,30.9073,167.383,121.673,26.4136,48.2533,171.258
18457_00059,10.0,384.0,1023.38,2350.91,1586.08,3815910000.0,26267.3,68.4043,157.56,0.333107,2845.42,12.2188,6.69001,1.0,29.0,0.122012,0.097506,0.0,0.819871,1793.33,905.013,0.0,2390.18,3653.78,1878.68,11.503,5202.08,0.71123,0.454407,0.0,1.0,84.5346,36.0141,2.84069,174.568,75.0027,37.0921,0.847607,167.735,107.098,30.6886,11.4137,159.997,112.12,30.3673,29.0186,175.948
pre_18864_00180,10.0,464.0,2568.97,3354.46,1372.48,11827300000.0,74239.8,160.0,221.155,1.90087,1660.19,9.9569,6.11113,1.0,23.0,0.135778,0.102294,9.91395e-06,0.71116,632.751,658.929,0.0,2659.05,1146.87,1162.82,16.4308,5372.41,0.713656,0.453051,0.0,1.0,72.7492,31.7707,0.916249,149.744,64.0018,32.0079,0.916249,164.691,116.029,29.4987,14.8936,172.215,120.689,26.6491,43.9424,168.957
18454_01119,10.0,372.0,1473.65,1968.18,1918.58,5564670000.0,23908.0,64.2689,115.117,0.758397,1865.62,10.5484,4.87917,1.0,20.0,0.111153,0.0909978,0.0,0.561815,2052.4,976.655,0.0,2797.26,3153.3,1459.35,9.53209,4231.16,0.718232,0.451109,0.0,1.0,76.0138,30.002,3.46526,162.431,69.0279,31.705,9.0404,172.325,117.352,27.2567,27.6444,171.114,118.142,28.8335,15.2656,168.912
18454_01061,10.0,628.0,2260.63,2579.32,2619.07,15271500000.0,56829.9,90.4934,125.191,0.560072,1735.37,15.1274,7.43347,1.0,28.0,0.0962435,0.0792621,0.0,0.824704,2098.55,1270.32,0.0,3425.63,3631.74,2151.05,11.6192,6089.84,0.734628,0.442247,0.0,1.0,79.1882,29.8797,15.6705,174.065,67.682,31.1547,10.2077,169.482,115.642,27.101,9.23584,160.869,118.037,29.494,10.2542,166.179
18457_00049,8.0,428.0,1831.07,1747.64,2477.47,7928030000.0,35517.5,82.9847,144.156,0.438912,1865.49,14.243,7.29292,1.0,28.0,0.120766,0.0941028,0.0,0.742014,1895.05,992.584,0.0,2690.86,4333.27,2396.71,11.4143,6480.97,0.72381,0.448181,0.0,1.0,80.9004,35.2486,1.08635,175.741,74.83,35.5868,1.89608,164.726,112.129,31.587,1.3177,166.302,112.8,31.6771,7.45265,163.261
17302_00003,7.0,203.0,3896.95,908.16,1920.62,6797180000.0,15031.7,74.0476,179.83,1.09664,1714.24,9.85714,6.86534,1.0,26.0,0.181176,0.134012,3.71748e-05,0.61312,1750.47,1918.64,0.0,4105.26,2420.62,2494.59,10.1122,5921.57,0.77551,0.419391,0.0,1.0,80.6942,36.5676,14.513,155.633,78.8903,38.3392,15.874,162.385,108.204,33.7481,17.4668,158.18,98.388,38.8884,2.72673,161.7
18869_5694_x15073_y4098,10.0,984.0,2575.82,1989.92,2792.23,14312100000.0,118499.0,120.426,255.9,0.739255,5735.66,15.5691,10.1439,1.0,48.0,0.0775878,0.070988,0.0,0.71865,675.424,404.686,0.0,1654.04,4377.96,3664.82,17.9606,10196.0,0.708419,0.454958,0.0,1.0,73.8297,34.4066,0.818164,171.601,63.6602,34.3832,2.83434,172.664,115.871,32.2385,2.19761,173.965,119.229,33.1609,2.15458,173.796
18465_00003,6.0,550.0,4932.82,2135.8,1738.68,18317900000.0,28553.1,51.9148,100.406,0.431138,1638.67,23.4291,16.032,1.0,56.0,0.142807,0.127232,0.0,0.798338,2523.37,1808.85,0.0,4977.42,3817.86,2601.03,34.9429,7792.58,0.808824,0.393953,0.0,1.0,82.2849,39.1117,1.17204,174.841,79.462,38.2289,3.12955,178.982,104.33,35.3905,18.1148,170.216,101.164,34.5671,9.54476,169.757
17302_00013,4.0,370.0,1235.56,842.4,978.28,1018230000.0,14528.9,39.2674,68.5096,0.650406,1038.54,14.7351,7.58833,1.0,31.0,0.143144,0.124197,0.0,0.785785,890.77,512.449,0.0,1317.69,1527.5,842.139,9.717,2474.07,0.79235,0.406738,0.0,1.0,83.8287,38.0893,1.44778,167.634,81.7882,39.5581,0.887462,172.66,104.735,33.9772,12.6669,164.141,102.912,33.9344,3.07667,167.074
18454_00130,8.0,760.0,5392.86,3028.82,2827.69,46187500000.0,82080.0,108.0,159.55,0.898504,1996.22,23.9737,16.0674,1.0,57.0,0.1005,0.070705,0.0,0.551245,3411.9,1939.35,0.0,5288.13,6833.86,4387.25,12.0246,14870.3,0.694149,0.461381,0.0,1.0,77.3783,33.2614,2.73788,173.819,71.988,37.3754,5.59261,177.752,113.568,30.2174,0.534456,171.54,114.149,34.1464,4.72011,167.994
18453_4345_x12044_y5189,8.0,340.0,3229.07,4370.34,4224.92,59622700000.0,56311.1,165.621,364.785,1.23944,5953.99,9.02941,5.61017,1.0,24.0,0.116877,0.0954124,2.79718e-05,0.764465,563.516,773.421,0.0,4636.15,1129.21,1476.36,9.59657,7811.57,0.710843,0.454743,0.0,1.0,70.6673,26.6031,12.3049,151.555,65.4191,29.0895,7.13099,155.185,121.062,24.1513,8.17081,158.29,117.982,28.5469,32.8933,165.542
18454_00048,10.0,414.0,2687.87,2155.08,2904.2,16822800000.0,41550.7,100.364,194.107,0.298121,3343.16,14.6908,10.534,1.0,35.0,0.0845365,0.0691481,0.0,0.446245,2029.37,1618.89,0.0,3730.83,3792.72,3051.39,13.4169,8606.54,0.742574,0.438302,0.0,1.0,69.8528,28.5448,9.94963,151.036,60.9302,32.9327,5.56318,168.678,120.266,27.5227,0.865576,162.335,125.03,28.5581,24.5963,169.044
18869_7358_x8916_y4859,4.0,950.0,1032.6,1370.95,1218.82,1725420000.0,53463.9,56.2778,60.6976,0.491467,552.035,11.6716,4.66649,1.0,25.0,0.104556,0.089114,0.0,0.671173,250.429,186.244,0.0,1030.56,479.471,249.443,18.4723,1261.53,0.714588,0.452089,0.0,1.0,79.9019,31.74,0.9902,166.78,72.0709,36.7838,1.28454,173.04,112.763,28.095,17.7882,166.633,114.865,31.3701,16.3333,168.871
pre_18465_00369,4.0,56.0,1390.17,688.56,1139.45,1090700000.0,7046.02,125.822,183.866,2.15938,1045.94,4.28571,2.15503,1.0,9.0,0.17334,0.115327,8.88212e-05,0.540613,247.754,407.348,0.0,1408.04,495.697,643.706,30.0173,3160.96,0.769231,0.429669,0.0,1.0,77.2746,43.4716,7.04112,165.958,64.173,39.0314,10.9398,159.329,98.3165,41.4559,14.6336,158.033,110.224,31.5484,50.9592,150.273
18869_4426_x7611_y4421,8.0,354.0,4379.49,4578.59,3164.17,63447600000.0,53453.1,150.997,257.859,0.944472,1847.51,11.5085,6.32197,1.0,27.0,0.128145,0.114539,0.0,0.689858,1207.31,1190.99,0.0,3860.76,2558.0,2738.94,15.591,8995.96,0.734104,0.443092,0.0,1.0,78.304,26.742,18.2204,148.989,67.6041,33.9016,1.81879,175.339,113.636,25.8332,38.3933,158.974,111.6,32.1665,10.1188,170.519
18454_00058,7.0,361.0,5902.59,3900.31,4347.2,100081000000.0,89751.2,248.618,395.542,2.21051,3901.81,11.5263,4.93401,1.0,21.0,0.121507,0.0950895,4.16791e-05,0.845811,3277.12,1668.05,0.0,4926.16,7106.92,4328.23,10.9124,16642.3,0.745763,0.436667,0.0,1.0,75.0064,33.0882,1.78865,172.153,71.5015,33.0811,6.08776,171.3,115.734,29.8258,4.79225,164.606,110.851,33.2788,8.43432,163.987
18465_00035,6.0,312.0,5485.47,2222.73,930.5,11345300000.0,18388.7,58.9382,171.417,0.694883,2198.12,16.8526,10.0076,1.0,36.0,0.128103,0.119024,0.0,0.649093,3048.24,2308.45,0.0,5522.82,4239.6,3139.91,8.24222,7869.38,0.849673,0.358565,0.0,1.0,80.4955,36.2435,8.17474,156.704,79.64,38.0829,5.40967,174.547,107.161,34.7506,6.96338,167.753,103.762,36.2323,4.09804,164.457
18461_4862_x17603_y2198,7.0,321.0,1204.34,1239.82,1244.08,1857610000.0,44310.2,138.038,155.923,1.07343,828.698,8.68224,4.70558,1.0,20.0,0.116614,0.0970715,2.04878e-06,0.578887,305.708,251.01,0.0,789.66,692.566,598.121,14.8047,2477.02,0.726115,0.447378,0.0,1.0,72.2936,29.4194,2.06468,145.893,68.9794,31.0376,8.93858,169.396,119.398,25.9446,35.6167,175.926,116.147,26.8499,32.8402,162.95
17302_00025,4.0,752.0,4338.21,2379.3,2467.14,25465600000.0,66090.5,87.8863,145.014,0.92221,2155.25,25.4122,15.0232,1.0,56.0,0.152527,0.0995714,0.0,0.784328,2650.07,1666.14,0.0,4297.59,5124.69,3336.48,15.1875,11290.3,0.727273,0.445958,0.0,1.0,68.9565,34.232,0.662677,176.112,74.9615,35.4377,0.59065,171.16,112.893,33.4673,3.31866,175.062,110.422,32.1922,19.8717,172.892
17302_00035,9.0,431.0,1607.53,1914.61,3189.37,9816220000.0,40984.9,95.0926,170.08,1.00364,2064.23,16.5406,8.46265,1.0,30.0,0.128257,0.0954133,0.0,0.578568,2130.14,1127.66,0.0,2955.53,5025.79,2705.65,10.4677,7459.58,0.725118,0.447516,0.0,1.0,78.1169,36.0564,0.258807,169.528,73.0383,33.3073,6.78071,172.032,106.335,35.056,2.1938,176.327,110.653,31.8577,17.3,166.103
18453_2400_x15836_y7243,8.0,654.0,6714.24,4655.55,5735.91,179296000000.0,120549.0,184.325,340.995,0.567715,4456.98,11.8624,6.27858,1.0,27.0,0.13028,0.0908464,0.0,0.583184,960.011,1111.07,0.0,5380.47,2145.93,2511.86,10.5165,9195.44,0.718266,0.450542,0.0,1.0,76.8243,31.2902,6.71144,165.417,74.2873,33.4663,1.3109,171.24,112.842,29.3147,13.1627,165.971,109.53,29.6792,10.0758,169.542
18464_00080,8.0,524.0,1656.74,2174.97,3001.87,10816800000.0,62620.3,119.504,161.9,0.843535,1818.01,12.0076,6.20861,1.0,25.0,0.120098,0.0876347,0.0,0.527522,2037.35,1095.26,0.0,3025.21,3648.24,1970.84,9.91985,5642.84,0.709302,0.454967,0.0,1.0,72.7665,32.998,0.629212,168.652,66.087,30.169,1.30251,169.444,114.717,28.6486,10.4461,166.84,119.289,27.485,20.6147,165.404
18454_00106,6.0,540.0,2818.62,2556.15,1912.94,13782400000.0,49617.0,91.8833,196.956,0.894829,4231.93,13.7519,5.77191,1.0,25.0,0.117241,0.0973422,0.0,0.611458,2644.46,1369.46,0.0,3595.2,4445.26,2268.64,13.0977,6305.84,0.700375,0.458954,0.0,1.0,75.1887,33.2822,1.66828,169.888,67.1429,30.8049,7.25748,167.149,115.528,28.9062,12.9701,160.975,118.3,30.2411,7.3358,169.25
pre_18469_00086,9.0,1453.0,7071.49,6029.44,4416.54,188308000000.0,170809.0,117.556,224.357,1.04352,2668.48,19.1982,9.7866,1.0,46.0,0.137488,0.0991496,5.99848e-06,0.786827,1934.77,1796.21,0.0,5932.29,4285.32,4233.21,15.9382,14255.3,0.779778,0.414683,0.0,1.0,73.9803,36.9233,0.302237,174.652,71.9125,36.4036,2.9158,171.268,107.707,34.2183,10.0491,171.661,109.182,34.5835,9.5347,175.215
18457_00117,7.0,331.0,1780.96,3600.22,2682.42,17199300000.0,28950.5,87.4637,202.688,0.972714,2597.75,11.1027,6.68977,1.0,26.0,0.125503,0.0998351,0.0,0.82917,2120.89,1390.46,0.0,3493.59,4600.54,3084.88,14.8001,7526.98,0.716049,0.452311,0.0,1.0,72.1867,30.6008,0.260448,143.371,65.5605,30.3438,3.71578,146.929,115.934,27.5893,31.2247,168.601,117.869,25.7003,38.4114,174.24
18867_5203_x10027_y7237,9.0,499.0,5487.85,5539.71,3796.52,115418000000.0,74458.4,149.215,258.266,0.873436,2440.95,12.7515,6.12408,1.0,24.0,0.12161,0.0915363,0.0,0.575182,2169.6,1848.69,0.0,6014.36,3997.03,3311.99,12.0742,9749.4,0.718367,0.450716,0.0,1.0,77.0352,33.1597,4.58196,166.383,70.7344,35.5481,6.77441,175.531,113.22,29.4958,6.13553,169.948,112.745,30.3637,7.08935,170.849
18454_01047,8.0,436.0,1514.08,2508.85,1905.3,7237470000.0,37169.0,85.2499,143.784,0.611937,2158.47,12.8578,8.13128,1.0,31.0,0.0938644,0.0797883,0.0,0.616984,1810.77,1155.97,0.0,2978.05,3872.58,2543.04,9.46103,7166.02,0.714953,0.452495,0.0,1.0,76.8466,31.1738,4.41905,169.735,68.6451,33.5518,6.98944,171.05,117.079,27.7168,13.2057,168.844,115.948,30.2155,25.5863,164.449
18864_6384_x3409_y13059,10.0,312.0,3320.83,2010.25,5393.13,36002900000.0,63778.0,204.417,294.088,0.788249,2920.68,8.95513,5.30648,1.0,23.0,0.146731,0.114424,0.0,0.614728,674.686,978.207,0.0,3272.71,1383.33,1876.78,18.6189,6824.4,0.701987,0.458907,0.0,1.0,74.9584,31.8186,3.5879,157.021,71.594,34.791,13.1741,166.197,115.356,30.9899,22.9543,164.929,110.076,34.141,9.18644,166.665
17545_00111,4.0,276.0,2233.58,2098.75,935.43,4385040000.0,27428.2,99.3776,116.694,0.882803,1010.87,11.7754,4.90197,1.0,23.0,0.172363,0.119773,0.0,0.797704,446.545,644.359,0.0,2291.42,775.383,758.8,13.2536,3133.58,0.705882,0.45733,0.0,1.0,80.0099,37.9565,3.69319,170.918,84.8764,38.5362,11.7107,171.937,109.047,34.0931,2.28341,156.499,98.6964,35.3438,10.2707,167.04
18463_00007,4.0,230.0,3690.96,2712.82,1566.74,15687600000.0,18981.7,82.5291,142.685,1.22988,1390.35,20.3304,12.1092,1.0,43.0,0.131922,0.127478,2.388e-06,0.695058,2345.64,1398.95,0.0,4034.84,4388.61,2597.9,15.5703,8128.33,0.858407,0.350185,0.0,1.0,89.6838,35.8607,14.7358,171.695,84.326,37.6605,6.01574,171.869,101.818,33.1086,11.8467,161.12,98.611,35.9628,13.7899,163.199
18869_5980_x7654_y3517,7.0,379.0,2610.57,6006.82,2882.44,45200100000.0,49659.2,131.027,277.483,1.3637,3146.98,10.0607,5.06769,1.0,21.0,0.115573,0.10238,5.38373e-06,0.755002,1553.74,1710.44,0.0,5775.09,3110.74,3239.93,15.4613,9086.85,0.704301,0.457588,0.0,1.0,76.6179,32.5014,3.42493,162.861,67.8135,35.4708,2.53406,169.769,113.635,32.2333,1.77292,172.045,113.008,33.6551,1.17366,166.618
pre_18467_00342,3.0,685.0,4638.01,5234.41,3932.67,95474400000.0,46990.1,68.5986,155.38,0.261603,1550.66,29.6365,20.4596,1.0,75.0,0.131919,0.105871,0.0,0.595236,2082.45,1357.4,0.0,4831.65,5246.43,4116.69,10.7453,12961.9,0.826979,0.378821,0.0,1.0,86.9553,33.0511,4.16157,173.325,82.7364,36.0462,9.12268,172.633,102.407,31.5363,11.7478,156.076,99.0469,33.6756,14.9348,167.465
pre_18864_00067,6.0,434.0,982.51,1457.52,2959.41,4237960000.0,61949.8,142.742,188.361,0.416483,2524.35,15.2765,11.0822,1.0,36.0,0.12972,0.094959,0.0,0.534419,226.075,164.634,0.0,782.406,1599.91,1444.94,11.9896,4609.78,0.714953,0.452495,0.0,1.0,75.296,34.3292,0.954714,177.501,72.3115,38.3023,4.38415,174.96,115.685,30.2317,7.72268,169.581,110.657,34.1205,4.17789,169.686
18465_00292,9.0,567.0,1816.57,3034.47,2456.07,13538700000.0,48113.2,84.8558,113.656,0.889736,1480.11,11.0917,5.59929,1.0,25.0,0.102511,0.0730108,0.0,0.647288,1743.09,1139.77,0.0,3095.43,2991.27,1950.88,11.367,5479.27,0.706093,0.456368,0.0,1.0,69.3404,28.2645,1.33574,162.436,63.0268,30.5554,6.34069,164.033,120.664,24.3719,42.2538,168.586,122.155,26.3416,36.6356,171.334
18453_4067_x16924_y5288,8.0,508.0,4532.93,2539.15,2413.08,27774100000.0,93649.6,184.35,317.749,1.06062,3911.52,10.8386,5.42344,1.0,22.0,0.133959,0.0992718,1.7027e-05,0.696976,821.952,857.957,0.0,3178.78,1756.25,1920.54,11.2795,6791.68,0.696,0.460905,0.0,1.0,73.4574,30.1523,2.02626,167.51,71.2464,31.896,0.932581,154.086,116.644,28.4319,21.7509,167.256,110.652,30.27,9.16852,173.738
18864_2086_x2903_y21496,6.0,418.0,2556.24,1723.33,2775.38,12226200000.0,79722.3,190.723,228.667,1.63851,1495.66,8.87081,3.65904,1.0,17.0,0.125124,0.0972692,1.53059e-05,0.596793,397.613,466.291,0.0,2520.14,741.485,668.53,12.2176,3268.24,0.708738,0.455451,0.0,1.0,71.0034,27.3444,1.38047,154.88,66.9113,30.2014,12.6999,168.861,122.431,22.4786,49.134,169.88,116.267,29.7474,12.5367,170.491
18867_3525_x9958_y10743,11.0,417.0,9995.71,4888.86,5850.6,285905000000.0,58424.1,140.106,263.679,0.401915,2207.23,13.8441,9.18387,1.0,39.0,0.146495,0.10813,0.0,0.588371,2426.68,3322.36,0.0,10594.0,4175.08,5463.68,16.0143,17375.1,0.802956,0.398749,0.0,1.0,81.1317,37.0484,2.94603,172.915,72.3382,33.8592,3.26879,171.66,105.337,37.7275,0.58962,167.474,113.138,32.7477,3.48646,166.969
18465_00282,5.0,377.0,1230.32,752.16,790.72,731730000.0,15937.1,42.2734,66.259,1.12203,1042.02,15.8966,10.6677,1.0,39.0,0.144492,0.135536,4.30763e-05,0.818446,533.27,428.907,0.0,1031.75,1291.36,992.084,8.6633,2743.62,0.758065,0.429411,0.0,1.0,80.1115,36.986,7.83857,164.444,81.4332,36.4077,12.1539,177.156,110.299,28.2119,16.1552,161.655,104.99,33.546,19.8087,157.875
18868_4047_x27203_y7787,11.0,827.0,6382.7,5697.3,4148.48,150856000000.0,131807.0,159.38,253.399,0.822065,2409.85,12.1657,5.21294,1.0,26.0,0.128581,0.102373,0.0,0.777661,2467.03,1812.7,0.0,6338.31,4577.71,3317.97,21.8958,9906.86,0.720588,0.449261,0.0,1.0,75.6747,30.8137,0.179639,169.643,67.7111,32.5667,5.53489,174.699,114.311,28.2719,0.947055,164.319,114.284,30.7977,4.37766,170.209
18869_4841_x18666_y8144,7.0,353.0,630.32,512.21,1321.06,426512000.0,21621.1,61.2495,75.726,0.833216,698.531,8.94901,4.46994,1.0,21.0,0.102332,0.0791547,0.0,0.576281,569.433,276.594,0.0,948.655,826.841,398.57,13.5212,1612.94,0.763006,0.426473,0.0,1.0,77.4666,29.6519,7.41706,154.475,69.5206,34.0819,4.01557,176.66,116.098,25.0326,35.2457,165.878,114.246,31.9615,16.8024,167.482
18869_3321_x21485_y7678,7.0,249.0,5343.5,3345.39,3683.99,65855300000.0,37699.8,151.405,333.398,1.47855,4311.31,8.68675,4.49981,1.0,19.0,0.136477,0.115193,3.70609e-07,0.664232,1490.46,1877.44,0.0,6381.83,2376.75,2851.42,15.0332,8919.0,0.702479,0.459068,0.0,1.0,77.8431,33.0924,6.97616,169.334,66.0578,34.6801,6.91908,166.357,113.143,34.6388,9.97235,166.952,111.726,31.4153,28.2711,163.338
18455_4709_x21225_y13716,4.0,584.0,4378.27,3152.3,3053.95,42149500000.0,66800.5,114.384,201.289,0.476544,2495.12,16.9247,9.84204,1.0,35.0,0.12847,0.0948989,0.0,0.549147,2603.0,1807.82,0.0,4244.97,5520.22,3963.65,17.4571,11276.0,0.710345,0.454386,0.0,1.0,74.7089,32.6951,1.07022,175.666,69.2272,36.4139,2.27858,170.305,115.365,30.1435,4.86506,174.011,113.739,32.5977,5.91387,167.961
191812_3438_x6058_y10197,8.0,350.0,4255.47,3790.61,6345.16,102353000000.0,79167.3,226.192,367.658,1.06623,4402.15,7.83429,4.13677,1.0,19.0,0.152837,0.124241,3.88572e-06,0.772133,980.94,1344.84,0.0,4951.53,1928.07,2482.38,10.319,10391.8,0.719298,0.450662,0.0,1.0,70.2539,37.9221,0.213665,178.621,69.2108,35.1472,5.41258,170.416,114.433,34.5684,1.54886,169.725,111.775,31.1758,11.721,171.282
191807_2469_x5431_y10056,10.0,1064.0,8977.5,5108.69,4403.14,201942000000.0,158384.0,148.857,226.107,0.418032,2043.22,20.4323,11.7184,1.0,46.0,0.116463,0.090588,0.0,0.715046,3345.34,2804.41,0.0,8417.97,5117.16,4326.51,11.4056,14014.0,0.745731,0.435863,0.0,1.0,74.7254,32.3563,2.61316,177.669,70.1596,33.8247,5.07658,164.891,113.476,29.264,9.84306,172.099,110.944,32.9925,2.97971,168.34
18464_00141,4.0,392.0,4492.94,1202.05,1670.22,9020420000.0,27386.3,69.863,157.683,0.800049,1819.31,16.4133,11.3249,1.0,41.0,0.155831,0.127201,0.0,0.722592,2338.58,1974.68,0.0,4477.91,4080.81,3444.03,10.1547,9084.65,0.798969,0.401808,0.0,1.0,85.9816,36.1136,13.6452,163.643,84.0311,36.5784,9.15178,168.705,100.392,32.9725,8.78623,168.64,96.9998,33.9488,10.986,167.384
18464_00029,6.0,418.0,1873.55,2395.11,2774.39,12449700000.0,44249.0,105.859,194.576,0.29332,2724.11,12.1818,6.8625,1.0,33.0,0.115445,0.0861063,0.0,0.529951,1704.76,947.8,0.0,2681.98,4954.03,2855.89,11.1795,7970.27,0.723301,0.448456,0.0,1.0,76.3246,32.5445,2.01321,171.68,75.0659,35.633,8.04857,173.872,112.216,32.2148,5.2396,171.905,107.472,30.8256,14.3181,165.129
18464_00133,10.0,864.0,2903.95,4020.12,3002.5,35051900000.0,81706.3,94.5675,148.932,0.234719,3073.05,13.1528,6.28926,1.0,27.0,0.0955411,0.0757315,0.0,0.708192,2309.67,1481.57,0.0,4098.51,4825.13,3419.45,9.06525,9290.75,0.735363,0.441657,0.0,1.0,71.5767,31.7994,3.45612,164.556,65.6146,29.8476,8.9279,169.138,118.18,28.0717,0.657081,171.487,120.43,25.9549,25.5265,168.969
pre_18458_00360,2.0,46.0,1112.93,330.63,1391.52,512035000.0,5546.47,120.575,203.039,0.369185,1238.26,5.13043,2.58722,1.0,11.0,0.140953,0.0993757,0.0,0.501928,319.725,447.501,0.0,1414.74,585.765,745.069,40.9294,2416.71,0.727273,0.455842,0.0,1.0,84.6532,33.6288,34.217,161.607,64.4364,42.2201,13.9112,142.06,110.085,31.8543,40.4529,158.609,112.909,35.6888,50.8184,159.658
18470_3227_x19287_y16117,9.0,585.0,3994.81,3950.81,2541.55,40112600000.0,49092.7,83.9191,140.344,1.59871,1623.98,15.0479,9.40969,1.0,42.0,0.161314,0.115804,2.18963e-05,0.794907,933.946,1228.64,0.0,3517.87,2049.51,2661.38,13.5994,9285.28,0.756944,0.429675,0.0,1.0,82.7845,35.769,3.77463,166.78,81.0297,35.7605,2.25966,166.843,107.555,31.9308,14.9027,164.724,103.98,31.6791,1.01004,171.057
17545_00163,8.0,478.0,1699.47,1527.34,3116.82,8090230000.0,47795.9,99.9915,141.238,0.613563,1582.51,11.0753,4.79633,1.0,20.0,0.136194,0.101109,0.0,0.783706,2150.52,1110.07,0.0,2956.99,4112.72,2132.23,11.6738,5892.58,0.67234,0.470362,0.0,1.0,69.9972,31.2116,0.733528,166.719,63.997,30.978,1.94447,144.425,116.555,28.1957,35.5523,170.94,119.381,29.0034,23.8572,169.846
18463_00075,7.0,297.0,318.17,695.03,1190.27,263213000.0,16712.9,56.2724,56.1919,1.26185,367.897,11.6465,7.49457,1.0,29.0,0.128666,0.104462,2.37549e-06,0.724402,379.064,302.868,0.0,998.131,619.987,443.413,12.0748,1538.87,0.737931,0.441284,0.0,1.0,76.7609,34.295,1.06071,164.014,76.1753,36.4382,3.03666,161.463,111.542,28.0298,37.2914,161.054,103.946,32.0297,24.209,160.891
18453_7223_x30215_y5120,7.0,339.0,2461.43,1712.56,6764.44,28514400000.0,50226.8,148.162,345.832,1.58383,5364.04,8.88791,4.9857,1.0,22.0,0.130944,0.118674,2.00701e-06,0.777624,391.662,735.522,0.0,5794.31,782.138,1246.07,9.449,9524.89,0.753012,0.432565,0.0,1.0,80.4062,30.9567,2.15838,161.571,79.6289,38.0318,8.94395,169.374,112.336,29.469,8.5403,165.846,101.767,34.6869,12.8886,167.693
17545_00173,8.0,416.0,2041.67,3207.81,1568.37,10271700000.0,43149.8,103.725,194.445,0.432171,2292.58,11.9038,6.43937,1.0,23.0,0.139369,0.0927927,0.0,0.621111,1689.53,1166.97,0.0,2778.5,5200.54,3586.8,6.63479,8155.49,0.715686,0.452197,0.0,1.0,68.9686,34.2666,4.45727,157.627,66.6256,30.9871,9.69346,169.966,114.345,31.9282,15.1505,167.224,120.082,27.3592,42.1796,171.962
17543_2434_x11441_y5587,8.0,432.0,3543.66,1592.4,7566.4,42696600000.0,62012.4,143.547,324.25,1.69015,5653.21,9.5787,4.80461,1.0,21.0,0.170456,0.12436,2.84982e-06,0.711477,1057.66,1844.36,0.0,7032.81,1839.49,2570.11,14.0578,10057.9,0.721698,0.449224,0.0,1.0,70.5129,36.9446,1.73762,172.422,75.6328,39.7429,5.32533,172.422,109.828,34.6951,2.00119,172.855,105.768,36.0356,7.62829,173.364
18458_00580,8.0,698.0,3358.92,2251.44,2133.53,16134600000.0,58490.4,83.7971,126.361,0.336007,2565.13,24.5587,14.9839,1.0,53.0,0.113194,0.0912586,0.0,0.681188,2848.42,1456.11,0.0,3919.17,4950.98,2616.39,15.2159,8292.83,0.730435,0.444378,0.0,1.0,78.4672,40.0223,1.56009,177.42,72.1793,37.9899,3.92685,176.086,109.652,36.8689,3.2323,168.671,114.532,34.4688,7.44171,171.393
18454_01035,9.0,243.0,594.49,3170.81,1259.29,2373780000.0,22898.2,94.2313,243.389,1.37991,3659.88,8.88477,4.41297,1.0,17.0,0.104465,0.0792293,2.35741e-06,0.423471,2084.52,1144.37,0.0,2926.24,3993.83,2161.32,7.59178,5730.54,0.74359,0.438529,0.0,1.0,70.3797,33.235,13.9713,169.69,59.8347,29.8045,11.6923,128.371,121.229,27.7122,4.88738,165.454,124.677,24.3826,56.044,166.304
18868_4221_x5685_y12199,9.0,577.0,5360.47,3218.84,4312.75,74414300000.0,64000.6,110.92,219.137,0.617936,2740.65,12.1438,5.64811,1.0,25.0,0.137914,0.116826,0.0,0.951498,1395.93,1673.28,0.0,5970.4,2284.79,2550.76,21.3031,8697.03,0.746479,0.435795,0.0,1.0,78.217,35.3024,0.48918,172.492,73.1689,36.8327,6.66706,163.294,109.865,31.5629,3.14479,162.475,111.222,32.5939,20.4803,173.593
191812_3922_x8455_y6768,10.0,642.0,4483.33,4177.36,9986.3,187028000000.0,136251.0,212.229,427.899,1.89404,7489.8,13.3925,6.6409,1.0,25.0,0.120366,0.0883488,0.000106707,0.580947,1872.19,2312.65,0.0,9011.58,2890.82,3120.35,13.0202,12229.8,0.71519,0.45204,0.0,1.0,73.9554,28.8944,5.05154,172.132,65.4005,33.6574,2.01957,159.745,118.681,24.6332,35.3777,171.814,115.16,29.8678,19.2634,171.134
18453_6316_x30559_y4743,7.0,225.0,956.51,1061.74,1582.45,1607090000.0,24090.6,107.069,165.031,0.559683,1458.98,7.56,4.66246,1.0,19.0,0.120364,0.104961,0.0,0.647363,163.195,217.986,0.0,1192.03,507.022,606.593,12.0838,2918.82,0.697248,0.461571,0.0,1.0,86.9622,34.6064,10.3647,169.263,82.5854,38.202,14.8712,167.298,108.552,29.7848,3.80297,156.832,104.826,34.824,0.677419,159.326
18454_00174,5.0,329.0,4356.27,1367.1,1877.26,11179900000.0,25060.3,76.1712,153.202,0.602161,1979.77,20.5623,12.1461,1.0,44.0,0.175453,0.148608,0.0,0.882239,2043.15,1587.57,0.0,4517.52,4688.1,3216.88,14.714,9588.82,0.802469,0.399371,0.0,1.0,81.2175,35.8292,2.63716,166.678,78.6463,38.8439,5.08121,157.989,104.76,33.4507,29.9223,171.525,101.317,37.2871,7.74233,165.001
18869_5684_x13521_y3699,10.0,784.0,6155.1,5822.14,3148.64,112834000000.0,123961.0,158.113,308.105,0.177139,3541.93,14.0306,7.3881,1.0,31.0,0.0946508,0.0786551,0.0,0.739804,1877.79,1677.62,0.0,5309.13,3924.91,3821.83,13.7694,11936.9,0.723514,0.447839,0.0,1.0,74.4004,31.132,4.75709,173.901,66.0284,33.3404,7.1976,174.757,117.427,28.0779,0.293589,165.219,117.903,28.9382,14.7173,170.55
18454_00164,11.0,543.0,3118.92,2163.93,2662.51,17969600000.0,47842.0,88.1067,139.156,0.605314,1777.25,13.4383,8.1165,1.0,32.0,0.0869245,0.073606,-2.50552e-08,0.728843,2393.3,1488.67,0.0,3694.13,4600.63,2957.14,12.5334,8015.31,0.733083,0.443183,0.0,1.0,74.1015,35.5363,1.49147,167.951,61.7103,31.6583,7.26717,173.713,113.411,32.8133,7.74541,168.262,122.803,29.9643,11.3112,172.278
18455_4619_x10185_y12182,5.0,223.0,1552.96,1826.3,950.13,2694730000.0,23741.1,106.462,118.713,2.76562,771.927,9.95964,5.4113,1.0,22.0,0.140341,0.109685,9.20868e-05,0.661796,409.97,386.336,0.0,1390.01,732.816,537.267,14.7161,2149.3,0.733945,0.443934,0.0,1.0,83.046,31.0293,25.8082,173.839,84.8929,37.4751,8.71748,172.721,105.933,30.8449,0.585699,158.002,98.9554,34.1741,18.8175,173.138
18465_00057,9.0,487.0,3630.85,3733.01,2317.86,31416300000.0,55885.4,114.754,297.101,0.854765,6007.92,10.848,5.63951,1.0,23.0,0.101702,0.0866546,0.0,0.653411,2845.37,1595.94,0.0,4047.1,6837.38,3843.01,8.43438,9988.69,0.719665,0.450105,0.0,1.0,76.6777,36.5824,5.29677,172.921,72.852,38.5545,3.76262,173.346,114.917,32.2939,25.6102,166.431,112.457,35.8448,6.90212,173.637
pre_18454_00376,6.0,344.0,4954.1,2496.52,1034.36,12793000000.0,21884.4,63.6175,152.139,1.00909,2185.13,17.0058,10.5651,1.0,39.0,0.147187,0.126611,2.02181e-05,0.764559,3023.25,2025.44,0.0,5114.04,4487.11,2886.82,12.6103,8396.83,0.810651,0.39295,0.0,1.0,83.1661,37.097,4.95279,162.208,82.0067,34.1143,6.40881,168.063,107.125,36.7745,8.09965,175.824,99.8345,33.8939,13.18,165.52
18457_00203,7.0,527.0,1672.9,3658.48,2177.87,13329200000.0,45684.1,86.6872,179.521,0.462906,2580.76,16.3397,12.0504,1.0,42.0,0.112657,0.0941841,0.0,0.675915,2637.65,1514.59,0.0,3854.87,5402.53,3100.43,14.7077,8567.48,0.703846,0.45744,0.0,1.0,77.3252,35.6464,0.260891,171.977,70.4908,35.5502,7.50341,170.108,115.503,30.2196,2.91471,170.829,114.341,30.4106,15.0313,168.095
17302_00047,3.0,271.0,1438.93,1814.07,1446.24,3775150000.0,27309.3,100.772,133.321,2.22582,1003.44,11.7306,4.24759,1.0,21.0,0.146879,0.10216,1.96779e-05,0.540325,391.472,514.65,0.0,1818.48,817.034,751.221,16.7478,3023.56,0.716418,0.452428,0.0,1.0,81.6192,28.8741,20.3489,142.221,83.8449,36.3041,10.6892,167.14,110.03,26.6263,27.2267,160.861,100.15,33.3943,2.07883,159.423
18465_00047,8.0,1148.0,4598.22,3772.82,3380.81,58651100000.0,135935.0,118.41,220.571,0.280016,3205.97,18.8606,8.82898,1.0,46.0,0.113848,0.0867427,0.0,0.64003,2734.96,1183.73,0.0,3609.42,9746.61,4420.32,18.9161,14353.0,0.750877,0.432885,0.0,1.0,75.289,33.3486,0.90162,171.128,69.0342,31.0801,6.45379,169.337,114.7,28.9971,4.41221,169.97,114.42,30.395,3.23929,170.826
17302_00057,6.0,462.0,1544.72,2130.73,935.88,3080340000.0,29602.0,64.0735,76.1553,0.840417,484.453,13.4199,6.50188,1.0,33.0,0.153882,0.118777,0.0,0.67715,328.282,422.982,0.0,1832.87,723.23,583.861,13.9126,3024.14,0.745614,0.436474,0.0,1.0,82.19,31.1686,10.3139,165.419,84.9409,35.692,11.5904,175.525,105.049,30.7363,27.3385,156.161,97.0247,32.6004,13.9699,154.06
18455_00125,12.0,598.0,2511.09,3152.55,1109.47,8782940000.0,45219.4,75.6177,114.035,0.620814,2188.37,27.7324,19.1498,1.0,61.0,0.0903096,0.0785139,0.0,0.570288,2633.63,1409.57,0.0,3659.1,4355.96,2400.97,15.4271,7511.4,0.733788,0.442732,0.0,1.0,83.1267,35.2933,6.27731,172.423,77.1327,40.664,5.10257,177.545,109.867,33.1275,4.33391,173.017,108.265,36.8598,0.932513,170.722
18867_5169_x12576_y5864,12.0,988.0,5586.35,5061.78,3131.05,88536300000.0,101333.0,102.563,210.306,0.62131,2641.41,16.9372,7.25412,1.0,31.0,0.106229,0.0861494,0.0,0.649402,2249.95,1478.47,0.0,6138.39,4681.31,3220.9,12.9331,10665.1,0.758197,0.428615,0.0,1.0,82.2719,32.0136,0.475789,171.897,77.223,35.3087,1.27174,173.38,108.368,29.7336,5.66416,163.797,105.661,33.7423,3.014,166.667
18455_00135,8.0,284.0,448.42,694.0,932.33,290144000.0,14326.2,50.4444,51.6417,0.776259,332.001,10.1479,6.02462,1.0,22.0,0.132641,0.105838,0.0,0.687217,352.369,286.451,0.0,848.915,753.592,581.879,11.8737,1690.59,0.76087,0.428106,0.0,1.0,82.9451,36.3391,12.1433,175.106,76.8271,37.4128,6.1471,170.922,105.858,33.6168,1.03998,171.605,105.13,33.2358,25.7101,164.181
18458_00612,4.0,306.0,2866.39,2960.28,3026.05,25677000000.0,37697.3,123.194,257.205,1.08334,3414.45,9.31373,4.20534,1.0,19.0,0.136792,0.095533,1.83145e-05,0.607626,1822.78,1252.6,0.0,3338.86,5152.43,3721.96,10.0645,9388.16,0.708609,0.455915,0.0,1.0,75.2382,32.0053,4.7916,155.549,68.4524,31.6093,1.15256,162.865,113.252,28.4945,26.8056,162.552,113.726,29.4291,27.2988,165.57
18458_00057,5.0,353.0,3721.05,3395.55,1908.15,24109500000.0,36358.1,102.997,349.733,0.263033,6289.56,13.0113,7.34459,1.0,27.0,0.11338,0.11521,0.0,0.682902,2175.33,1377.0,0.0,3409.64,6108.67,4009.3,8.28541,10226.0,0.747126,0.435914,0.0,1.0,77.8542,34.3974,2.72654,171.033,74.5103,35.1227,11.4824,159.514,112.529,32.0293,1.61659,177.145,111.602,32.7562,19.8528,163.121
pre_18864_00413,7.0,507.0,4370.37,5193.72,3243.33,73618700000.0,91691.3,180.851,244.279,1.21891,1530.18,16.1519,9.53559,1.0,37.0,0.133671,0.103614,1.7411e-05,0.63006,862.227,1326.62,0.0,5859.2,1741.75,2137.32,13.8973,10669.6,0.732,0.443806,0.0,1.0,73.8401,35.2707,4.30689,170.122,73.5765,37.8482,1.69233,172.206,113.606,30.9306,0.375034,164.289,107.206,36.9712,0.982232,174.856
191801_1996_x10466_y16907,4.0,260.0,3520.93,1464.27,5454.06,28118900000.0,56985.0,219.173,312.29,1.24393,2419.38,13.7154,8.43987,1.0,29.0,0.154075,0.105681,3.8877e-05,0.52926,1533.42,1503.65,0.0,4455.56,3489.68,3567.57,15.8764,9474.73,0.726562,0.447475,0.0,1.0,75.0186,32.5534,4.06415,173.722,75.8531,39.5287,9.25252,158.994,118.625,26.1157,22.2402,169.828,107.019,32.2545,19.4351,157.585
18464_00016,6.0,256.0,1536.44,1773.38,1233.65,3361320000.0,14803.3,57.8254,127.942,0.94019,1885.82,9.40625,5.30399,1.0,21.0,0.137871,0.112037,0.0,0.764543,1056.52,799.874,0.0,1888.2,1900.68,1386.89,16.8425,3562.21,0.792,0.40751,0.0,1.0,77.9653,36.7207,1.96332,166.782,79.0602,39.0077,5.23231,169.297,109.868,30.7975,13.0468,157.726,106.786,31.7646,9.7093,160.053
18869_5123_x17555_y3609,7.0,561.0,860.7,650.6,762.74,427112000.0,25032.5,44.6212,43.584,0.798315,276.675,13.631,5.52892,1.0,29.0,0.117694,0.0952466,0.0,0.566718,162.812,105.577,0.0,633.675,357.017,171.355,15.348,1041.43,0.754513,0.431155,0.0,1.0,84.1953,32.7435,7.03253,171.203,80.5987,34.8199,2.06008,172.355,106.871,27.5848,0.568932,163.703,107.347,29.6726,8.81056,164.773
18867_3807_x9130_y11820,8.0,360.0,5226.32,2743.48,3830.59,54924200000.0,43226.1,120.072,281.668,0.271117,2700.05,11.7167,6.42703,1.0,28.0,0.138501,0.114647,0.0,0.754059,1385.9,1710.85,0.0,6161.15,2707.93,3354.54,18.6981,8567.61,0.738636,0.440631,0.0,1.0,79.8152,32.0402,5.95739,171.33,73.6261,35.9549,2.05557,176.238,106.786,28.6931,15.0514,163.933,105.589,31.1226,8.95696,169.889
18463_00028,9.0,603.0,1864.25,2888.2,2493.63,13426500000.0,55984.3,92.843,141.157,1.02449,1594.8,11.9884,5.87649,1.0,25.0,0.0792114,0.0711683,1.46636e-06,0.468167,2067.76,1090.5,0.0,3249.62,4118.83,2186.25,7.78139,6763.16,0.734007,0.442606,0.0,1.0,70.4006,34.2886,1.54716,178.334,63.2706,32.0039,2.63299,173.259,117.936,30.7085,3.97318,170.504,121.584,29.9374,11.3725,166.853
18868_3009_x28076_y11485,9.0,913.0,9329.42,4296.4,5849.79,234477000000.0,133435.0,146.15,231.534,0.145744,2571.56,19.2212,11.4142,1.0,45.0,0.129028,0.0955418,0.0,0.762973,3325.21,3097.82,0.0,9780.41,7173.57,7121.91,17.1262,21711.4,0.723451,0.447787,0.0,1.0,77.6312,33.4877,2.98843,169.484,68.3802,37.5069,4.71753,178.331,112.186,30.9828,1.78746,173.385,114.927,33.1249,9.8411,169.338
18458_00249,7.0,393.0,3516.3,3603.28,2263.83,28683200000.0,47092.8,119.829,346.922,0.985556,5915.19,15.7023,9.42264,1.0,35.0,0.107787,0.102209,0.0,0.758092,2301.23,1327.55,0.0,3400.17,9268.7,5531.94,31.5482,14835.8,0.756477,0.430325,0.0,1.0,72.393,38.4733,2.95249,171.76,71.2064,38.1524,3.27352,167.752,115.525,35.3411,3.39056,176.606,111.437,35.1978,21.353,175.388
18867_6468_x21532_y7741,6.0,384.0,2462.77,986.87,1925.72,4680340000.0,43396.4,113.011,192.463,0.840465,1833.83,15.5625,8.42824,1.0,34.0,0.140599,0.106621,0.0,0.643219,1175.99,900.616,0.0,2456.28,2673.83,2030.84,8.84014,6692.47,0.740741,0.439392,0.0,1.0,79.7447,38.0386,8.69632,166.957,77.111,38.9737,2.80318,164.819,109.638,33.5913,13.4132,174.479,105.312,36.5503,5.76885,172.033
17545_00046,5.0,181.0,2189.0,1975.95,956.31,4136380000.0,11176.3,61.7475,95.2856,0.703305,625.343,13.8398,7.72455,1.0,30.0,0.161422,0.116952,0.0,0.580212,1346.71,920.337,0.0,2496.97,2066.77,1300.9,14.0222,3983.95,0.818182,0.387905,0.0,1.0,79.2809,35.0644,1.51843,165.413,83.4626,37.0274,5.7813,164.738,104.33,32.8455,35.4545,163.561,100.718,34.6233,15.6888,169.164
18463_00038,6.0,426.0,2644.64,1747.28,2543.95,11755400000.0,33042.2,77.5638,141.018,0.824332,2296.7,13.2066,6.70624,1.0,26.0,0.0832881,0.075657,0.0,0.593183,2439.91,1394.22,0.0,3548.27,3866.22,2219.78,13.7286,5786.54,0.709524,0.455067,0.0,1.0,72.7215,30.4195,2.00586,167.416,61.075,31.4793,0.23733,171.126,118.652,28.837,8.44291,171.611,123.788,27.2004,14.6311,170.339
17545_00056,8.0,454.0,728.76,2481.52,1339.5,2422390000.0,34336.6,75.6312,125.028,0.688787,2023.53,13.7885,7.05195,1.0,34.0,0.137102,0.0940494,0.0,0.689188,1796.11,866.888,0.0,2453.63,4022.59,1923.94,12.3813,5770.6,0.721973,0.449035,0.0,1.0,78.2362,36.6816,0.723152,169.373,71.8714,35.7425,8.31592,167.47,111.629,31.2001,1.32043,168.94,114.176,30.0906,22.7636,168.852
18453_6537_x8725_y4484,7.0,293.0,3150.03,1163.09,2429.15,8899840000.0,44999.4,153.581,247.198,2.24163,2596.79,7.40956,3.73288,1.0,15.0,0.149697,0.128663,5.12625e-06,0.98715,514.9,631.962,0.0,2305.42,1091.5,1185.13,15.311,4168.77,0.734266,0.443276,0.0,1.0,75.9167,27.7965,17.5368,164.25,74.9048,34.6684,9.48382,164.52,115.577,26.6516,19.6035,166.405,109.337,33.3464,7.57821,163.829
18458_00564,5.0,303.0,1158.52,3006.92,1034.34,3603200000.0,28244.5,93.2162,189.141,0.689062,2886.52,9.38944,3.90959,1.0,20.0,0.113669,0.0878214,0.0,0.561978,2027.1,1234.59,0.0,3024.01,3721.53,2218.56,12.0835,5496.61,0.697987,0.46068,0.0,1.0,70.6205,29.8544,5.73535,141.377,64.3033,32.9084,3.21834,158.65,117.754,25.897,36.0304,166.367,121.011,25.7944,46.2106,172.69
pre_18864_00048,7.0,397.0,1989.03,1153.65,1115.07,2558680000.0,48495.0,122.154,138.923,0.791839,756.481,11.1008,6.54934,1.0,27.0,0.150965,0.119248,0.0,0.782416,274.305,235.06,0.0,1582.46,754.514,762.057,7.32427,3440.44,0.723077,0.44863,0.0,1.0,78.5038,35.0431,5.50078,158.917,77.8876,35.3773,4.23383,159.86,110.558,30.311,11.2343,160.678,105.207,31.0943,6.45627,160.925
18455_00253,7.0,717.0,2155.5,1739.25,2805.62,10518100000.0,46057.1,64.2358,94.3544,0.318902,1217.74,24.6513,13.3181,1.0,50.0,0.083387,0.0761105,0.0,0.779493,2461.1,1155.43,0.0,3323.15,4140.0,1981.26,11.7577,6753.52,0.732394,0.443336,0.0,1.0,81.4874,35.1656,1.48415,176.096,74.6721,35.917,4.01381,176.52,110.634,34.5481,1.29309,168.919,113.734,32.4563,13.1532,171.091
191812_4664_x8027_y25176,13.0,403.0,4949.15,4339.57,9200.99,197611000000.0,85905.2,213.164,514.727,0.650458,7278.26,7.2134,3.68054,1.0,17.0,0.117621,0.0921534,0.0,0.73945,1600.38,2432.69,0.0,8565.0,2655.95,3947.91,23.3966,15242.0,0.723077,0.44863,0.0,1.0,68.4204,31.5094,1.94449,171.368,66.5805,33.9957,2.18124,169.929,121.436,25.0254,43.3802,169.541,113.998,31.6061,28.2116,172.327
18458_00574,8.0,478.0,1284.25,1590.11,3016.9,6160810000.0,49184.0,102.895,168.696,0.926318,2384.81,10.3013,5.25505,1.0,22.0,0.0934028,0.0748204,0.0,0.669014,1708.13,1225.92,0.0,3006.88,2734.59,1949.0,19.8997,5670.19,0.702128,0.458299,0.0,1.0,72.9664,30.2931,2.13649,159.519,63.1243,28.623,4.99986,165.83,119.399,26.9845,30.5334,171.234,122.979,26.4194,10.6784,167.094
17543_3842_x7369_y3542,8.0,472.0,2394.39,3349.59,8747.75,70158900000.0,78071.6,165.406,319.11,0.954468,5842.25,10.822,6.60069,1.0,31.0,0.143209,0.12774,0.0,0.71499,615.276,1531.75,0.0,8151.77,1147.14,2152.21,11.9415,11672.5,0.711207,0.454181,0.0,1.0,70.1965,41.7299,2.63738,179.94,67.8554,38.1235,5.03798,158.888,108.589,40.1204,2.22148,174.554,111.649,35.6514,4.39798,170.373
18454_01110,8.0,398.0,791.68,2889.41,1675.6,3832920000.0,33854.7,85.0621,135.265,0.677655,1868.05,9.92462,4.55023,1.0,22.0,0.0947761,0.0716345,0.0,0.478367,1967.09,989.59,0.0,2711.11,3710.46,1866.01,9.54806,5256.23,0.723077,0.44863,0.0,1.0,75.0746,27.3125,3.82992,150.722,66.8132,28.6131,4.66462,148.904,116.07,23.7937,38.3658,164.716,120.012,25.5602,39.1308,165.68
18462_00024,6.0,422.0,2000.27,3818.35,2192.68,16747100000.0,42035.4,99.6101,336.228,1.02316,6554.2,18.3602,12.489,1.0,42.0,0.0853497,0.0748316,4.25606e-06,0.538188,2232.91,1323.34,0.0,3330.39,6576.85,4067.97,6.44956,10052.0,0.725962,0.447105,0.0,1.0,76.9493,32.2733,7.16414,164.837,68.6142,31.9049,8.86068,161.456,114.172,29.1239,11.1079,173.235,117.241,27.6601,18.7467,166.484
18457_00040,5.0,379.0,5093.45,1966.91,1227.83,12300800000.0,19837.4,52.3415,109.877,0.42784,1218.4,24.8734,13.7011,1.0,52.0,0.155281,0.150166,0.0,0.832871,2245.34,1684.58,0.0,4948.72,3645.92,2397.9,7.89183,7523.68,0.812834,0.391092,0.0,1.0,85.2392,37.2107,1.03074,161.138,83.6774,38.7013,5.4654,174.542,104.618,32.6451,1.92064,170.618,98.5045,33.9738,18.1319,168.667
18457_00128,7.0,571.0,2154.49,1669.1,2414.22,8681680000.0,35833.0,62.7548,110.848,0.642513,2051.74,22.5096,12.3876,1.0,41.0,0.113473,0.0963564,0.0,0.556123,2383.42,1055.32,0.0,3061.9,3568.18,1588.87,9.4892,4861.46,0.716312,0.451589,0.0,1.0,81.9155,36.0604,3.82956,176.69,76.9452,36.0275,4.38864,178.703,108.189,33.9696,2.18939,170.609,113.101,29.155,6.96449,170.199
18454_01100,7.0,359.0,1202.59,2443.07,1332.69,3915460000.0,27269.4,75.9593,146.494,0.882566,2478.8,10.5877,5.09271,1.0,20.0,0.0910138,0.0733713,0.0,0.592546,1705.76,1049.03,0.0,2632.61,2910.7,1760.72,3.56935,4419.77,0.6875,0.464835,0.0,1.0,75.4834,30.5519,2.92433,176.213,67.4244,33.9325,12.3699,173.375,116.524,27.5317,22.0836,162.564,119.048,28.2442,21.1223,168.074
17786_00022,7.0,153.0,3616.63,1963.82,3734.7,26525400000.0,20125.1,131.537,374.741,1.00726,4230.5,8.62092,4.96568,1.0,19.0,0.196634,0.13212,6.98694e-05,0.646104,985.8,1345.87,0.0,4025.21,2178.03,3118.77,8.9903,9513.35,0.794521,0.406848,0.0,1.0,75.8509,33.1088,19.4763,151.697,78.6944,33.8844,19.4883,145.345,107.345,28.1669,30.5968,160.958,103.277,33.7876,19.8678,163.255
18465_00204,7.0,197.0,1958.87,570.13,516.44,576765000.0,10836.7,55.0085,106.826,0.643592,1332.46,10.7665,7.28195,1.0,27.0,0.129259,0.121068,0.0,0.746313,845.25,787.923,0.0,1932.89,1206.5,1006.69,9.23651,2919.66,0.810526,0.393963,0.0,1.0,89.2087,34.6212,5.81998,166.547,83.1739,35.0264,16.606,160.0,100.173,33.7379,2.31502,173.107,102.567,32.0191,32.5501,164.847
18454_01078,4.0,332.0,1811.72,2239.81,1307.65,5306330000.0,38683.7,116.517,149.838,0.926155,1154.31,9.5241,4.34147,1.0,23.0,0.153972,0.125474,0.0,0.701447,298.702,374.582,0.0,2158.18,656.065,576.247,18.0991,3273.5,0.743902,0.437813,0.0,1.0,78.9947,37.2759,2.57042,168.226,82.1847,35.7762,15.9162,172.862,112.266,31.1051,1.91114,170.273,101.805,33.2135,7.87528,163.25
191807_4114_x3589_y10280,10.0,1130.0,9268.1,6405.14,3127.75,185674000000.0,140214.0,124.083,232.569,0.427246,2821.24,15.3788,6.90502,1.0,31.0,0.123633,0.103715,0.0,0.766364,2326.07,2193.22,0.0,9302.43,4312.81,4028.09,11.4299,12804.8,0.769643,0.421438,0.0,1.0,76.7266,31.6182,5.40988,171.516,71.7391,33.4516,3.84909,165.539,111.753,29.7874,6.9599,169.977,110.639,31.2291,3.77157,171.865
18869_4253_x4991_y7023,10.0,420.0,3051.22,2480.02,3744.62,28335900000.0,46502.4,110.72,286.652,0.657976,4478.63,10.7381,5.51526,1.0,22.0,0.125022,0.109818,0.0,0.747044,806.074,1183.34,0.0,3550.93,1833.93,2686.59,22.4194,8388.71,0.707317,0.456108,0.0,1.0,80.3271,33.4719,7.57776,161.266,71.873,33.1021,9.73503,175.392,113.23,28.3973,21.5679,171.931,111.609,31.9084,3.67808,164.261
pre_17543_01139,9.0,171.0,3201.61,1363.68,2579.12,11260400000.0,17350.7,101.466,262.911,3.89167,2493.05,5.81871,3.52252,1.0,14.0,0.10548,0.0694573,1.54619e-05,0.301728,196.658,387.177,0.0,2222.11,336.151,596.348,18.7075,3697.16,0.716049,0.453723,0.0,1.0,74.4331,33.4816,3.09674,166.263,64.6656,29.8465,14.0172,142.551,111.136,35.1702,11.1751,173.1,124.967,26.5103,38.8972,166.287
191812_5676_x8072_y26215,7.0,553.0,2584.75,4864.04,4361.28,54831500000.0,112358.0,203.178,293.187,0.9848,3211.42,11.9584,5.59892,1.0,23.0,0.134835,0.107874,0.0,0.78492,1705.09,1834.13,0.0,4919.82,2695.27,2342.35,8.54757,6995.99,0.699634,0.459259,0.0,1.0,74.822,28.0875,4.35227,158.429,74.5511,34.849,6.96975,171.498,117.591,25.7843,1.01391,174.58,108.154,31.7608,7.58959,163.838
18454_00129,10.0,382.0,800.19,2831.48,1768.67,4007310000.0,30864.0,80.7958,138.184,0.554855,1397.57,10.623,5.39216,1.0,21.0,0.100654,0.0788387,0.0,0.503465,1465.86,956.268,0.0,2252.36,3630.03,2362.24,10.9155,5650.59,0.741935,0.438751,0.0,1.0,72.4666,27.0664,5.96783,159.497,67.4907,33.4078,5.39613,167.11,116.17,26.7358,2.23287,165.295,119.458,27.9632,34.6854,169.738
pre_18465_00370,5.0,47.0,1281.52,700.89,1300.63,1168230000.0,6658.22,141.664,269.902,6.07182,1843.71,3.55319,1.85107,1.0,8.0,0.191949,0.118718,4.36789e-05,0.486209,249.052,387.929,0.0,1241.62,617.018,846.467,21.3553,3140.6,0.809524,0.402374,0.0,1.0,77.6859,49.4557,8.60188,167.772,69.9322,49.2626,1.77327,173.981,79.6748,49.7002,2.89454,153.304,94.4513,51.0035,5.32412,166.862
18454_00051,6.0,1040.0,4323.13,2693.41,3457.7,40261300000.0,106727.0,102.622,160.387,0.653474,3326.86,14.5327,5.79892,1.0,26.0,0.10464,0.0768374,0.0,0.548847,2904.89,1604.7,0.0,4293.79,5667.72,3223.27,7.39425,9824.91,0.711799,0.453364,0.0,1.0,74.534,34.1483,1.87258,171.842,65.5069,31.7852,6.15554,172.27,115.492,29.7771,0.403971,175.8,119.962,29.275,12.1548,170.896
18454_00139,10.0,684.0,1654.2,2065.76,2649.63,9054260000.0,50743.6,74.1866,96.0499,0.50819,1039.02,14.2222,6.53924,1.0,29.0,0.0917676,0.0706988,0.0,0.465927,2162.2,1028.48,0.0,3048.89,3700.78,1751.49,8.69925,5845.6,0.706231,0.456165,0.0,1.0,76.7301,29.3796,2.63608,175.396,66.6505,29.0991,3.27245,159.122,115.146,26.8134,0.612264,168.335,121.116,24.9309,35.6549,165.077
18867_4330_x29413_y7746,6.0,504.0,4200.3,5339.24,3211.42,72020600000.0,51286.7,101.759,279.467,1.2718,4762.3,10.6508,5.28597,1.0,21.0,0.126743,0.106073,3.49563e-06,0.727908,1178.89,1446.51,0.0,6421.43,2089.69,2346.82,15.1465,9331.65,0.730924,0.444373,0.0,1.0,74.9492,29.1518,1.50297,160.261,68.889,34.7496,4.36971,166.372,116.004,25.7206,27.4834,167.646,113.484,31.075,20.1427,172.627
191812_4686_x10891_y5452,11.0,563.0,7140.45,5128.98,10115.8,370473000000.0,139114.0,247.093,618.849,1.54248,10672.9,11.3837,5.33889,1.0,21.0,0.122312,0.0960285,8.62472e-06,0.676856,2683.85,3261.81,0.0,9725.14,4517.62,5028.07,10.9878,16433.1,0.717391,0.451086,0.0,1.0,69.9365,28.1785,6.15039,172.631,66.3665,33.693,3.88323,174.506,120.884,23.911,24.4441,173.72,112.792,31.0204,12.0819,169.878
18453_3225_x17398_y19713,3.0,273.0,1327.8,490.81,1132.0,737722000.0,13788.3,50.5067,50.2496,0.458724,280.102,16.2894,9.75813,1.0,38.0,0.125388,0.106107,0.0,0.586934,528.14,431.472,0.0,1469.39,889.68,633.351,11.1462,2198.67,0.837037,0.370707,0.0,1.0,87.3071,32.6244,26.9523,160.499,83.101,36.9217,2.53525,162.64,101.967,32.4919,3.20223,161.961,97.4958,35.3864,13.9252,168.151
18868_3592_x9776_y8113,7.0,797.0,6992.22,5590.37,3257.23,127322000000.0,109802.0,137.769,219.257,1.09113,2285.26,13.0075,5.45032,1.0,23.0,0.134722,0.104896,3.97097e-06,0.767186,2185.8,1893.32,0.0,6960.12,3462.62,2920.9,13.7048,10002.1,0.706329,0.456021,0.0,1.0,75.2355,32.7331,1.74194,175.28,68.1381,33.1566,4.86093,166.724,113.201,31.8742,1.14554,172.336,111.481,30.7249,9.20792,172.8
17302_00078,6.0,386.0,981.78,2764.05,1547.13,4198430000.0,29921.3,77.5164,167.349,0.393235,2670.32,11.8031,5.87512,1.0,28.0,0.128487,0.0919275,0.0,0.516775,1828.09,884.929,0.0,2456.17,4240.76,2040.61,0.393235,5862.93,0.7,0.459468,0.0,1.0,73.0011,35.6858,0.529012,172.799,66.1785,34.7343,3.0708,167.691,114.517,29.6929,21.3657,164.662,115.223,30.5247,16.3228,169.102
18465_00110,5.0,429.0,3893.95,3396.78,2102.51,27809600000.0,55312.7,128.934,328.886,0.710577,6080.09,13.3403,6.93904,1.0,27.0,0.105892,0.0810261,0.0,0.570544,2434.41,1778.68,0.0,4138.57,5801.61,4201.09,11.6785,10632.1,0.712264,0.453779,0.0,1.0,69.086,30.3918,2.64727,160.247,62.2304,29.5867,5.72659,171.202,120.325,29.5626,1.53641,174.0,119.861,29.3015,21.8429,171.129
17302_00110,5.0,381.0,1635.47,1913.21,917.66,2871360000.0,24620.8,64.6216,77.7953,0.847341,507.448,14.5906,10.3926,1.0,43.0,0.150987,0.11216,0.0,0.674627,563.1,590.983,0.0,1929.87,1128.57,803.029,12.646,2923.79,0.787234,0.410356,0.0,1.0,81.2574,38.0964,3.33311,164.42,84.8673,35.761,14.3223,175.266,104.044,33.8634,7.82461,171.168,98.8412,31.8484,16.7583,157.839
18465_00078,8.0,378.0,1109.34,3073.63,1687.53,5753970000.0,32779.9,86.7193,217.761,0.81991,3940.88,26.1746,18.637,1.0,56.0,0.115415,0.0903063,0.0,0.645126,2184.61,1193.27,0.0,2992.39,5150.13,2896.38,17.5611,7968.8,0.718919,0.450747,0.0,1.0,82.3492,37.489,9.07969,175.978,77.4986,39.0567,3.40214,171.516,108.782,33.7477,7.55694,165.71,111.284,33.7491,15.2726,158.602
pre_18864_00083,8.0,674.0,990.61,1216.01,1063.45,1281020000.0,49712.3,73.7572,86.9124,0.504949,501.437,14.0326,9.26587,1.0,41.0,0.132646,0.102327,0.0,0.793326,267.448,177.603,0.0,903.884,995.532,812.141,8.99151,3266.53,0.72973,0.444768,0.0,1.0,78.0578,31.4306,0.454371,177.207,74.7443,34.2056,5.29393,177.207,112.061,28.8705,9.69199,169.287,107.447,32.3654,3.55385,171.236
18462_00056,7.0,507.0,1717.26,2813.8,2776.02,13413800000.0,43411.8,85.6248,153.134,1.0349,2243.36,12.4714,6.34738,1.0,27.0,0.0845025,0.0621382,4.24788e-06,0.390324,1934.65,1033.12,0.0,2826.41,5139.72,2866.25,11.6997,7585.54,0.712,0.453739,0.0,1.0,72.9521,30.3465,6.78036,169.672,68.3694,30.8493,7.18982,166.257,118.06,26.4743,15.2485,160.385,120.818,25.9085,35.7923,171.914
18457_00032,7.0,287.0,1943.11,1753.87,747.4,2547110000.0,14170.1,49.373,108.06,0.930035,1653.29,11.2509,6.16893,1.0,25.0,0.139802,0.119272,0.0,0.713332,1432.96,969.347,0.0,2334.28,2048.39,1318.33,21.5654,3461.72,0.778571,0.416699,0.0,1.0,80.8831,34.7997,10.0322,169.214,79.1786,37.2904,12.8871,165.382,111.77,30.4186,38.1925,169.782,102.57,33.6267,8.42293,164.288
18869_4347_x8166_y4281,9.0,517.0,5188.47,5808.92,3307.76,99693900000.0,57935.4,112.061,245.157,0.788987,2820.23,9.53385,4.45491,1.0,20.0,0.110238,0.0923247,0.0,0.667851,1606.16,1847.86,0.0,6357.78,2586.7,2902.87,19.8717,9476.89,0.744094,0.437231,0.0,1.0,81.7891,32.4957,3.15575,176.364,71.9033,35.2799,4.72699,166.469,111.264,29.6344,5.44618,165.613,111.046,32.8665,7.58512,167.474
18458_00353,5.0,391.0,1204.75,738.86,500.34,445374000.0,13908.6,35.5719,64.173,0.270292,1042.19,19.4706,13.5203,1.0,48.0,0.14174,0.12696,0.0,0.724706,637.429,400.665,0.0,1112.19,1276.86,763.122,9.99654,2609.2,0.782383,0.413698,0.0,1.0,85.8604,33.9543,15.9506,174.629,86.1945,37.9307,4.18076,173.664,102.589,30.9893,35.7685,158.967,95.4677,34.6803,11.967,170.214
17545_00024,5.0,199.0,1729.35,1654.48,966.56,2765500000.0,19239.5,96.681,114.744,0.622056,826.621,8.8593,4.17548,1.0,18.0,0.172724,0.120564,0.0,0.709874,493.049,552.677,0.0,1614.39,860.102,708.379,7.64269,2848.39,0.721649,0.450515,0.0,1.0,80.0849,34.7075,1.73154,154.07,84.1478,37.5038,2.65255,178.087,106.247,30.3051,20.5016,157.594,93.4916,34.5638,5.14652,146.394
18868_4818_x14513_y17030,7.0,339.0,1593.55,2113.46,1209.69,4074120000.0,24349.6,71.8277,138.235,0.922255,2076.45,14.3864,8.3323,1.0,33.0,0.139021,0.107101,0.0,0.714435,1529.46,685.582,0.0,2032.9,2665.13,1190.91,8.8105,4235.16,0.746988,0.436053,0.0,1.0,81.3679,31.5679,2.85349,165.248,79.8246,36.643,2.89824,170.55,112.365,27.3774,2.12843,162.408,106.268,31.3005,11.0163,175.291
18864_6956_x8154_y30811,7.0,421.0,2741.77,4373.98,2827.28,33906000000.0,70919.4,168.455,247.402,3.22266,2553.02,9.3753,5.20044,1.0,24.0,0.110537,0.0805816,0.00256866,0.571142,613.137,786.852,0.0,3091.15,1117.67,1169.2,12.1284,4354.77,0.690821,0.463275,0.0,1.0,71.274,28.8209,2.80978,144.015,67.2496,33.4237,2.36461,174.203,120.514,25.6301,27.8455,166.777,117.842,29.4867,6.94755,168.75
18864_00026,9.0,799.0,4495.75,4675.9,6209.59,130536000000.0,134418.0,168.233,289.81,0.488247,4983.55,16.0713,9.13262,1.0,34.0,0.132476,0.101374,0.0,0.812767,1665.55,1741.5,0.0,5743.65,3072.66,2728.49,21.5721,9039.47,0.75443,0.43097,0.0,1.0,66.5935,34.535,3.61014,173.534,67.2927,35.806,3.31774,174.56,120.715,31.3991,4.51268,176.524,113.043,33.1449,9.67634,169.339
17109_6401_x7641_y3978,4.0,204.0,2555.95,3323.73,4653.84,39535700000.0,66532.7,326.141,554.619,1.23587,4047.88,8.70588,3.76551,1.0,15.0,0.148189,0.123753,4.21455e-06,0.745381,2474.12,1945.74,0.0,4752.13,3748.43,2760.85,16.4449,8382.87,0.68,0.468826,0.0,1.0,67.6236,30.2055,6.55488,152.389,69.0621,36.3927,8.05028,175.619,117.962,26.8942,20.1386,164.109,109.285,34.5388,4.61122,165.9
18464_00074,8.0,686.0,1332.08,2653.26,2635.12,9313450000.0,72004.3,104.963,146.509,0.880686,2449.73,10.1079,4.35605,1.0,21.0,0.118891,0.0818536,0.0,0.655063,1939.08,1010.03,0.0,2973.67,4467.51,2546.6,13.543,7774.86,0.725664,0.446839,0.0,1.0,69.0479,32.5748,0.459939,160.755,64.9149,31.6937,4.78336,172.619,119.302,27.9232,35.0617,175.461,119.463,28.2814,10.1486,167.582
18455_00147,9.0,455.0,2206.57,2652.91,1933.38,11317700000.0,40596.6,89.2233,160.533,1.01772,2927.74,17.0264,9.75512,1.0,33.0,0.0889705,0.0664086,9.2422e-06,0.533659,2128.44,1270.43,0.0,3218.2,4015.87,2515.5,11.2521,7670.19,0.704036,0.457502,0.0,1.0,73.6648,29.9359,0.857433,157.634,68.2262,32.5002,3.12234,159.423,117.727,27.9026,18.9428,172.373,116.877,29.7325,5.70363,169.343
18869_4550_x7203_y4574,9.0,343.0,4356.62,5206.93,2953.01,66987900000.0,37803.3,110.214,310.61,0.851412,4618.88,9.77551,5.31128,1.0,21.0,0.119196,0.1114,0.0,0.768605,1063.99,1695.32,0.0,5880.95,1844.29,2679.89,14.7853,8186.78,0.700599,0.459373,0.0,1.0,79.8152,27.8691,13.9717,146.774,72.5015,35.9666,4.11407,174.427,114.01,23.9553,31.3171,158.8,111.104,35.1336,4.98219,169.38
18047_4458_x18853_y10785,11.0,837.0,6838.32,5990.27,3044.06,124695000000.0,127589.0,152.436,278.321,1.46928,3346.93,13.2174,7.10334,1.0,35.0,0.134777,0.105267,1.52686e-05,0.847727,1871.37,1697.08,0.0,5239.21,3865.85,3864.63,16.5474,13752.6,0.750605,0.433187,0.0,1.0,78.8817,34.6087,2.31505,169.094,73.719,35.3576,1.4622,168.473,110.225,29.8411,11.7442,170.509,107.994,31.9819,16.9234,168.894
18869_4301_x16815_y4413,6.0,1492.0,997.1,1024.3,850.06,868191000.0,63442.3,42.5216,41.6294,0.561573,387.146,14.0161,4.59957,1.0,26.0,0.0931634,0.0738098,0.0,0.592629,203.09,99.4471,0.0,547.564,419.354,152.472,12.2912,923.551,0.71467,0.451876,0.0,1.0,75.5152,27.1348,2.18683,166.525,69.5074,26.9568,8.5236,158.548,117.685,23.3737,12.2735,169.709,119.684,23.1799,31.3292,168.048
18454_01124,6.0,278.0,930.81,3101.61,1608.05,4642460000.0,23811.4,85.6524,164.857,1.16633,2126.14,9.15827,4.49188,1.0,17.0,0.0998323,0.0759128,3.10383e-07,0.388629,1916.6,1268.68,0.0,3033.2,3634.21,2399.78,9.83398,6021.06,0.727941,0.446665,0.0,1.0,72.7012,27.4038,9.36756,168.409,60.4517,29.5675,10.5904,155.497,120.477,25.1408,26.1865,163.899,124.128,25.41,9.40988,167.792
18457_00074,9.0,469.0,1978.62,2238.5,2508.3,11109600000.0,57582.5,122.777,201.979,0.38032,3586.41,10.8977,5.31107,1.0,22.0,0.106521,0.0844757,0.0,0.593484,1816.98,935.641,0.0,2682.04,4708.61,2383.38,12.511,6948.05,0.713043,0.453328,0.0,1.0,70.6223,30.5411,2.1333,154.896,60.9348,29.2137,8.59648,153.906,119.497,29.8233,7.95095,176.461,121.596,27.7943,11.9264,171.696
17781_2184_x15071_y19950,8.0,574.0,3376.95,4396.17,2864.35,42523100000.0,107215.0,186.786,330.268,1.18454,3618.79,21.4042,11.7331,1.0,47.0,0.15748,0.110816,2.29315e-05,0.739596,684.694,698.99,0.0,2701.49,2736.66,1888.85,14.4831,7379.29,0.738516,0.440221,0.0,1.0,79.2782,30.2807,3.33053,163.114,76.8252,34.0519,6.20128,171.403,108.284,27.8956,30.2831,156.77,105.083,32.0871,5.81273,167.493
18454_01134,10.0,606.0,2615.73,3624.9,2434.32,23081600000.0,59124.7,97.5656,167.542,0.652115,2504.78,14.1518,7.06172,1.0,29.0,0.0913024,0.0726813,0.0,0.537761,2743.45,1453.66,0.0,4282.18,5660.43,3009.2,17.2956,8604.31,0.687919,0.464122,0.0,1.0,72.99,26.647,12.8188,155.932,64.911,28.6245,1.04813,156.702,118.248,26.9654,11.5063,164.641,123.099,25.3825,30.0087,170.311
18465_00348,4.0,452.0,1986.49,4099.08,3879.4,31589100000.0,56854.9,125.785,208.65,1.97655,2854.97,11.8407,4.71459,1.0,22.0,0.117231,0.0940849,7.72106e-06,0.613479,2189.05,1425.25,0.0,4274.79,4504.56,3120.64,7.07798,8912.79,0.709821,0.454861,0.0,1.0,74.0068,30.4017,3.84433,164.909,66.1811,30.5208,5.34936,154.185,118.017,26.1694,22.3659,171.257,115.967,28.1834,23.2558,166.556
pre_18464_00087,4.0,170.0,1415.42,1081.23,757.59,1159410000.0,10715.3,63.0314,104.358,1.389,1238.08,6.43529,3.09398,1.0,14.0,0.192828,0.123998,2.25645e-05,0.661757,452.944,616.02,0.0,1530.55,710.256,817.352,12.6148,2285.56,0.746988,0.437381,0.0,1.0,79.3936,35.1287,14.9315,175.379,78.5303,37.0595,9.5175,163.801,107.968,32.808,21.8649,166.222,102.167,35.042,7.63985,167.381
18465_00230,7.0,263.0,996.83,3038.85,1958.18,5931750000.0,24589.2,93.495,125.362,0.684843,973.884,8.68821,5.00093,1.0,20.0,0.113526,0.0888385,0.0,0.791341,1493.65,1277.85,0.0,3154.45,2755.18,2356.43,7.55995,5648.15,0.71875,0.451376,0.0,1.0,75.6095,31.7557,22.1995,159.435,67.5809,35.6524,1.60868,163.077,115.848,30.9564,1.59407,163.135,118.55,29.1187,25.91,174.298
18457_00064,6.0,372.0,1510.96,1938.77,2137.42,6261370000.0,36735.2,98.7507,156.244,0.566048,2339.44,16.5323,8.35413,1.0,31.0,0.134118,0.0968212,0.0,0.619944,1872.93,958.892,0.0,2609.93,3587.59,1850.35,14.4009,5554.47,0.704918,0.457331,0.0,1.0,78.9751,34.4932,1.77314,175.462,76.6547,37.9716,15.6025,175.424,110.579,30.7594,15.8655,170.181,111.65,31.0041,21.543,160.027
18453_6604_x9161_y4006,9.0,551.0,6285.35,4176.47,4427.52,116225000000.0,95656.9,173.606,289.979,0.326326,2930.87,11.9546,6.37465,1.0,25.0,0.139003,0.111603,0.0,0.81162,1375.31,1768.07,0.0,5438.1,2160.68,2373.99,14.4901,7082.96,0.738007,0.440532,0.0,1.0,72.362,31.487,0.235487,170.047,72.4858,34.032,7.78713,168.979,116.142,29.2324,2.16983,172.35,110.57,32.5357,9.15714,165.013
18454_00065,5.0,593.0,4304.73,3379.7,2458.74,35771500000.0,89068.7,150.2,213.929,0.859875,1755.72,11.887,5.92028,1.0,27.0,0.100342,0.074606,0.0,0.584881,2137.96,1521.7,0.0,4151.66,4896.18,3410.31,15.2409,9415.84,0.697279,0.460219,0.0,1.0,71.8897,30.2996,3.34092,172.826,62.0768,27.4174,5.44773,162.19,120.655,26.1898,20.4112,168.628,122.123,26.4472,20.4112,171.853
18864_6733_x9057_y31875,9.0,493.0,2866.35,3747.31,2689.48,28888000000.0,74373.5,150.859,220.97,1.06346,3361.65,9.5071,4.85883,1.0,23.0,0.169325,0.131449,4.34115e-05,0.894346,487.895,628.733,0.0,2803.34,961.928,945.95,15.844,4252.71,0.72314,0.448374,0.0,1.0,77.0038,36.6706,1.77948,167.923,75.8956,37.8989,4.52377,173.694,106.897,36.2328,2.24599,177.518,106.733,34.5053,4.96851,172.492
18454_00075,10.0,770.0,4021.68,2130.94,3157.05,27055800000.0,77420.9,100.547,162.079,1.0592,2874.6,17.026,8.16694,1.0,31.0,0.0943976,0.0808329,8.51847e-06,0.646353,3335.58,1774.58,0.0,4580.78,5622.69,3002.87,8.28248,8699.99,0.734211,0.442335,0.0,1.0,76.7975,35.5346,0.583298,169.948,66.6524,32.2783,9.21968,165.021,115.148,30.2775,1.21728,172.74,120.047,27.9202,16.4699,169.41
18461_4388_x5599_y5781,8.0,226.0,1071.45,895.86,1159.95,1113400000.0,32276.5,142.816,159.678,1.56814,821.336,7.23894,4.00505,1.0,18.0,0.127879,0.106512,7.10942e-06,0.577079,170.486,150.245,0.0,576.771,769.094,926.792,9.95427,4069.4,0.724771,0.448693,0.0,1.0,72.987,35.8098,3.06037,165.749,75.0657,35.3963,10.3801,172.657,117.579,30.5884,23.3168,164.751,108.602,32.1737,16.4421,160.927
18465_00146,5.0,411.0,2455.93,2483.4,3098.78,18899700000.0,59789.5,145.473,257.967,0.332045,2821.58,12.6788,6.32641,1.0,26.0,0.137114,0.116753,0.0,0.780709,1739.0,1093.66,0.0,2747.61,6278.44,4242.83,0.743699,11107.5,0.719212,0.450495,0.0,1.0,77.5067,34.2372,9.60877,176.122,73.3388,38.8518,6.92256,174.736,113.775,31.0872,21.1547,169.239,108.883,34.0639,16.1175,169.947
18465_00156,5.0,505.0,1041.07,1064.76,1239.49,1373960000.0,16845.5,33.3574,53.5708,0.125238,925.659,19.701,13.6382,1.0,49.0,0.145796,0.134552,0.0,0.717767,787.865,581.04,0.0,1467.76,1290.59,919.388,13.5489,2685.5,0.788,0.409545,0.0,1.0,88.6116,37.5758,2.06543,169.747,83.1747,39.0335,2.58727,171.011,102.135,32.2252,11.414,164.142,99.767,35.9452,4.43325,159.279
pre_18864_00427,9.0,545.0,7892.81,4085.82,6676.52,215308000000.0,95235.9,174.745,258.369,0.736456,3111.13,14.0972,9.66249,1.0,39.0,0.135313,0.0994891,0.0,0.633702,1461.41,2260.71,0.0,7803.3,3174.91,4197.06,11.8351,14547.3,0.746269,0.43596,0.0,1.0,72.7952,34.9759,1.98219,172.817,75.9098,36.2092,5.00269,162.215,113.939,33.3059,4.12457,169.845,108.067,34.0942,3.67072,167.987
17300_6010_x23413_y13446,10.0,376.0,3535.29,5392.75,9606.25,183142000000.0,91286.9,242.784,486.891,1.17889,4471.9,9.39894,5.52091,1.0,22.0,0.143809,0.119322,3.50764e-05,0.673817,2075.68,2980.06,0.0,9309.05,4119.16,4369.02,14.4993,15470.5,0.737705,0.441089,0.0,1.0,73.2751,40.0935,0.420184,179.469,71.6282,40.2536,1.03967,175.574,113.728,34.4709,2.26204,166.359,108.437,34.9692,11.7525,168.259
17302_00097,6.0,120.0,3785.28,1135.0,1903.12,8176360000.0,12300.9,102.507,286.904,0.368596,2576.21,5.4,3.21864,1.0,15.0,0.156318,0.132798,0.0,0.749845,971.971,1570.48,0.0,4041.25,1423.14,2116.2,4.22231,5745.99,0.77193,0.423318,0.0,1.0,77.1552,29.3875,8.68648,167.483,70.6132,31.399,5.6694,137.75,113.557,26.7914,29.4794,163.674,112.556,29.7475,35.1755,159.136
18453_3492_x29357_y9198,5.0,181.0,1046.62,1126.19,892.38,1051840000.0,19043.4,105.212,117.157,0.544797,647.656,6.53591,3.00649,1.0,14.0,0.146349,0.111165,0.0,0.589547,195.62,172.253,0.0,805.748,465.946,396.933,20.1133,1677.21,0.738636,0.441896,0.0,1.0,76.6195,32.4651,2.88489,172.89,69.6212,34.2704,13.9658,161.734,113.778,27.4628,21.4946,151.354,113.982,27.8426,6.89634,159.147
18458_00550,11.0,539.0,1985.38,1741.17,2688.98,9295490000.0,37128.6,68.8842,121.399,0.254596,1678.49,24.885,15.0796,1.0,48.0,0.149917,0.111447,0.0,0.592921,2302.2,1206.58,0.0,3217.55,4680.78,2494.46,11.5772,7766.42,0.734848,0.442252,0.0,1.0,90.4355,38.9111,3.80077,173.121,85.3555,39.9656,3.23958,175.406,102.322,34.1305,3.67242,166.305,103.532,34.0093,11.3709,167.019
pre_18864_00114,8.0,594.0,2360.6,1705.65,4851.88,19535400000.0,68822.4,115.863,224.176,0.74084,3853.47,11.1515,6.32087,1.0,30.0,0.136838,0.100356,0.0,0.593057,514.357,584.699,0.0,3642.88,1041.5,1191.99,16.1398,5474.22,0.709898,0.454586,0.0,1.0,75.8847,32.742,1.51693,167.278,70.6128,31.6214,7.38379,167.805,112.682,29.1574,23.9542,168.913,114.118,29.5629,23.1505,173.088
17109_6801_x7432_y4405,6.0,454.0,5090.98,5157.76,3421.86,89851400000.0,139621.0,307.535,395.42,1.304,2562.12,10.7181,4.55719,1.0,20.0,0.171712,0.141016,2.27771e-05,0.823239,1901.57,1196.67,0.0,4157.4,3470.09,2096.45,15.0404,7550.98,0.736607,0.44146,0.0,1.0,70.4216,32.5098,0.133771,167.248,75.7,36.1231,10.2163,167.617,116.115,28.6305,7.62213,171.345,104.396,33.2396,4.45068,159.357
18864_4554_x9386_y2232,9.0,579.0,3249.25,3127.55,9795.96,99548400000.0,99988.7,172.692,222.71,0.477958,1771.74,15.1554,10.3468,1.0,39.0,0.123195,0.103204,0.0,0.71125,1723.9,2916.38,0.0,9730.17,2537.35,3921.89,17.4488,13438.2,0.705263,0.456726,0.0,1.0,66.8934,27.949,3.43045,145.58,61.782,33.3584,0.749065,175.999,122.82,23.7415,40.6569,176.171,119.008,30.6394,21.9016,175.038
18458_00540,11.0,467.0,1816.2,2136.82,2523.34,9792810000.0,41928.6,89.7829,110.72,0.961885,1229.92,13.4154,6.69786,1.0,26.0,0.125946,0.0937942,0.0,0.600693,2185.87,1069.93,0.0,3209.96,3426.59,1630.32,12.2007,4955.77,0.710526,0.454516,0.0,1.0,76.5809,33.8255,3.01574,169.137,65.8359,32.5701,3.95165,161.887,110.711,32.1313,0.262,169.869,120.897,27.6241,4.52424,167.619
18452_5511_x26566_y3403,6.0,392.0,1562.6,1157.75,2695.68,4876760000.0,41478.1,105.811,204.651,0.803422,3497.0,12.3929,7.3727,1.0,29.0,0.146843,0.118479,0.0,0.736973,156.894,132.475,0.0,801.321,1207.73,988.058,14.0955,5142.73,0.735751,0.442079,0.0,1.0,87.4733,32.2675,3.02028,170.56,82.4645,36.9946,11.1792,177.047,103.952,29.761,16.3966,157.487,103.524,31.1726,2.09705,167.669
17545_00168,7.0,347.0,704.53,2765.69,1372.46,2674250000.0,32449.8,93.5152,188.38,0.226776,3212.31,11.3746,6.32439,1.0,24.0,0.141682,0.109772,0.0,0.825976,1643.91,1034.28,0.0,2562.1,3727.22,2381.38,15.0984,6751.24,0.735294,0.44248,0.0,1.0,69.0624,33.0353,2.93371,165.87,64.7969,32.4576,5.61555,174.606,115.995,31.0794,29.1587,170.62,116.711,30.8091,14.1456,163.24
17109_2301_x8535_y23051,8.0,212.0,2931.17,2939.23,7514.92,64743900000.0,85891.7,405.15,584.114,2.86728,5197.51,6.81132,3.59598,1.0,14.0,0.149629,0.139305,3.85038e-05,0.806651,1897.91,2179.93,0.0,6300.8,3458.4,3633.59,17.4487,11334.8,0.72549,0.448471,0.0,1.0,58.6318,32.3571,1.41689,177.609,68.2935,37.4855,11.4776,174.287,127.308,21.9404,48.825,171.039,112.43,33.9093,17.1722,164.397
17545_00178,9.0,629.0,4181.26,1798.47,1711.85,12872900000.0,66673.4,105.999,152.805,0.5297,1954.85,12.93,6.6069,1.0,26.0,0.141975,0.0827757,0.0,0.71818,2772.41,1645.17,0.0,4196.15,4537.78,2640.96,15.7235,7304.94,0.722581,0.448449,0.0,1.0,65.4348,35.6777,0.856251,173.193,65.4294,32.5824,7.608,177.001,117.57,31.0703,13.464,169.114,117.899,28.3571,5.34782,167.315
18455_00205,4.0,304.0,1155.37,2969.28,1849.35,6344410000.0,30110.9,99.0489,176.312,0.544481,2043.46,11.5789,5.89179,1.0,26.0,0.100141,0.086075,0.0,0.625083,1662.04,1188.03,0.0,2809.28,3731.59,2607.57,16.1901,6339.05,0.706667,0.456815,0.0,1.0,72.8112,28.6683,2.01151,162.368,60.3694,30.9626,7.16186,154.476,116.425,28.1183,30.2958,171.218,121.23,28.7316,11.5446,165.27
18869_4091_x4807_y8065,9.0,415.0,4230.75,3049.47,4075.41,52579100000.0,44270.3,106.675,285.033,0.72871,3452.84,11.2602,6.18669,1.0,24.0,0.129731,0.118308,0.0,0.808186,1037.74,1567.84,0.0,5816.25,1862.59,2555.32,14.5719,8747.61,0.694581,0.461723,0.0,1.0,82.2363,32.8667,10.3685,174.958,76.4646,37.0874,8.07102,166.1,108.915,29.8448,14.1756,171.581,106.494,33.8511,7.99273,164.937
18454_01097,8.0,326.0,1231.52,2033.38,2195.5,5497860000.0,25244.8,77.4381,108.734,0.920744,1316.57,19.0552,15.8812,1.0,50.0,0.105645,0.0884921,0.0,0.480783,1872.32,1001.77,0.0,2663.75,3245.18,1850.57,7.84203,5596.36,0.742138,0.43884,0.0,1.0,77.6927,32.6298,12.9651,168.288,72.5702,37.7875,7.05436,176.802,116.377,27.9409,36.3831,167.102,114.59,34.6876,7.79568,166.437
18455_00163,10.0,1064.0,4975.07,1962.09,2258.17,22043200000.0,89657.8,84.2648,115.798,0.702041,1887.74,40.3308,29.6722,1.0,95.0,0.0910988,0.0647564,0.0,0.492708,3609.66,1833.42,0.0,4959.29,8439.06,4915.15,9.38051,15069.3,0.728653,0.445077,0.0,1.0,80.8533,32.0486,0.252692,167.447,74.1852,34.6154,1.65543,172.736,114.171,27.0604,5.90488,172.114,114.957,30.9081,9.06053,171.579
18868_4706_x15828_y16760,4.0,268.0,547.18,1287.0,818.16,576165000.0,14385.2,53.6761,95.6467,1.2253,933.273,13.2313,8.20881,1.0,32.0,0.13881,0.101318,1.22643e-05,0.78038,544.092,270.75,0.0,1142.35,1831.6,992.827,15.675,3299.01,0.795455,0.404906,0.0,1.0,84.9182,33.1548,1.91389,171.795,84.4192,32.7603,12.3154,169.995,104.569,28.4012,4.49826,172.541,99.1561,32.4354,6.65809,169.539
18464_00128,8.0,546.0,2813.48,2233.68,2311.22,14524700000.0,42335.0,77.5366,122.01,0.705294,1687.04,15.7436,7.19685,1.0,29.0,0.115562,0.096432,0.0,0.579288,2611.29,1362.93,0.0,3784.62,4393.09,2287.53,17.0663,6410.27,0.728625,0.445498,0.0,1.0,73.7495,33.0937,4.14125,173.84,68.7995,32.8056,12.4127,173.947,115.442,28.9982,20.2461,170.441,117.113,27.2949,11.1127,166.636
18453_7132_x11495_y3152,8.0,238.0,888.57,974.13,1300.95,1126080000.0,34549.5,145.166,164.602,1.11706,1026.08,7.82353,4.13005,1.0,18.0,0.150526,0.11302,2.0607e-06,0.672773,216.548,173.508,0.0,692.744,542.11,407.435,16.5769,1580.18,0.73913,0.441031,0.0,1.0,79.8829,30.053,5.06312,150.695,80.1079,36.3878,10.2573,167.444,112.435,28.0808,35.2138,169.064,105.819,28.8323,29.7865,167.591
18864_00002,8.0,330.0,706.55,1742.75,8958.85,11031400000.0,43249.6,131.059,428.847,1.0457,7175.34,7.44848,3.57874,1.0,15.0,0.10324,0.0786267,3.20602e-05,0.610028,339.686,1150.42,0.0,8350.47,582.732,1490.36,12.9653,10073.4,0.68323,0.466669,0.0,1.0,72.0787,24.8309,4.36341,130.765,64.09,29.0585,1.74283,145.865,120.404,24.2589,31.3941,166.5,122.694,26.9724,34.9752,165.166
17302_00124,7.0,261.0,1498.04,1933.19,1205.7,3491700000.0,23033.5,88.2511,107.643,0.530559,626.403,10.9157,7.03566,1.0,28.0,0.178216,0.125309,0.0,0.762349,449.472,441.997,0.0,1559.17,998.133,896.735,10.9524,3479.09,0.732283,0.444523,0.0,1.0,75.9171,37.6633,1.03082,170.582,80.1881,35.6348,6.88659,177.867,110.618,30.8799,2.41437,169.87,101.379,33.7826,13.755,165.19
pre_18454_00450,6.0,200.0,2390.89,2375.09,779.27,4425150000.0,18848.5,94.2426,132.395,3.39654,1275.17,9.57,5.55693,1.0,25.0,0.148417,0.116058,0.000223102,0.629988,930.513,857.766,0.0,2480.82,1383.05,1039.11,22.3225,3537.39,0.773196,0.42094,0.0,1.0,83.8643,38.0592,13.1783,168.609,86.1915,40.2174,3.18109,174.631,104.459,32.7318,29.167,159.828,94.9327,37.3112,0.567422,170.004
18464_00191,5.0,371.0,2882.92,2937.19,3009.75,25485600000.0,58765.3,158.397,249.857,0.716563,3339.57,10.9084,5.62545,1.0,27.0,0.127711,0.093724,0.0,0.71633,1714.09,1032.6,0.0,3024.07,5987.65,3690.39,7.77309,10088.5,0.737705,0.441089,0.0,1.0,73.7518,29.1128,6.5268,153.67,68.757,32.9819,7.37363,154.406,117.658,26.0576,39.8481,172.251,112.143,29.6925,19.4015,165.739
pre_18868_00443,10.0,992.0,1750.1,1574.27,1539.1,4240420000.0,63287.3,63.7977,72.7346,0.25954,630.592,13.1331,5.35392,1.0,27.0,0.112873,0.083651,0.0,0.743168,289.335,209.922,0.0,1273.34,672.877,354.624,21.3266,2157.92,0.741344,0.438343,0.0,1.0,79.8273,31.5057,0.822154,175.346,75.7221,27.9348,10.4529,174.259,112.828,28.0172,4.56802,175.595,112.45,25.4517,39.0143,167.695
18454_00017,3.0,227.0,2723.46,1920.05,949.48,4965000000.0,29368.5,129.377,226.377,0.977421,2713.82,9.40529,3.11911,1.0,15.0,0.201201,0.144237,0.0,0.73385,455.63,703.644,0.0,2531.63,901.068,947.001,9.2048,4025.18,0.678571,0.469124,0.0,1.0,74.8128,29.609,13.614,157.148,78.291,36.294,10.5382,167.215,111.147,31.1523,0.87906,165.635,99.8319,34.4672,20.7115,157.588
18868_3781_x6715_y11703,8.0,352.0,4593.24,2649.61,3621.91,44079700000.0,42150.3,119.745,275.784,0.726718,3173.62,8.13636,3.52017,1.0,18.0,0.14309,0.118336,0.0,0.77264,1030.84,1661.36,0.0,4855.75,1705.45,2630.58,15.1028,8441.2,0.744186,0.437592,0.0,1.0,72.2795,31.391,6.0534,164.034,69.2746,35.1233,8.98486,168.483,114.955,29.3144,5.81223,168.852,111.222,31.0652,14.3995,165.758
18867_4957_x30093_y7560,10.0,1082.0,7823.5,6058.45,4849.27,229847000000.0,123035.0,113.711,214.932,0.802364,2589.96,14.6673,6.30641,1.0,34.0,0.119678,0.0888752,0.0,0.648038,2631.39,1980.78,0.0,7885.78,5185.05,3824.31,15.3063,14217.6,0.76306,0.425603,0.0,1.0,81.3936,30.5828,0.894123,166.567,74.7392,32.3733,1.752,175.475,111.042,27.368,8.87957,176.687,110.257,29.7588,15.7521,167.867
18465_00242,10.0,712.0,2826.6,3262.4,1816.83,16753900000.0,56299.9,79.0729,134.4,0.52228,2269.67,21.1994,14.0374,1.0,52.0,0.101402,0.0913911,0.0,0.630481,2765.06,1389.93,0.0,3920.2,5586.26,2958.15,8.5906,8903.9,0.7151,0.452011,0.0,1.0,78.3259,36.2645,3.82931,171.669,71.4141,36.2556,9.0807,174.972,111.77,31.8504,4.21905,177.809,112.809,31.6151,5.4593,171.664
18462_00062,8.0,546.0,3614.74,3197.13,2534.89,29295200000.0,50229.8,91.9959,148.837,1.08133,2013.89,16.2088,9.9439,1.0,35.0,0.106378,0.0891889,1.98093e-05,0.50705,2960.07,1793.68,0.0,4493.7,5259.24,3217.18,14.6237,8112.86,0.724907,0.447393,0.0,1.0,75.1915,32.7763,2.75562,171.287,68.0083,34.8807,5.80827,173.719,112.472,30.3398,13.1986,167.117,116.37,31.5084,15.1704,168.307
18457_00006,3.0,347.0,1466.71,1186.2,699.52,1217030000.0,14080.5,40.5778,62.6741,0.691872,928.844,14.4179,7.55144,1.0,30.0,0.144545,0.137596,0.0,0.822262,755.67,616.1,0.0,1592.86,1200.35,885.617,12.5508,2532.53,0.755814,0.430858,0.0,1.0,86.7159,39.7753,0.765665,176.377,83.7689,43.3646,1.03643,171.118,104.217,34.2778,17.0619,173.809,98.5372,37.2437,10.5495,159.056
pre_18464_00169,5.0,175.0,3941.79,1609.14,1682.67,10673000000.0,16185.0,92.4856,263.941,0.730916,2330.23,10.28,5.60853,1.0,22.0,0.150661,0.120793,0.0,0.734772,542.865,895.485,0.0,3571.32,1039.7,1532.51,25.0872,6167.99,0.847059,0.362067,0.0,1.0,86.5768,37.3438,8.03327,164.888,83.6343,35.4391,3.05303,164.583,99.3566,31.111,33.6242,159.886,99.0784,32.8262,11.6757,171.886
18864_4380_x6371_y4940,4.0,344.0,780.98,1228.53,1378.25,1322370000.0,39086.9,113.625,136.548,1.56674,951.428,8.19767,3.64078,1.0,17.0,0.130725,0.0981608,2.82486e-06,0.598851,204.481,205.215,0.0,1015.5,490.78,448.394,11.2519,2519.64,0.711765,0.454279,0.0,1.0,74.8204,32.1002,2.14993,163.185,71.0541,35.317,1.40898,165.738,117.15,26.3192,29.5416,169.501,113.081,29.5373,11.7863,171.31
18455_00258,6.0,378.0,1367.91,2530.56,1642.97,5687270000.0,27694.3,73.2653,117.145,0.863639,1751.91,13.3757,6.21043,1.0,23.0,0.104685,0.0821825,0.0,0.705514,1999.28,970.249,0.0,2701.34,3639.68,1748.32,8.77368,5110.27,0.693548,0.462264,0.0,1.0,73.4504,28.0685,6.40249,171.291,68.3944,29.404,3.26172,164.996,117.441,26.7523,31.4912,170.386,119.87,24.1667,26.9571,162.226
pre_18864_00043,7.0,579.0,3986.74,3450.9,7632.52,105007000000.0,86104.0,148.712,211.239,0.144659,1585.6,11.8394,7.52114,1.0,32.0,0.127242,0.101155,0.0,0.868443,1279.12,1649.71,0.0,4729.47,2005.54,2462.37,11.3504,8052.58,0.72028,0.449649,0.0,1.0,72.9569,30.8039,2.35485,177.736,69.1864,33.8954,8.17515,177.736,117.123,28.2669,7.22506,172.616,114.629,30.6192,14.5405,168.364
18867_6413_x20950_y6015,9.0,1337.0,5398.11,6582.01,2724.74,96811100000.0,171058.0,127.942,243.706,0.457013,2828.39,18.6619,11.1132,1.0,46.0,0.117785,0.0911167,0.0,0.833309,2084.68,1581.6,0.0,5849.0,6017.24,4454.55,14.8243,12508.5,0.730422,0.444075,0.0,1.0,77.9135,33.5247,1.4749,173.873,70.0051,34.9266,1.59782,178.029,111.92,31.169,4.04158,176.998,111.944,32.9326,12.4659,172.284
236174_2657_x11930_y12250,6.0,424.0,2237.01,2597.17,5403.55,31394100000.0,117347.0,276.762,359.612,1.41987,4322.32,12.1368,6.39113,1.0,25.0,0.136343,0.125241,1.69475e-05,0.855998,1737.52,1610.55,0.0,4564.59,3269.09,2898.54,14.9449,9080.18,0.69378,0.462029,0.0,1.0,62.9984,31.0966,4.02137,155.803,63.7999,33.9606,0.601221,169.355,120.999,29.1434,15.8172,167.765,116.598,30.8551,17.6814,174.92
18458_00242,11.0,601.0,3465.03,3444.23,2035.62,24293800000.0,70428.1,117.185,260.942,0.882621,5570.11,17.4093,10.3905,1.0,36.0,0.0977896,0.0854853,0.0,0.575234,2616.98,1416.35,0.0,3651.59,7347.51,4017.6,10.5157,11321.7,0.718644,0.450425,0.0,1.0,72.4079,35.9887,2.79999,176.898,68.7677,32.1617,4.15179,156.477,117.198,29.658,23.072,173.349,118.416,29.5982,21.7528,166.244
18453_6748_x28152_y3578,7.0,321.0,991.35,942.21,1086.43,1014790000.0,34498.8,107.473,123.005,1.03218,748.957,9.00623,5.06766,1.0,23.0,0.143057,0.116255,4.059e-06,0.741407,211.789,155.358,0.0,550.293,618.198,512.464,11.8421,2164.7,0.700637,0.459445,0.0,1.0,80.4168,29.9879,17.1181,162.007,79.6225,30.6547,17.3048,167.449,115.276,27.7519,3.56577,163.706,106.218,28.664,36.7896,164.522
17545_00125,6.0,500.0,4213.12,1183.33,1832.4,9135450000.0,25546.6,51.0932,125.768,0.806888,2372.09,17.696,10.5729,1.0,46.0,0.177671,0.133898,0.0,0.757498,2300.37,1659.65,0.0,4380.65,3161.41,2343.19,20.4396,6764.76,0.801619,0.39959,0.0,1.0,81.1884,36.593,4.09699,175.927,80.5075,39.6488,0.103528,165.507,100.173,34.4008,5.66044,167.424,98.9027,36.9785,10.6041,175.43
18864_5099_x6368_y29941,8.0,482.0,1132.28,1879.06,9009.22,19168200000.0,70922.8,147.143,399.027,1.12856,8324.07,10.3734,5.77412,1.0,26.0,0.121797,0.0962015,6.2672e-07,0.782292,1696.07,3132.98,0.0,8405.51,2287.05,3782.03,5.98125,10789.1,0.691983,0.462651,0.0,1.0,70.1217,30.5423,0.123405,172.465,67.9369,31.8602,7.57467,175.068,121.739,24.4765,49.8416,174.344,118.5,29.0996,5.02382,165.937
18455_00046,5.0,365.0,3003.45,3887.73,2811.11,32824200000.0,42009.1,115.093,311.0,1.06237,4856.37,9.87123,4.42053,1.0,19.0,0.0911547,0.0851242,6.38716e-06,0.661535,2390.1,1501.33,0.0,3660.48,7240.91,4486.2,10.1508,11268.3,0.7,0.459536,0.0,1.0,72.1558,30.8804,5.18754,158.238,64.5927,28.9947,4.4151,144.319,119.717,28.2486,26.8158,171.738,120.891,26.0793,16.3184,172.55
17781_6228_x12697_y8412,6.0,442.0,3066.43,3728.14,3989.22,45605100000.0,111627.0,252.549,341.269,0.715545,3336.51,13.4344,7.60007,1.0,30.0,0.177296,0.121714,0.0,0.844223,1200.92,1290.31,0.0,4467.28,3449.48,3182.85,25.0903,10530.3,0.743119,0.437919,0.0,1.0,81.5194,35.0456,3.96196,176.003,78.9784,39.7256,4.76672,175.197,107.267,31.6142,1.80918,175.957,99.1485,35.5861,1.80918,168.15
18454_00132,10.0,652.0,3657.55,1365.05,3406.73,17008900000.0,70546.6,108.2,140.855,0.578946,1404.56,15.4816,8.64728,1.0,37.0,0.0962885,0.0746897,0.0,0.50754,3016.21,1631.52,0.0,4341.29,5187.55,2805.04,8.84673,8727.28,0.716511,0.451395,0.0,1.0,75.0816,32.1468,3.03765,173.371,70.4592,33.0553,7.5963,169.182,115.294,30.2245,0.861423,174.051,117.628,28.7295,16.4272,171.419
18453_3579_x30397_y10103,6.0,394.0,1467.63,2131.18,1985.08,6208900000.0,48218.7,122.382,138.124,1.03267,963.079,9.60406,4.62052,1.0,21.0,0.140645,0.0935546,2.48665e-06,0.57054,328.778,315.17,0.0,1429.56,699.187,659.201,17.2373,3194.78,0.706186,0.456687,0.0,1.0,71.0154,31.4946,2.23434,142.805,67.2665,28.4145,11.7843,143.97,112.19,29.3451,20.3483,172.215,115.602,26.5407,16.2177,169.473
18465_00001,7.0,409.0,544.51,1610.38,904.73,793329000.0,17585.3,42.9958,74.8205,1.02797,1203.53,11.1614,6.3673,1.0,27.0,0.110376,0.103643,1.37153e-06,0.82809,768.871,613.938,0.0,1504.3,1167.82,862.928,8.10737,2474.0,0.751244,0.433372,0.0,1.0,79.4946,31.7071,7.44426,171.556,77.4653,36.0769,10.1331,169.321,110.694,29.8546,1.88096,160.399,108.66,34.6205,4.99632,163.858
17302_00011,5.0,143.0,3872.07,1307.57,1861.38,9424170000.0,13979.2,97.7564,268.625,0.168971,2717.41,6.32867,3.61682,1.0,15.0,0.168355,0.129021,0.0,0.739121,1996.46,1924.67,0.0,4053.57,2979.77,2788.55,13.2716,6195.86,0.695652,0.463502,0.0,1.0,84.3996,29.7096,3.20131,149.084,77.6887,33.1014,5.18549,141.656,107.181,29.5908,31.5599,168.192,104.025,33.8212,22.2329,159.835
18869_5692_x6534_y3440,8.0,896.0,580.71,1078.02,672.41,420940000.0,47752.3,53.295,51.6019,0.47016,345.567,12.0714,6.26807,1.0,31.0,0.0988948,0.0772854,0.0,0.503575,153.403,140.455,0.0,796.471,347.018,198.581,7.77803,1123.6,0.734234,0.442238,0.0,1.0,79.174,28.8583,0.778136,167.714,70.4424,32.0892,5.97214,170.713,113.927,25.8465,9.18746,170.58,117.983,27.2501,10.7162,170.376
18465_00011,7.0,419.0,488.65,1466.65,1155.91,828416000.0,17473.2,41.7022,57.4306,1.66324,718.002,12.5704,7.27496,1.0,30.0,0.110235,0.0960832,2.32514e-06,0.762678,686.067,521.529,0.0,1455.76,1070.03,759.243,10.669,2573.31,0.786408,0.410841,0.0,1.0,86.1403,33.6972,3.49725,170.833,82.268,37.5938,4.94372,168.059,105.303,29.4032,28.5943,167.435,103.151,32.9269,15.9298,157.591
17302_00001,8.0,194.0,3928.81,916.96,1721.73,6202640000.0,14782.8,76.1998,201.286,0.216008,2441.77,11.0928,7.79409,1.0,27.0,0.174605,0.14158,0.0,0.712129,1991.05,1879.95,0.0,4015.07,2886.83,2616.4,12.2677,6225.73,0.827957,0.379463,0.0,1.0,81.3954,34.9018,10.5672,169.91,78.5456,36.0902,13.9028,164.901,108.194,31.3062,1.56408,163.026,106.862,33.7107,20.922,166.72
18457_00133,6.0,266.0,2261.56,1135.63,541.1,1389700000.0,13282.9,49.9358,120.314,0.876132,1810.72,14.0827,8.62471,1.0,32.0,0.125792,0.10952,0.0,0.58116,1252.26,836.294,0.0,2190.15,2030.51,1331.66,6.99204,3817.6,0.784615,0.412679,0.0,1.0,82.1622,33.0112,9.42909,155.775,75.2333,35.3456,5.53989,168.507,107.341,29.627,26.0095,164.767,103.55,34.3922,8.37772,164.23
18867_7123_x11808_y5131,6.0,540.0,615.52,481.39,497.07,147284000.0,26812.2,49.6522,44.0246,1.40372,253.351,13.3148,6.74041,1.0,29.0,0.103978,0.0819603,2.14106e-05,0.699288,112.593,62.9711,0.0,365.583,430.573,214.903,13.1648,1044.33,0.70412,0.457295,0.0,1.0,79.7487,32.496,5.66152,175.698,75.5143,32.1699,3.94587,173.639,111.186,29.9399,2.80941,173.617,114.13,27.1773,19.3574,169.737
18454_01063,9.0,591.0,2322.37,2103.32,2588.08,12642000000.0,54833.4,92.7807,124.952,0.256461,1578.21,12.4755,5.97273,1.0,26.0,0.0847718,0.066037,0.0,0.511744,2291.92,1178.44,0.0,3325.2,4226.58,2215.97,10.5038,6866.45,0.71134,0.45392,0.0,1.0,73.3608,31.2055,2.98335,167.19,65.4328,30.6871,2.82853,166.431,117.77,28.0442,0.905697,166.941,120.206,25.2687,24.7767,167.946
236174_3829_x14826_y27255,3.0,657.0,4971.07,3917.45,4175.12,81306000000.0,225219.0,342.8,390.803,0.0200195,2675.04,16.9878,6.4302,1.0,27.0,0.140222,0.107219,0.0,0.65485,2162.89,1251.84,0.0,4308.76,4463.97,2711.21,0.0200195,9631.74,0.688073,0.46399,0.0,1.0,61.5192,31.2793,0.327188,161.297,66.3522,34.1083,5.12829,166.139,117.632,30.5787,19.0763,166.916,114.241,30.7914,27.1855,172.142
18457_00123,5.0,377.0,2287.08,4172.57,3712.5,35428300000.0,39305.7,104.259,237.246,1.04434,2618.9,14.1141,7.20152,1.0,27.0,0.109976,0.0847864,1.3497e-06,0.496177,2351.21,1704.84,0.0,4100.17,5448.28,4078.17,7.42532,9899.81,0.758065,0.429411,0.0,1.0,77.0289,30.257,20.4619,174.052,69.3464,34.7982,5.388,161.625,115.72,26.1427,8.98623,166.163,114.262,29.4948,17.5171,168.801
18454_01073,8.0,538.0,4190.92,1345.57,3310.47,18668300000.0,47959.6,89.1443,150.31,0.828198,2080.64,11.7435,6.32435,1.0,26.0,0.0836276,0.0734273,0.0,0.818037,2716.96,1717.09,0.0,4499.12,3898.77,2512.81,7.60624,7234.1,0.701887,0.458295,0.0,1.0,73.9618,32.2788,0.250663,171.596,66.6898,31.0695,3.9508,170.012,116.778,28.1046,14.9865,166.427,120.08,26.459,16.5597,176.876
18864_6805_x6340_y4681,7.0,337.0,1907.07,1836.25,9304.17,32581900000.0,59829.2,177.535,265.764,1.84265,2753.66,11.4985,8.41736,1.0,31.0,0.144347,0.116935,1.0757e-05,0.723261,1710.73,2867.03,0.0,8142.46,2527.53,3903.96,19.6506,11409.1,0.727273,0.446718,0.0,1.0,78.3973,35.6644,4.22159,172.174,81.8565,34.2809,10.0678,169.655,103.978,35.7463,14.4468,174.52,101.641,34.0459,4.48891,172.053
18869_3857_x22137_y7268,10.0,682.0,6460.69,3989.21,3974.25,102429000000.0,88394.5,129.611,211.757,0.708222,2230.08,12.8358,6.68854,1.0,34.0,0.120095,0.0936208,0.0,0.684661,2158.76,1868.19,0.0,6060.88,3816.79,3086.1,17.3074,9140.95,0.72619,0.446577,0.0,1.0,79.5074,35.5871,2.2422,171.988,70.5854,32.9818,7.92195,177.923,112.013,30.7463,0.802082,170.738,112.932,30.3959,21.0756,170.373
191807_4821_x3698_y18726,5.0,161.0,5367.46,4495.87,2342.17,56519900000.0,37679.3,234.033,369.772,1.18069,2572.76,7.37267,4.26002,1.0,19.0,0.14344,0.103561,1.10167e-05,0.655309,919.051,1318.98,0.0,3849.66,1815.46,2564.24,17.756,9947.85,0.74359,0.439477,0.0,1.0,79.3648,36.1641,14.8786,163.816,74.6196,39.1374,8.985,170.052,104.619,34.4277,7.91656,154.121,109.541,33.7364,22.1674,171.009
pre_18864_00088,5.0,491.0,591.43,1124.04,947.37,629806000.0,30510.9,62.1403,81.2964,1.1744,631.803,9.7169,5.26437,1.0,28.0,0.13349,0.104098,2.33552e-08,0.627216,191.402,131.702,0.0,648.283,561.965,500.01,14.7769,2080.67,0.757202,0.429659,0.0,1.0,77.9809,33.6066,3.42257,163.919,78.3319,34.2547,3.94618,163.69,110.434,31.3711,6.58577,170.178,105.984,32.3183,9.06082,168.608
18465_00305,11.0,745.0,3130.06,3313.4,2525.09,26188100000.0,63441.9,85.1569,105.678,1.39566,1313.31,20.1839,11.6451,1.0,43.0,0.0949818,0.0717151,1.75181e-05,0.564294,2870.65,1376.82,0.0,4121.91,5480.84,2736.72,10.6858,8491.69,0.735695,0.441565,0.0,1.0,72.0797,33.6504,0.870247,178.409,67.2863,32.8475,3.98136,174.951,116.466,30.4107,9.76877,178.461,118.266,29.4211,11.0886,172.769
18454_01001,8.0,294.0,1616.82,2575.99,1384.43,5766030000.0,26418.0,89.857,157.94,0.875842,2213.0,11.2721,5.92623,1.0,21.0,0.0992666,0.0749197,0.0,0.452103,1865.72,1141.39,0.0,2875.74,3363.74,2040.74,9.24701,5141.56,0.72028,0.450439,0.0,1.0,74.3507,30.0539,3.26571,148.038,70.0127,30.0839,9.96151,161.758,121.174,23.3353,51.5441,170.912,118.751,23.6577,39.8022,165.2
18457_00029,11.0,427.0,2278.05,1357.25,2668.15,8249610000.0,28286.0,66.2435,147.866,0.336882,2613.92,9.88056,5.54557,1.0,24.0,0.110899,0.0912715,0.0,0.678889,1701.97,1294.15,0.0,3070.39,2585.6,1959.3,14.3252,4824.99,0.701923,0.458517,0.0,1.0,77.7446,34.2309,3.72748,172.21,72.2144,33.1431,4.47584,167.796,113.182,30.2347,3.22127,163.808,114.533,28.8371,30.6873,169.227
18457_00141,5.0,407.0,2598.47,1066.74,800.8,2219730000.0,19041.6,46.7852,105.488,0.60253,1444.82,16.027,8.48451,1.0,33.0,0.130875,0.117495,0.0,0.810591,1540.98,1072.55,0.0,2484.33,1922.39,1261.11,14.0174,3261.75,0.766169,0.424323,0.0,1.0,80.1063,35.5507,5.78986,172.541,75.767,38.2026,1.73138,172.89,106.38,31.4778,15.7012,173.704,105.093,35.314,18.0318,169.443
pre_18864_00098,8.0,430.0,985.75,1177.05,1572.18,1824170000.0,38309.1,89.0909,107.587,1.30837,810.562,10.0279,5.40992,1.0,25.0,0.141845,0.100653,5.95487e-06,0.7493,243.212,281.93,0.0,1428.2,609.256,576.761,9.79433,2944.38,0.725118,0.447516,0.0,1.0,72.9849,34.0196,2.71117,172.265,74.5226,33.4547,11.4586,178.333,114.911,29.5301,11.7939,171.377,109.991,29.0116,10.3782,166.681
18457_00039,7.0,369.0,2043.91,1150.2,426.96,1003740000.0,15601.6,42.2809,76.5704,0.462293,1208.0,12.252,7.48941,1.0,27.0,0.166733,0.13289,0.0,0.924118,1062.55,826.784,0.0,1949.77,1592.6,1162.0,14.4176,3219.62,0.79558,0.404396,0.0,1.0,82.2806,35.4896,1.527,165.372,82.1262,39.2725,7.01345,176.561,106.368,31.8076,23.1591,168.732,100.44,34.5241,18.7287,167.047
18454_01011,10.0,454.0,2086.23,2516.64,1640.83,8614830000.0,39174.7,86.2879,116.997,1.36684,1358.26,11.7181,5.6996,1.0,24.0,0.108601,0.0800605,5.85575e-07,0.654263,2251.66,1151.47,0.0,3144.73,3735.15,1897.46,10.1373,5636.87,0.738739,0.440315,0.0,1.0,74.1986,28.5433,1.04175,141.282,66.1107,30.6241,5.65812,147.557,118.679,25.357,18.5309,163.213,119.766,25.2951,23.2684,172.404
191812_3494_x7001_y8336,10.0,450.0,4319.84,4089.92,7695.27,135958000000.0,98316.5,218.481,376.028,1.81729,5030.4,9.82222,5.33129,1.0,22.0,0.128099,0.104098,1.4024e-05,0.774788,1651.45,2294.82,0.0,6511.59,2646.42,3143.41,9.56117,9952.83,0.740909,0.439135,0.0,1.0,65.9137,27.5307,6.87194,136.563,65.2768,33.222,2.96742,160.534,125.4,23.4552,21.4981,173.7,117.731,27.9998,48.7449,168.761
17302_00063,2.0,172.0,1213.45,2209.32,1178.5,3159440000.0,17972.9,104.494,160.515,2.17852,1579.91,10.0116,3.46577,1.0,16.0,0.16315,0.121115,2.69818e-05,0.768559,366.704,459.061,0.0,2068.01,676.54,619.789,11.1715,3117.59,0.705882,0.458349,0.0,1.0,77.2362,33.8229,3.3712,166.057,80.3924,37.3601,11.4436,166.739,115.786,28.6552,31.4601,164.793,106.879,28.9477,32.662,157.037
pre_18864_00286,5.0,477.0,3388.98,1782.57,6377.37,38526300000.0,82625.4,173.219,253.358,1.6688,2617.34,13.0252,7.47372,1.0,29.0,0.128378,0.103032,8.00347e-07,0.675382,819.727,914.009,0.0,4362.09,1699.24,1897.69,8.16778,7088.55,0.724576,0.447677,0.0,1.0,76.8073,30.8451,4.1324,153.315,72.5368,34.0005,0.948587,168.503,114.939,28.2139,29.0867,167.923,111.185,32.7186,9.85509,169.897
18454_00140,10.0,540.0,2424.27,1673.69,2550.15,10347200000.0,39460.9,73.0757,165.592,0.385423,3485.68,14.063,7.47834,1.0,28.0,0.0985844,0.0847595,0.0,0.609129,2425.99,1279.08,0.0,3438.07,4366.55,2323.1,9.1672,6387.44,0.686792,0.464676,0.0,1.0,76.1923,31.5149,1.69435,170.942,68.6879,30.4816,4.58153,174.89,114.046,30.0014,3.01962,168.475,118.34,25.4015,12.6419,175.416
18453_4711_x14090_y3943,7.0,335.0,4822.18,4190.89,3715.65,75090400000.0,54064.6,161.387,327.704,1.49469,5196.43,10.009,5.24632,1.0,22.0,0.119378,0.0857483,7.24564e-08,0.701116,1414.36,2112.74,0.0,5583.27,2101.01,2836.02,7.07297,8415.46,0.70122,0.459125,0.0,1.0,71.8044,26.969,5.58622,134.68,65.4075,33.5193,2.59164,164.823,118.273,23.4575,36.1673,172.385,114.664,30.4831,29.7786,165.743
18454_00150,13.0,349.0,1753.69,1569.29,2885.05,7939800000.0,35205.5,100.875,146.901,1.07373,1457.88,22.4957,13.228,1.0,42.0,0.0941101,0.0789231,1.0297e-05,0.638078,2057.73,1007.35,0.0,2774.77,5042.06,2525.71,7.9196,7431.4,0.732143,0.444167,0.0,1.0,81.8303,39.4678,3.6924,169.218,74.4773,40.5407,8.92199,171.198,103.583,37.9886,0.39926,169.646,110.623,35.6529,6.2517,170.216
18454_00028,4.0,128.0,5622.05,1951.36,983.6,10790700000.0,15202.4,118.769,379.99,2.69973,3484.77,10.8906,6.521,1.0,24.0,0.180386,0.131724,6.13987e-05,0.628057,3080.01,2161.24,0.0,5657.8,4765.32,3239.01,6.11542,9083.41,0.758065,0.431751,0.0,1.0,78.0809,35.1706,2.27095,163.935,80.6736,39.954,17.1871,157.732,105.003,37.3982,2.38097,176.425,97.5569,36.5039,4.35109,160.33
182725_2917_x9391_y22263,10.0,1064.0,9377.32,4293.87,5080.0,204546000000.0,184306.0,173.22,270.614,1.35085,2817.57,18.547,9.21223,1.0,36.0,0.134262,0.107763,2.68504e-06,0.890729,2673.66,2505.51,0.0,8282.31,4355.02,3924.17,11.8602,12807.6,0.73055,0.444095,0.0,1.0,69.4139,33.3968,2.08988,167.019,68.527,33.7513,2.40412,174.551,118.538,29.0165,11.3247,171.746,112.032,31.9984,4.97079,172.042
18867_4817_x16327_y15739,4.0,282.0,988.13,759.8,1739.07,1305660000.0,18380.2,65.1781,107.347,0.572161,949.952,9.36879,5.40648,1.0,25.0,0.116749,0.0883632,0.0,0.710333,551.72,409.712,0.0,1748.7,1121.09,846.304,19.0823,4267.51,0.784173,0.412883,0.0,1.0,82.9257,28.4975,4.13256,170.554,74.7875,33.6987,1.65356,173.264,112.267,22.8556,46.0641,174.156,110.675,28.6973,22.1362,171.68
pre_18458_00354,2.0,28.0,1207.81,573.06,790.25,546970000.0,3397.04,121.323,172.682,5.32345,637.585,3.85714,1.6265,1.0,7.0,0.120114,0.0679884,3.70884e-05,0.249598,166.531,272.779,0.0,1028.14,319.441,414.395,8.00401,1766.23,0.769231,0.438529,0.0,1.0,74.4398,36.2626,28.1167,146.234,54.3212,23.0782,23.0991,98.1406,117.723,27.337,76.6316,164.044,131.937,26.1752,62.2235,157.7
182725_2581_x9375_y21137,10.0,838.0,8680.68,4044.94,4195.09,147301000000.0,146442.0,174.752,298.168,0.70972,3292.17,14.1527,6.33064,1.0,27.0,0.131575,0.100129,0.0,0.884705,1892.0,1773.87,0.0,7273.6,3146.39,2849.35,19.7516,11274.8,0.729469,0.444772,0.0,1.0,73.4124,35.4065,0.787415,171.479,69.9776,33.6877,1.64159,178.762,114.874,27.7106,9.86131,171.2,112.828,29.8431,16.9849,170.537
18868_3853_x29683_y10294,5.0,251.0,4551.99,4015.21,3596.6,65735800000.0,29724.2,118.423,362.238,0.600836,4621.65,9.16733,4.6968,1.0,20.0,0.127302,0.0983844,0.0,0.666945,754.569,1327.07,0.0,6005.14,1295.88,2125.85,12.2234,8174.61,0.747967,0.435956,0.0,1.0,78.8333,30.7108,11.3518,160.229,72.7467,34.6837,7.21612,164.599,114.191,26.5291,32.552,164.453,109.558,31.027,20.4588,163.667
182724_2526_x7529_y21792,11.0,1109.0,9008.07,4858.48,4815.92,210771000000.0,162934.0,146.92,220.501,0.406001,2975.21,16.4175,7.69205,1.0,32.0,0.117421,0.0883844,0.0,0.91897,3038.84,2651.4,0.0,8656.17,4884.86,4314.67,16.8319,14435.5,0.730419,0.444147,0.0,1.0,75.9127,31.3092,3.2526,172.213,67.9548,33.0401,3.26031,165.288,114.406,29.5689,0.532105,173.282,114.082,30.6461,21.3256,171.235
18463_00041,11.0,747.0,4025.78,1641.92,2996.9,19809500000.0,67692.0,90.6185,133.863,1.15882,2141.31,13.0348,6.79468,1.0,29.0,0.0885787,0.0662815,5.49881e-06,0.529293,2750.36,1407.1,0.0,4191.04,4230.93,2185.02,14.2262,7012.9,0.725543,0.446848,0.0,1.0,73.8631,31.7489,0.858174,165.217,64.5782,30.7125,4.2315,164.804,117.347,28.3161,17.6579,174.61,121.069,27.0796,12.7293,166.957
18453_3795_x13584_y5960,8.0,544.0,3645.91,1785.05,4385.31,28540100000.0,92938.1,170.842,244.37,0.800101,3165.22,12.7831,7.57533,1.0,32.0,0.133475,0.107051,0.0,0.623188,950.125,1022.13,0.0,3487.86,1907.91,1954.68,9.80552,6591.37,0.738806,0.440107,0.0,1.0,73.3473,29.0376,0.755695,162.607,69.6385,32.2164,0.384101,162.661,117.496,25.1899,20.4868,173.035,111.744,29.9388,12.944,172.927
18463_00051,5.0,295.0,1344.26,1273.34,1397.82,2392650000.0,26091.9,88.447,98.7015,1.04429,514.074,12.1051,6.54647,1.0,29.0,0.113402,0.103848,6.78092e-06,0.651621,581.402,504.547,0.0,1561.72,995.833,672.8,10.1069,2336.68,0.772414,0.420727,0.0,1.0,77.6627,36.4038,0.496293,162.239,84.9974,37.5072,8.70714,167.713,110.09,34.2971,17.2461,166.131,101.237,33.7563,12.6016,164.289
17545_00147,5.0,203.0,794.3,1254.08,1041.93,1037880000.0,25917.7,127.673,143.746,1.04306,842.645,7.00985,3.46694,1.0,18.0,0.205617,0.140001,1.05424e-05,0.732724,252.85,210.042,0.0,792.906,683.73,492.068,14.5667,2452.45,0.727273,0.447628,0.0,1.0,80.6593,38.7622,2.50758,169.595,86.9092,35.583,10.1193,171.774,105.112,32.1664,10.0706,168.114,93.827,34.461,16.7783,165.179
18457_00090,14.0,332.0,2391.1,1680.15,2246.67,9025790000.0,25911.0,78.0451,162.914,0.40832,2562.88,9.62651,5.30681,1.0,20.0,0.149857,0.106252,0.0,0.601118,2052.57,1261.21,0.0,3235.64,3776.2,2318.78,8.17128,5887.33,0.735849,0.442273,0.0,1.0,77.9585,32.3722,4.29787,152.84,72.9149,33.4524,6.6194,152.07,112.095,30.4495,5.46227,170.3,112.847,27.5578,25.4642,162.128
pre_18864_00021,8.0,584.0,1752.11,4220.83,4124.21,30500000000.0,65594.5,112.319,195.479,0.798865,2378.08,15.5342,8.93288,1.0,37.0,0.133059,0.102302,0.0,0.792356,648.789,539.724,0.0,3715.0,1435.06,1141.28,9.02949,6185.22,0.78125,0.414118,0.0,1.0,78.4737,33.8843,8.23839,168.455,77.4666,36.3672,8.20897,173.202,109.202,30.9282,16.0579,171.634,104.608,33.4712,8.57772,166.261
18457_00080,8.0,492.0,2728.47,1059.11,1557.51,4500810000.0,20892.5,42.4645,107.677,0.2869,2232.91,14.4309,8.1374,1.0,37.0,0.126632,0.105495,0.0,0.675701,1545.43,1156.55,0.0,3066.85,2225.53,1596.4,9.94458,4400.17,0.818182,0.386494,0.0,1.0,85.2601,33.5204,10.7072,170.429,84.3005,34.8908,5.19139,168.824,104.517,30.8308,24.2555,158.233,101.701,35.1167,2.88845,167.211
18453_2884_x12998_y7285,6.0,500.0,2878.93,2327.98,6762.43,45322400000.0,85365.4,170.731,269.596,0.669705,3079.18,12.124,7.25962,1.0,29.0,0.123923,0.0998789,0.0,0.718664,704.172,1092.91,0.0,5213.56,1311.84,1738.99,11.8598,8486.26,0.720648,0.449592,0.0,1.0,72.2634,29.4732,2.08582,169.596,68.4421,32.1736,5.30648,173.426,116.519,26.0525,35.0552,169.757,114.39,30.4093,7.85233,165.007
18463_00067,9.0,465.0,2309.88,1955.3,2372.57,10715700000.0,36452.3,78.392,244.639,0.920383,5003.24,10.1269,4.66034,1.0,21.0,0.0852097,0.0829062,0.0,0.655063,2087.45,1244.85,0.0,3215.43,5141.4,3084.24,13.2743,7611.95,0.697368,0.460408,0.0,1.0,71.2352,33.0496,5.12514,168.688,63.0154,31.9372,6.2165,161.264,118.555,30.6033,1.90585,175.394,121.86,28.0151,22.1073,170.022
18869_7989_x9123_y9916,5.0,89.0,2824.26,1066.34,3931.49,11840200000.0,8990.29,101.015,592.197,1.10616,5579.76,4.52809,1.90149,1.0,8.0,0.133965,0.120734,3.71171e-05,0.569224,1104.14,1933.23,0.0,4743.79,1608.23,2688.64,22.715,6629.13,0.738095,0.445001,0.0,1.0,88.5627,35.2768,8.97613,164.508,83.8656,38.7904,0.274459,148.771,103.585,30.9869,17.8886,159.483,101.178,32.0212,15.2272,156.328
18453_3935_x22928_y21885,6.0,276.0,826.8,1281.2,641.76,679813000.0,13979.2,50.6493,55.6025,0.886596,283.085,12.7174,6.75061,1.0,28.0,0.128899,0.104881,0.0,0.606201,507.173,359.038,0.0,1182.31,767.063,486.353,14.8837,1736.67,0.755556,0.431358,0.0,1.0,81.124,31.1493,8.74426,154.065,74.7414,37.5131,7.58179,169.262,108.303,27.7352,24.6015,160.278,107.917,31.7117,18.5794,164.486
18047_2622_x11862_y12983,5.0,283.0,2801.58,2541.6,1733.26,12341700000.0,52616.4,185.924,221.636,1.20812,1485.66,10.2721,6.26882,1.0,26.0,0.155246,0.120721,8.38595e-06,0.744455,529.198,623.388,0.0,2633.41,1594.79,1762.18,8.39945,6644.37,0.71223,0.454361,0.0,1.0,78.327,44.0134,0.316749,176.838,79.1952,39.0273,6.81062,167.945,99.7241,43.0386,0.218555,171.864,102.683,38.5454,11.152,170.869
236174_3929_x13599_y9165,5.0,433.0,8040.17,4965.16,4981.03,198846000000.0,115666.0,267.127,469.112,0.951384,4713.83,9.47113,4.11296,1.0,19.0,0.147541,0.134055,0.0,0.802789,3484.36,2001.85,0.0,5898.99,5493.09,3167.04,11.9005,10052.2,0.71028,0.454696,0.0,1.0,66.8022,31.529,5.53765,159.943,68.0304,34.1454,5.6534,165.527,120.822,28.88,19.2946,168.814,109.543,33.1605,10.6561,170.535
18867_5654_x12080_y5724,10.0,608.0,6623.05,6735.3,3500.94,156171000000.0,95287.4,156.723,294.766,0.74358,2466.33,13.0954,6.98226,1.0,36.0,0.132765,0.0965197,0.0,0.643606,2355.15,1925.24,0.0,7372.55,4551.06,3476.7,13.6066,11661.2,0.695652,0.460902,0.0,1.0,77.6595,32.1298,2.70651,160.92,73.1168,31.9833,6.49997,165.503,113.334,30.634,12.3073,171.405,110.467,30.7258,8.5031,171.325
18869_4282_x22276_y6457,7.0,397.0,4048.02,4433.34,3860.26,69277200000.0,44757.6,112.739,250.155,0.926413,3762.38,13.927,7.94725,1.0,35.0,0.14026,0.117994,0.0,0.661959,1817.87,1838.26,0.0,5950.66,3178.11,3004.4,8.18525,8885.81,0.702564,0.458307,0.0,1.0,79.5496,37.2224,3.95839,172.03,72.4569,36.8396,4.08849,167.905,108.918,34.9858,3.57177,175.358,107.397,33.7483,3.34248,163.743
18458_00443,6.0,462.0,2143.87,2400.16,1603.6,8251530000.0,33024.5,71.4816,143.734,1.13458,2751.11,12.7359,5.41184,1.0,24.0,0.0971508,0.0788593,1.03024e-05,0.601041,2159.79,1128.94,0.0,2984.07,3724.01,1889.53,3.89227,5230.48,0.72807,0.445933,0.0,1.0,78.3568,29.2684,0.26011,175.809,72.4979,33.0018,11.9373,159.995,117.488,23.6634,33.9021,165.137,118.11,26.1939,21.0588,165.786
18869_7472_x16444_y11009,6.0,2976.0,5709.33,4630.35,3304.58,87360500000.0,128727.0,43.2549,63.2096,0.389121,1615.57,19.8401,8.17917,1.0,43.0,0.123497,0.0974695,0.0,0.869635,2417.47,891.188,0.0,5098.59,4004.07,1410.03,28.61,7682.79,0.701684,0.457673,0.0,1.0,84.7253,31.457,2.56548,174.069,82.5662,33.9782,2.83395,174.242,107.827,28.5887,2.03464,171.7,103.74,30.418,4.38051,169.338
18455_00012,7.0,233.0,2599.03,1690.07,754.819,3315580000.0,24305.5,104.315,139.174,0.946975,1435.1,7.29185,3.25772,1.0,16.0,0.151422,0.105029,0.0,0.594208,666.815,799.559,0.0,2294.94,1128.87,980.503,16.7203,3310.21,0.761062,0.428334,0.0,1.0,82.0193,37.6489,0.184888,173.836,85.6267,35.9578,14.6993,170.169,105.954,34.3258,14.6715,173.577,97.4648,32.4605,14.4234,155.655
18453_5113_x9557_y5782,6.0,238.0,861.19,1762.68,1177.8,1787900000.0,30018.8,126.129,155.534,1.01305,1293.77,6.63025,3.0767,1.0,16.0,0.117147,0.0934046,6.95582e-05,0.585673,183.988,175.426,0.0,1278.7,434.513,361.538,10.9553,2103.36,0.724138,0.448887,0.0,1.0,71.2018,29.5107,3.18124,165.258,67.8438,33.933,11.1048,161.21,121.591,23.2401,42.8706,163.16,118.459,25.847,48.1619,167.998
18867_3926_x8710_y12751,8.0,430.0,5012.23,3726.82,4182.15,78121200000.0,56685.2,131.826,255.649,0.495922,2798.96,11.7628,6.68328,1.0,27.0,0.12134,0.0976473,0.0,0.594487,1242.3,1585.71,0.0,5850.39,2164.2,2577.51,10.7106,8768.85,0.720379,0.44988,0.0,1.0,77.5827,28.4133,3.00853,161.408,73.6679,34.0628,4.08723,166.261,112.37,28.2104,9.40464,162.677,107.591,31.9674,2.93147,164.948
18455_00002,8.0,198.0,772.33,1077.52,1109.76,923544000.0,15247.5,77.0076,100.375,0.655677,857.43,7.70707,4.05358,1.0,19.0,0.179025,0.169612,0.0,0.987625,340.655,429.855,0.0,1295.85,761.597,794.905,11.8862,2994.97,0.768421,0.424079,0.0,1.0,81.2667,35.4585,4.87688,171.621,85.8713,42.8398,2.93781,177.438,107.54,33.0885,24.4411,161.691,92.7652,36.6335,21.3597,165.369
18464_00049,8.0,442.0,1724.48,2718.47,1855.12,8696710000.0,43859.8,99.2303,158.947,0.220254,2774.41,11.4434,5.19137,1.0,21.0,0.0947065,0.0859405,0.0,0.559963,1982.42,968.921,0.0,2996.95,4092.67,2029.75,17.268,5968.97,0.728111,0.445962,0.0,1.0,73.7239,30.5966,7.74492,174.881,63.9037,31.8953,3.86124,164.898,118.233,29.446,2.26896,169.975,120.083,30.8813,9.22212,173.06
18465_00045,5.0,107.0,740.29,953.04,946.29,667632000.0,10675.0,99.7665,138.601,0.627155,690.199,5.71028,3.11724,1.0,14.0,0.167751,0.155168,0.0,0.686336,273.365,228.624,0.0,748.355,650.379,639.933,12.0937,2398.44,0.803922,0.400979,0.0,1.0,81.9357,37.0483,25.3968,155.856,86.0969,48.1125,14.5053,175.96,104.043,30.7396,18.3015,164.636,94.7079,39.4307,16.8731,168.583
17302_00055,6.0,320.0,1207.85,1644.63,854.89,1698210000.0,24784.4,77.4511,96.371,0.42643,573.183,13.3187,5.08778,1.0,25.0,0.164185,0.114865,0.0,0.671356,265.242,205.815,0.0,1387.02,590.722,353.84,8.67231,2164.76,0.751592,0.433472,0.0,1.0,80.8811,37.5916,2.31482,173.548,86.5832,38.8268,6.35948,164.912,104.335,35.8661,0.652326,174.558,92.0329,34.9311,11.2755,169.406
17302_00045,5.0,285.0,1960.25,1990.6,1183.85,4619470000.0,18790.3,65.9308,82.743,0.869312,657.951,10.4877,5.21415,1.0,24.0,0.151556,0.102994,0.0,0.630984,504.868,535.992,0.0,2136.55,812.92,668.195,6.08932,2951.68,0.735714,0.442535,0.0,1.0,79.8037,31.305,3.81013,164.053,81.997,35.0098,6.89529,166.934,108.905,27.8859,9.46254,150.338,102.836,29.3234,9.35788,160.746
18454_00166,9.0,489.0,2464.3,3330.87,1277.55,10486500000.0,43657.8,89.2797,107.85,1.2204,953.107,19.3231,9.65649,1.0,35.0,0.0768194,0.0697197,1.50613e-05,0.54849,2530.16,1390.53,0.0,3690.22,3970.01,2155.48,7.54239,6276.51,0.7125,0.453543,0.0,1.0,78.6572,35.3873,5.65028,170.264,70.8006,36.1364,5.47319,175.062,112.223,33.4073,2.50571,165.719,114.893,32.3543,21.8577,167.993
18454_00176,8.0,688.0,4939.7,2094.24,2290.62,23696300000.0,89108.0,129.517,169.858,0.534085,2500.77,19.468,11.5543,1.0,44.0,0.0955167,0.0808987,0.0,0.602455,3435.84,1862.5,0.0,4944.59,5812.11,3301.9,12.0385,12341.0,0.708824,0.454974,0.0,1.0,75.4643,31.3147,6.14674,174.334,66.548,33.6716,3.76819,173.62,115.599,29.5245,5.23133,173.472,117.392,30.0199,6.58814,166.355
17781_6202_x7633_y12296,6.0,188.0,3227.05,2008.09,3620.94,23464400000.0,55279.7,294.041,456.455,1.38777,4451.72,8.25532,4.21085,1.0,18.0,0.166563,0.128857,8.39326e-05,0.786269,2240.68,1399.7,0.0,4224.85,4748.42,2916.3,26.1725,9633.26,0.703297,0.459335,0.0,1.0,73.1086,32.7918,3.94411,148.244,73.2988,35.488,12.9328,172.29,112.6,31.5289,2.1588,177.409,106.418,33.2735,8.69103,155.789
18464_00198,7.0,813.0,3403.5,4405.07,3210.63,48135900000.0,78427.8,96.4672,196.932,0.614574,4071.71,16.6654,6.62517,1.0,34.0,0.113418,0.0859067,0.0,0.485618,2739.69,1090.87,0.0,3795.14,8220.61,3478.77,14.6415,11763.8,0.704715,0.456738,0.0,1.0,74.3439,34.3475,4.13684,170.345,68.1642,32.7218,6.31491,170.376,116.072,31.0615,16.2027,173.5,117.183,29.7819,23.377,173.849
18867_3832_x10338_y8748,6.0,222.0,3308.17,3518.03,2697.64,31395800000.0,28646.0,129.036,279.086,1.14901,3500.22,7.76577,4.04042,1.0,16.0,0.146957,0.1131,1.66071e-05,0.609501,975.304,1394.45,0.0,4134.99,1683.96,2364.35,26.6563,6769.08,0.712963,0.454488,0.0,1.0,78.6949,24.8126,22.0186,145.464,74.5947,30.7318,12.1941,156.832,112.881,24.3383,31.4729,154.411,107.413,28.6595,20.758,167.761
18453_6500_x34303_y12884,8.0,446.0,4527.39,3509.98,3909.0,62118100000.0,88765.3,199.025,306.253,0.608566,4050.43,9.73991,4.94233,1.0,21.0,0.169538,0.132913,0.0,0.782807,920.507,1047.89,0.0,5025.06,1727.53,1669.53,11.9722,9016.62,0.744292,0.437258,0.0,1.0,75.1773,38.077,2.99302,172.716,81.3752,42.4283,6.7723,174.826,106.499,35.0408,3.75318,168.703,101.193,37.0128,8.35375,165.776
17543_3828_x6023_y17044,5.0,255.0,714.42,714.39,1444.77,737374000.0,24318.0,95.3648,122.805,1.02645,1072.93,12.6,8.05522,1.0,27.0,0.155275,0.138668,7.16646e-06,0.740189,225.329,218.856,0.0,647.767,1017.6,979.492,7.94497,2755.26,0.72,0.450806,0.0,1.0,78.3373,38.6091,9.59485,171.991,79.9256,40.7241,9.12532,168.319,109.743,32.3079,13.2867,164.593,103.836,34.1378,31.7212,166.048
18454_01027,8.0,498.0,1029.07,3086.75,1959.3,6223680000.0,33781.9,67.8351,156.495,0.623162,3060.99,17.1004,12.7066,1.0,49.0,0.0893809,0.0804886,0.0,0.732595,1918.15,909.045,0.0,2643.3,4792.84,2379.85,13.6065,7383.65,0.730612,0.44455,0.0,1.0,81.8124,31.8596,6.96046,166.939,74.9636,36.3519,7.51922,178.335,110.184,28.8553,24.8426,167.552,109.44,34.0762,5.28449,165.251
pre_182712_00003,3.0,245.0,1284.93,1456.53,1264.44,2366450000.0,17930.4,73.1855,72.8028,1.47207,384.772,13.1796,7.37411,1.0,29.0,0.13208,0.0892089,1.95376e-05,0.612929,616.054,444.36,0.0,1414.81,1031.01,721.711,14.1844,2723.97,0.752066,0.433609,0.0,1.0,81.4953,34.6713,14.5419,174.433,75.4499,33.4786,11.3894,174.951,109.638,32.2321,13.9108,156.732,107.819,31.616,9.79796,164.281
18047_5719_x25513_y7957,7.0,311.0,1596.34,3148.57,2166.88,10891100000.0,47362.2,152.29,213.108,0.8056,2175.9,15.8746,8.88132,1.0,34.0,0.214566,0.158586,0.0,0.856419,775.124,852.466,0.0,2446.15,3171.99,3059.1,12.6391,9856.48,0.802632,0.399328,0.0,1.0,88.6051,40.1303,2.22312,168.036,89.9792,39.065,4.95952,170.518,99.7484,38.1247,1.07535,167.724,93.0786,38.7562,3.8954,164.743
18868_3699_x17279_y16010,3.0,417.0,4263.05,1973.54,1916.9,16127500000.0,35895.4,86.0802,187.749,1.51574,2762.97,21.9832,11.8916,1.0,41.0,0.141358,0.108292,5.73267e-06,0.591928,1569.36,1377.85,0.0,3590.49,3646.24,3097.46,25.7462,8962.96,0.763285,0.426096,0.0,1.0,82.8813,36.3769,2.5301,174.069,81.6322,37.6786,5.58273,172.641,107.465,31.2574,13.2597,176.877,99.4318,34.7529,4.40437,159.017
18462_00009,5.0,245.0,1514.04,2065.43,1318.4,4122830000.0,29751.9,121.436,148.667,1.64723,927.225,9.72653,3.61502,1.0,17.0,0.126592,0.093577,1.1442e-08,0.581422,292.688,227.503,0.0,1687.33,753.933,425.61,14.1974,2788.32,0.658333,0.476257,0.0,1.0,77.6011,33.053,18.991,159.904,80.1869,39.6177,3.60327,168.011,109.173,35.323,13.9874,166.738,101.796,36.2277,12.9464,160.291
18458_00488,7.0,479.0,2112.79,800.92,732.64,1239760000.0,17809.7,37.1811,63.9682,0.306324,1110.77,16.0104,9.80233,1.0,44.0,0.137684,0.115732,0.0,0.656439,909.817,681.849,0.0,1999.91,1452.59,1007.05,13.0189,3743.78,0.771186,0.420962,0.0,1.0,84.885,33.0306,2.46557,171.791,85.4341,36.0496,11.8232,175.492,102.677,31.5113,1.22364,166.702,97.9962,33.5732,9.05284,166.448
18457_00115,5.0,205.0,1659.71,1111.04,611.91,1128360000.0,11009.2,53.7035,85.4579,0.414657,919.224,11.5561,5.75335,1.0,23.0,0.140972,0.113441,0.0,0.763922,627.118,484.951,0.0,1544.84,1114.75,816.843,9.18399,2520.56,0.79,0.40936,0.0,1.0,86.4704,37.1357,12.3491,167.905,85.9839,41.0154,4.58163,176.045,101.006,33.6554,12.765,164.7,98.8496,37.4203,13.171,163.603
18454_01045,10.0,262.0,942.84,3055.76,1164.89,3356150000.0,26826.9,102.393,172.784,1.61977,1887.55,9.12214,4.35586,1.0,16.0,0.10959,0.0843916,2.44537e-05,0.487386,1947.16,1177.72,0.0,2852.79,4460.32,2675.32,11.307,6724.44,0.730159,0.445649,0.0,1.0,74.7844,31.7224,1.65785,174.995,61.914,31.7374,10.7272,154.761,120.006,24.336,8.58567,161.244,124.425,28.3521,19.3985,163.875
18453_3848_x19057_y7025,8.0,432.0,6251.85,3585.78,2425.51,54374500000.0,80271.3,185.813,251.702,0.811023,1763.57,12.7685,8.02676,1.0,32.0,0.147359,0.11173,0.0,0.690931,559.306,877.1,0.0,4081.93,2005.64,2314.16,13.1604,6930.2,0.735849,0.441924,0.0,1.0,75.5215,36.9735,1.91354,165.742,73.6233,36.2045,3.47307,169.656,111.312,33.8331,1.60094,174.681,110.175,32.1211,14.1258,169.417
18462_00019,10.0,430.0,2490.57,1449.78,2532.02,9142560000.0,32554.6,75.7084,133.829,0.782842,2236.57,11.3488,5.85164,1.0,27.0,0.0823977,0.0807542,0.0,0.524207,2424.19,1265.36,0.0,3391.69,3616.88,1864.15,16.3539,5137.23,0.704762,0.45724,0.0,1.0,78.7095,34.1863,6.18621,171.309,66.3629,32.2806,14.7026,167.118,114.59,31.6193,6.93478,171.041,121.812,28.6132,11.9452,163.112
18454_01055,7.0,317.0,910.88,3159.98,1287.81,3706780000.0,31170.5,98.3298,180.958,0.790611,2831.43,10.4196,4.95013,1.0,22.0,0.118153,0.0982772,0.0,0.803329,2168.03,1159.18,0.0,3067.69,4091.42,2147.59,11.7902,5673.71,0.703226,0.458317,0.0,1.0,75.7324,29.6404,1.08727,148.603,65.4946,31.4255,1.95851,158.033,117.564,26.7408,26.7553,171.738,121.292,25.7246,32.0982,169.943
18465_00229,6.0,640.0,1294.35,2847.55,2382.65,8781800000.0,65473.3,102.302,136.002,0.685209,1733.08,14.5062,8.63555,1.0,39.0,0.104958,0.0828376,0.0,0.617604,2047.02,1286.67,0.0,3378.46,4103.61,2617.42,8.52423,7447.83,0.712934,0.453108,0.0,1.0,74.8506,33.1222,9.12639,171.628,67.803,34.5852,5.56486,165.02,116.946,28.8816,15.5489,169.866,116.624,32.1546,16.3583,170.354
18869_3741_x6284_y6163,7.0,303.0,5295.82,4057.15,3575.38,76820400000.0,43374.8,143.151,300.742,1.0973,2820.91,11.8317,6.64233,1.0,27.0,0.138203,0.122218,3.96584e-06,0.791346,1672.4,1991.89,0.0,6223.8,2638.13,2918.36,13.166,8565.28,0.72973,0.445607,0.0,1.0,81.6504,32.3342,5.0092,161.485,74.5933,33.6639,8.75535,165.143,109.528,30.909,11.6611,176.433,106.206,30.8555,17.6637,170.759
18869_6854_x10735_y2978,7.0,587.0,924.601,524.18,606.9,294138000.0,42671.8,72.6947,78.4513,0.969272,499.419,9.70187,3.20378,1.0,17.0,0.106678,0.0839781,0.0,0.604188,128.29,79.1365,0.0,560.272,286.394,137.102,12.571,787.103,0.693103,0.462003,0.0,1.0,78.0904,29.1962,0.0722837,150.218,71.4812,31.8393,4.6324,165.422,117.357,24.6886,24.52,166.669,113.639,28.0152,12.2114,167.52
17109_2601_x9296_y24691,5.0,551.0,4903.78,3812.16,8627.43,161281000000.0,149210.0,270.798,399.333,1.22805,4878.02,16.7604,7.16765,1.0,30.0,0.136923,0.121289,9.79319e-06,0.851967,2606.07,2224.27,0.0,6608.46,4525.58,3725.9,9.69792,12082.3,0.721612,0.449029,0.0,1.0,61.8302,30.2552,0.776607,172.617,68.126,34.9822,5.53923,173.336,121.464,29.2886,4.38082,173.589,115.094,32.4313,20.3452,171.092
17781_4710_x13766_y10574,5.0,625.0,5110.01,3750.71,4333.63,83059000000.0,142721.0,228.353,320.633,0.827169,2215.37,13.2112,6.3544,1.0,28.0,0.147869,0.108143,0.0,0.699463,1840.32,1432.31,0.0,4860.12,3248.65,2310.55,21.5007,8390.5,0.712903,0.453139,0.0,1.0,76.4759,29.9144,3.23058,167.186,78.1088,34.262,8.61273,170.634,112.482,28.0143,4.72763,167.814,101.312,33.3967,9.71282,167.778
182725_6819_x6109_y7853,8.0,520.0,4011.42,5941.09,3453.75,82310600000.0,70967.7,136.476,276.002,1.3122,3461.02,11.4154,6.5723,1.0,27.0,0.123944,0.108602,1.27427e-05,0.669284,1271.84,1555.53,0.0,5640.85,4226.38,4936.89,11.506,12554.5,0.699219,0.459496,0.0,1.0,71.6387,31.2012,0.473452,164.946,72.4091,33.7886,10.0646,174.227,119.033,27.8708,8.58038,174.524,111.16,31.4172,9.26255,163.796
17788_5059_x3960_y6601,9.0,563.0,1080.2,1508.54,4924.45,8024510000.0,60391.0,107.266,244.347,1.72258,5214.6,9.45115,4.88214,1.0,25.0,0.127919,0.101925,2.14608e-05,0.790483,216.657,160.555,0.0,601.986,503.49,438.995,10.1606,5693.19,0.696751,0.460494,0.0,1.0,73.2009,29.1687,9.41562,161.046,68.9967,33.5419,1.71623,173.839,117.618,25.2139,37.7315,167.137,117.677,29.7457,11.9573,174.115
18452_7249_x11408_y2071,8.0,284.0,3001.4,4354.95,2869.13,37502300000.0,43281.8,152.401,444.823,1.17291,7075.66,8.42958,5.05992,1.0,22.0,0.14944,0.127345,1.32457e-06,0.853545,522.769,1022.66,0.0,4772.29,1173.73,2068.49,13.702,8792.01,0.753623,0.43247,0.0,1.0,78.6056,39.0781,1.07903,176.766,82.3732,39.9727,5.66601,175.344,110.44,38.0078,1.26393,171.591,102.907,39.1628,8.05917,176.439
191812_6351_x5009_y7424,9.0,487.0,3312.05,4733.31,10208.3,160035000000.0,105992.0,217.643,518.309,3.00675,8570.8,9.5462,4.75678,1.0,21.0,0.118422,0.0883932,3.65388e-05,0.724954,1660.34,2317.48,0.0,8979.4,2650.33,3524.61,14.5102,15090.7,0.740586,0.439233,0.0,1.0,73.7894,32.7738,4.56525,168.169,69.7956,34.945,3.78698,169.879,117.478,29.0249,8.37841,168.754,111.212,33.1359,18.5924,169.414
18464_00082,4.0,350.0,1870.33,908.59,912.94,1551420000.0,17188.5,49.1099,104.122,0.450413,1768.39,15.8171,10.1185,1.0,36.0,0.16541,0.157235,0.0,0.834242,851.526,759.754,0.0,1752.45,1485.84,1255.39,9.28863,3468.76,0.768786,0.422833,0.0,1.0,82.923,37.8916,3.21676,169.429,86.0173,36.2806,18.9395,167.945,105.122,34.9389,16.9243,162.983,96.5753,34.8622,11.0179,157.786
17788_5767_x16636_y3662,8.0,866.0,4925.99,2149.89,3515.03,37225300000.0,127408.0,147.122,241.817,0.431662,2986.81,20.2979,13.8811,1.0,51.0,0.161212,0.136422,0.0,0.912014,760.831,949.886,0.0,3683.06,2975.15,2692.07,17.1285,9420.29,0.736597,0.440994,0.0,1.0,78.9726,45.7521,0.67726,179.894,79.9715,42.9739,3.46761,179.78,102.364,43.9072,0.481384,178.408,101.44,39.099,1.36184,168.404
17302_00037,8.0,400.0,1139.3,2940.82,1601.92,5367200000.0,35650.3,89.1256,108.905,0.884916,1059.11,27.505,17.5288,1.0,62.0,0.149778,0.106159,0.0,0.651902,1632.28,907.917,0.0,2475.9,4755.84,2850.35,3.64406,8230.43,0.755102,0.431128,0.0,1.0,75.5898,40.487,0.941441,178.331,80.0935,39.7091,10.4712,174.524,104.074,36.2201,0.890014,165.769,106.452,33.4012,14.4584,165.132
18465_00037,6.0,376.0,1217.83,2238.56,409.8,1117190000.0,16262.6,43.2516,79.5265,0.586693,1336.92,14.5904,9.66463,1.0,37.0,0.148459,0.130315,0.0,0.836342,991.654,760.153,0.0,2229.2,1559.7,1101.27,15.0875,3468.55,0.767568,0.423529,0.0,1.0,82.976,37.9369,8.30964,175.945,83.6484,40.1459,10.4163,173.174,108.95,32.2257,26.6839,166.168,100.182,35.3727,2.18389,170.934
182725_2241_x9113_y11193,9.0,1115.0,10599.5,5422.19,5566.8,319938000000.0,172707.0,154.894,245.93,0.206132,2392.51,18.3381,9.49551,1.0,41.0,0.136289,0.105195,0.0,0.849893,3270.35,3262.14,0.0,10518.5,4957.25,4602.5,13.6805,16225.9,0.725136,0.44685,0.0,1.0,71.3303,35.5939,0.120826,170.279,71.6541,35.4741,4.10878,174.13,110.94,32.569,1.63756,170.072,109.83,32.3678,14.8494,166.062
17302_00027,5.0,149.0,4076.34,1351.45,1600.73,8818370000.0,14558.9,97.7105,269.771,2.49006,2750.83,8.47651,6.40374,1.0,21.0,0.15964,0.122457,0.000190059,0.646823,1419.97,1821.69,0.0,4242.35,2110.02,2578.04,19.6281,7461.21,0.736111,0.443833,0.0,1.0,81.5424,32.6277,29.207,171.417,82.3892,31.5525,15.5189,164.634,108.522,31.2789,11.2907,154.084,105.126,33.2936,16.5268,150.9
18458_00102,5.0,327.0,2407.96,3877.78,2313.99,21607000000.0,44672.3,136.613,389.705,0.677326,6429.2,9.70948,4.66135,1.0,20.0,0.101063,0.0903639,0.0,0.531313,1959.32,1274.09,0.0,3200.6,7326.05,5020.51,9.55596,12446.8,0.745342,0.437028,0.0,1.0,74.3379,34.1051,9.25077,172.785,68.0228,33.7831,3.31843,175.015,117.401,29.2639,17.9708,165.326,114.213,31.7101,12.5569,174.769
18464_00153,7.0,249.0,3963.91,1573.79,1161.63,7246670000.0,18187.9,73.0437,124.522,1.97904,1472.42,13.6426,10.4868,1.0,36.0,0.15419,0.128623,6.69942e-05,0.74306,1307.7,1492.06,0.0,3804.41,2069.17,2066.19,18.6251,5755.49,0.785124,0.412444,0.0,1.0,79.7998,38.1367,4.98108,157.536,79.3076,40.8609,2.44544,170.407,109.153,31.8673,23.6418,173.231,104.917,33.0024,19.5068,158.702
18464_00143,7.0,337.0,2670.4,2338.01,1891.23,11807700000.0,33495.2,99.3924,199.294,0.650721,3135.41,9.79525,4.72042,1.0,19.0,0.109779,0.084817,0.0,0.416964,2229.92,1367.02,0.0,3320.74,4226.51,2579.79,9.19579,6608.38,0.70303,0.458314,0.0,1.0,73.6452,29.8729,11.6103,175.417,65.599,29.8629,8.53004,144.867,114.742,28.5038,6.52605,166.394,120.059,25.1175,40.3987,166.378
18868_4693_x13797_y16937,7.0,281.0,1607.95,1915.5,1910.59,5884670000.0,24988.6,88.9275,154.02,0.611056,1844.84,9.14947,4.1004,1.0,19.0,0.135028,0.103678,0.0,0.65243,1830.3,764.46,0.0,2573.41,2462.32,1017.64,11.0155,3939.75,0.781022,0.415071,0.0,1.0,80.1504,30.7431,12.8324,174.677,66.9218,33.8618,6.80641,174.195,108.916,31.5162,7.58707,160.963,113.171,28.6719,43.5637,167.302
18869_4468_x23035_y7089,11.0,609.0,4135.12,4019.33,4555.84,75719900000.0,93757.2,153.953,241.478,0.833815,2631.6,12.1921,6.18712,1.0,29.0,0.117887,0.0914904,0.0,0.849865,2301.0,1869.42,0.0,5928.01,4171.01,3372.4,19.5052,9057.9,0.70903,0.454971,0.0,1.0,78.0789,31.1041,4.28842,172.6,69.528,34.2436,4.87836,160.409,111.898,28.1554,10.4967,167.831,113.499,31.377,3.89242,175.029
18867_5194_x29530_y6807,7.0,687.0,1219.15,860.87,1089.9,1143880000.0,29471.6,42.899,44.0925,0.719411,309.69,11.6084,4.25802,1.0,26.0,0.097487,0.0746089,0.0,0.529549,224.479,146.155,0.0,941.781,409.874,189.195,11.3629,1190.95,0.705882,0.456317,0.0,1.0,83.1853,27.1192,1.19025,173.829,76.0304,29.7439,11.0067,161.854,113.289,22.4536,36.8302,161.572,113.198,26.0904,20.4956,170.122
18458_00549,10.0,462.0,2572.15,3150.1,2433.25,19715500000.0,52443.3,113.514,163.439,0.593818,1720.7,17.6234,11.5227,1.0,43.0,0.0894997,0.0692689,0.0,0.470132,2530.2,1351.5,0.0,3684.08,5240.87,2819.62,11.5719,7970.17,0.721239,0.449385,0.0,1.0,73.046,30.1372,0.0991986,177.734,64.2141,30.4343,6.03331,178.092,119.333,28.9421,0.379059,166.972,122.922,25.7326,36.7048,171.943
pre_18864_00065,11.0,595.0,2401.4,2661.39,5280.87,33750400000.0,66326.2,111.473,231.931,0.743258,3252.65,11.8672,7.13347,1.0,27.0,0.114244,0.101914,0.0,0.813667,497.282,497.817,0.0,2533.48,998.784,1073.94,12.3972,5804.66,0.708904,0.455047,0.0,1.0,74.1265,32.9857,3.0649,153.675,70.466,34.0163,4.63042,158.715,116.392,28.3432,9.22977,171.908,113.639,31.9483,14.1089,171.241
18463_00005,6.0,202.0,1461.7,1823.69,792.22,2111810000.0,22280.8,110.301,137.184,2.83988,800.22,9.43564,6.28259,1.0,27.0,0.15692,0.129752,2.09249e-05,0.74425,352.506,428.907,0.0,1481.57,753.124,708.43,9.00521,2889.1,0.744898,0.43816,0.0,1.0,80.0686,32.2025,12.6339,164.129,82.9478,37.4003,2.41131,171.672,108.252,32.2816,7.75401,164.194,93.8702,34.7808,17.3177,159.65
17545_00113,3.0,293.0,2148.57,2113.45,1126.47,5115180000.0,26202.6,89.4288,107.427,0.264349,962.671,11.0478,5.21435,1.0,24.0,0.178872,0.119748,0.0,0.752413,645.502,780.184,0.0,2316.83,1055.16,946.404,13.3411,3280.36,0.717241,0.451901,0.0,1.0,82.0873,34.6832,0.830296,178.23,85.5922,37.5066,5.93869,165.952,104.877,31.0294,15.5613,170.717,92.8938,33.1683,11.6199,152.688
18458_00264,6.0,364.0,3195.78,3729.7,2228.88,26566700000.0,47611.5,130.801,347.557,0.561318,5878.37,9.62637,5.15361,1.0,24.0,0.08944,0.0945576,0.0,0.545568,1751.83,1427.27,0.0,3263.62,5454.78,4512.68,12.1757,10292.3,0.731844,0.444242,0.0,1.0,73.0464,39.2558,5.80431,167.178,66.699,36.9587,3.4632,161.665,114.381,35.1343,1.46264,171.794,115.573,35.1524,5.6222,174.102
17787_00013,7.0,413.0,1385.78,1644.35,806.22,1837140000.0,17141.0,41.5037,72.244,0.948311,1190.93,12.0605,6.50308,1.0,29.0,0.136505,0.123185,0.0,0.866199,848.53,695.854,0.0,1723.84,1240.04,897.838,8.64898,2693.73,0.788177,0.40961,0.0,1.0,84.8205,34.8013,23.7191,178.112,84.2944,36.5449,0.953624,167.178,106.023,29.4627,19.9939,161.51,100.852,33.7164,18.0344,165.038
18868_4341_x30419_y10114,8.0,658.0,8377.6,5090.96,4216.35,179827000000.0,87410.1,132.842,225.119,0.928129,1870.98,14.1641,6.41705,1.0,27.0,0.120777,0.090047,0.0,0.872221,2261.88,1871.47,0.0,7650.4,3647.79,2900.66,15.3497,11861.0,0.729231,0.445042,0.0,1.0,79.2808,30.9798,2.16005,169.657,67.9763,31.1639,3.41159,172.026,110.481,28.375,1.14997,176.829,114.745,29.0131,3.01327,171.712
18463_00015,8.0,382.0,3279.78,3665.89,2129.65,25605400000.0,45153.2,118.202,296.95,1.57432,5381.28,9.80105,5.14791,1.0,21.0,0.0937949,0.0857227,1.47708e-05,0.573506,2212.44,1458.44,0.0,3479.55,5799.62,3844.72,13.2741,9024.28,0.716578,0.45187,0.0,1.0,75.5231,30.2202,0.387723,143.128,70.1733,29.1432,9.25088,143.79,117.669,26.6405,37.4146,171.058,120.235,24.8752,35.0339,169.027
18458_00280,8.0,408.0,870.68,2376.9,1800.1,3725340000.0,29842.3,73.143,111.587,0.671128,1408.39,18.2794,11.7004,1.0,42.0,0.139158,0.0982492,0.0,0.670069,1836.44,905.642,0.0,2523.4,3995.53,2051.69,10.7999,5981.79,0.735,0.442441,0.0,1.0,78.0422,38.8024,0.540357,175.893,76.0873,37.2141,8.83709,169.339,108.206,36.2661,6.68201,173.905,109.377,32.8984,21.1706,166.605
18457_00148,6.0,360.0,1457.55,2468.17,1137.96,4093790000.0,30912.3,85.8675,163.625,0.471222,2758.68,11.8111,6.06721,1.0,27.0,0.113589,0.0826678,0.0,0.497295,1834.66,1067.6,0.0,2698.96,3417.38,1964.79,18.5652,5413.97,0.728814,0.445833,0.0,1.0,76.7721,34.6487,1.66281,170.55,70.5798,37.1643,7.32282,170.049,110.55,35.2527,4.68301,172.469,113.161,33.7539,3.64154,174.316
18462_00054,8.0,470.0,3054.3,2711.15,1500.86,12428100000.0,43975.4,93.5646,220.429,0.755289,3633.33,9.62128,4.54463,1.0,22.0,0.0869403,0.0684237,0.0,0.390593,1791.63,1075.09,0.0,2850.03,5453.68,3405.35,7.47245,8362.28,0.709957,0.454767,0.0,1.0,69.5806,31.3354,0.807031,155.778,67.2625,29.3603,2.58463,151.232,120.095,26.7994,31.6466,167.414,121.484,26.4971,38.856,173.99
18457_00030,7.0,251.0,1476.85,1532.77,752.95,1704430000.0,13870.8,55.2623,135.11,0.891505,2040.91,8.80876,5.12828,1.0,20.0,0.1555,0.11648,0.0,0.641023,981.835,780.14,0.0,1929.46,1637.59,1239.61,4.60685,3077.59,0.778689,0.416842,0.0,1.0,79.0095,33.2408,15.7853,170.177,84.3492,38.1872,10.7624,177.241,110.175,32.5943,2.9246,160.544,101.146,32.5104,7.39554,161.912
18454_01018,12.0,658.0,3216.54,2219.59,2427.34,17329800000.0,49133.0,74.6702,141.025,0.762057,3178.12,14.6049,6.98697,1.0,27.0,0.0835683,0.0695968,0.0,0.864322,2799.84,1573.97,0.0,4004.82,4195.31,2324.83,11.3571,5971.86,0.705882,0.456352,0.0,1.0,72.6247,30.9693,1.20211,176.676,64.6747,26.0031,7.67052,145.667,118.06,28.215,9.48876,173.437,121.835,26.0561,19.2197,168.263
18465_00264,6.0,482.0,1602.98,977.46,629.74,986708000.0,19084.4,39.5941,62.3771,0.65969,961.474,17.249,11.8706,1.0,49.0,0.144768,0.123335,0.0,0.686165,729.038,537.596,0.0,1500.43,1443.22,1099.91,7.69667,3470.24,0.789916,0.408227,0.0,1.0,81.4302,33.4991,14.8734,172.638,82.1549,37.5479,5.97183,167.0,107.6,29.3929,28.2317,160.278,102.205,33.8378,1.84319,172.976
pre_18864_00081,8.0,958.0,4680.15,4400.19,7599.05,156491000000.0,143928.0,150.238,251.343,0.857247,3120.07,13.3466,6.69697,1.0,28.0,0.126811,0.0909682,0.0,0.781334,1608.26,1841.44,0.0,5249.48,2626.87,2824.21,11.6372,9032.48,0.732632,0.443053,0.0,1.0,76.887,31.213,2.13388,161.676,70.3713,33.0664,1.81415,168.554,112.803,30.4123,11.2613,170.45,111.78,31.0517,3.83477,165.704
18462_00044,11.0,507.0,3229.02,2165.9,2647.25,18514200000.0,44497.5,87.7663,164.175,1.195,3190.36,13.4063,6.25011,1.0,25.0,0.109693,0.0876622,2.80162e-06,0.622006,2961.66,1315.16,0.0,3905.67,4762.79,2094.23,13.4225,6388.34,0.717742,0.451008,0.0,1.0,77.0328,31.057,2.64109,161.57,69.6383,30.7908,5.73687,168.853,111.827,27.5977,12.5013,171.375,117.323,25.0153,35.5967,165.554
18869_5705_x4706_y6107,8.0,796.0,697.79,704.6,604.13,297028000.0,41352.3,51.9501,52.5446,0.848861,343.365,9.92714,3.48903,1.0,22.0,0.113843,0.0903625,0.0,0.60859,144.149,74.513,0.0,400.994,313.449,138.925,14.6403,985.042,0.700508,0.458618,0.0,1.0,79.1492,29.0606,5.28636,158.797,72.28,30.6469,6.20487,167.154,114.546,24.9156,28.7526,170.134,115.736,23.8891,35.3513,166.951
17302_00112,9.0,497.0,783.17,1921.81,2314.52,3483590000.0,36086.7,72.609,103.858,0.546107,1234.17,27.8451,17.5751,1.0,66.0,0.123547,0.0887946,0.0,0.791659,1823.91,905.916,0.0,2554.07,3908.23,2003.5,13.7439,5978.52,0.741803,0.438542,0.0,1.0,83.5603,36.0769,1.055,173.769,79.5599,39.8842,3.63095,177.133,105.452,35.2096,1.6911,165.12,104.819,38.0106,2.72698,171.46
18869_4036_x8032_y4635,11.0,689.0,6764.76,5581.52,2861.29,108036000000.0,105506.0,153.129,250.323,0.432151,2656.78,11.537,5.17784,1.0,26.0,0.113168,0.0827625,0.0,0.599682,2496.98,2006.02,0.0,6420.87,4844.93,3715.67,9.89607,10146.6,0.702065,0.458027,0.0,1.0,81.8407,31.8168,0.240161,175.892,70.931,36.852,2.09429,169.499,112.588,27.1294,34.0283,162.917,112.782,32.1116,16.4242,170.243
18868_3799_x26336_y7466,4.0,300.0,3702.22,4321.63,1582.6,25321000000.0,33794.2,112.647,308.9,0.751182,3493.11,10.0667,4.8436,1.0,20.0,0.148803,0.125509,0.0,0.774726,795.176,1212.77,0.0,3440.78,1550.99,2387.12,22.2521,7380.21,0.72973,0.445607,0.0,1.0,82.0078,36.4315,1.65775,172.308,74.9382,36.349,4.42369,167.151,108.19,30.7201,8.1605,156.109,107.326,30.8347,13.4191,164.697
17302_00102,4.0,290.0,1074.3,731.78,693.23,544984000.0,20143.1,69.4589,78.5553,0.931967,551.89,9.10345,3.1824,1.0,16.0,0.146446,0.102831,0.0,0.637417,223.802,166.236,0.0,671.483,488.324,259.305,14.6232,1133.79,0.72028,0.450439,0.0,1.0,75.6654,33.5861,1.63501,158.266,77.3069,37.1172,12.2551,171.633,112.895,30.8788,0.743548,175.059,103.958,34.8038,4.97723,159.8
18453_3766_x16118_y20931,4.0,216.0,910.69,941.0,610.0,522745000.0,16468.6,76.2436,79.3845,1.22641,384.728,11.1019,6.66813,1.0,24.0,0.158096,0.13236,1.92917e-05,0.693218,354.634,266.559,0.0,1116.12,904.263,675.967,15.161,2230.17,0.754717,0.432299,0.0,1.0,84.1041,30.9584,23.2187,152.725,84.0719,37.7716,14.5431,173.647,105.476,29.9012,2.30183,153.297,98.4053,35.7173,2.56956,156.046
18465_00112,7.0,407.0,3594.85,3443.15,2219.41,27471000000.0,46292.5,113.741,262.613,0.788083,4392.74,9.457,4.67806,1.0,20.0,0.0910932,0.0712978,0.0,0.466,2232.89,1686.21,0.0,3840.56,5298.71,4014.42,7.72751,9424.43,0.71,0.454901,0.0,1.0,75.4088,28.7775,7.73238,149.654,66.7835,30.5949,6.33738,149.472,115.828,26.8965,26.6327,162.482,118.874,25.7957,25.7542,168.145
18454_00159,10.0,718.0,3174.49,2813.9,3088.39,27587700000.0,68501.3,95.4057,116.149,0.474687,1424.65,15.8719,8.42327,1.0,35.0,0.0866052,0.0700629,0.0,0.511357,2311.08,1410.77,0.0,4008.42,3703.13,2414.23,13.465,7484.93,0.725989,0.446646,0.0,1.0,74.4842,29.5586,1.35433,169.09,63.8471,29.445,7.4359,166.993,116.908,26.0936,10.7643,165.84,122.389,26.9512,19.2025,172.711
18454_00021,4.0,246.0,3718.27,2015.06,967.03,7245510000.0,15045.5,61.1607,125.772,0.633551,1265.38,17.2358,12.4547,1.0,43.0,0.140378,0.128361,0.0,0.644169,2073.93,1659.34,0.0,3926.97,3497.75,2713.06,13.6001,7215.53,0.826446,0.3803,0.0,1.0,85.1942,34.3571,5.04825,167.29,83.9252,37.9994,9.95233,173.976,103.213,33.5072,2.17557,161.432,98.648,32.1145,13.8612,165.332
pre_18868_00465,7.0,1139.0,1150.55,1388.73,936.65,1496580000.0,60051.8,52.7233,58.2986,0.626641,464.992,17.3863,10.7879,1.0,47.0,0.122611,0.0794537,0.0,0.727788,238.849,144.233,0.0,932.92,658.872,463.148,12.6026,1974.41,0.731449,0.443598,0.0,1.0,79.5089,29.7523,0.487157,176.71,75.5417,28.8824,10.4213,172.801,112.684,25.6278,15.3988,170.635,111.142,27.3333,20.5897,166.792
pre_18465_00268,1.0,81.0,951.52,894.17,666.67,567217000.0,7014.97,86.6046,216.31,1.96998,1920.89,6.7037,2.37405,1.0,11.0,0.137362,0.118486,6.74122e-06,0.694015,131.939,80.4861,0.0,245.785,303.492,261.878,7.95791,2292.6,0.675,0.474342,0.0,1.0,76.9469,42.2536,7.02502,159.747,66.6362,40.9404,4.5074,159.31,109.008,37.8988,33.3628,162.74,116.222,40.8922,9.08348,166.791
18454_00149,7.0,309.0,1001.53,1839.2,2719.17,5008760000.0,26290.8,85.0833,135.628,0.376526,1481.8,20.7864,15.7505,1.0,57.0,0.0880292,0.0716561,0.0,0.374229,2056.76,1003.45,0.0,2733.79,4419.27,2192.54,12.2277,6837.79,0.748344,0.435409,0.0,1.0,77.3201,32.2564,7.64787,170.79,75.8665,34.8224,15.0415,169.279,111.322,29.1387,17.2101,160.596,110.728,30.7275,7.94259,164.829
182724_5410_x4393_y11075,8.0,564.0,4689.39,6614.15,2197.16,68147900000.0,64890.5,115.054,246.368,1.01214,3283.99,9.89716,4.32762,1.0,21.0,0.145105,0.121632,3.19921e-07,0.868905,1587.71,1913.68,0.0,6790.97,3139.77,3513.98,12.5378,10126.4,0.744604,0.43687,0.0,1.0,79.4244,33.3267,3.36989,164.229,75.35,34.1819,5.91033,165.34,113.71,28.1433,30.2564,166.128,107.256,31.5614,2.97644,168.136
17781_6866_x8954_y41812,5.0,383.0,2497.66,2074.91,3028.18,15693300000.0,95873.6,250.323,296.456,1.10305,2156.92,13.2245,7.85048,1.0,36.0,0.168163,0.114776,9.58929e-07,0.683259,1467.61,874.743,0.0,2619.13,2759.85,1677.14,17.8182,7953.58,0.714286,0.452954,0.0,1.0,77.9965,31.4085,5.40246,172.118,75.2392,37.3972,8.64408,172.998,109.415,30.5546,5.14579,158.37,105.909,34.2613,7.24723,163.773
18869_4410_x8772_y3996,11.0,449.0,5293.07,6060.02,2050.76,65780400000.0,45954.7,102.349,339.961,1.25854,4699.44,11.0579,5.45568,1.0,22.0,0.126941,0.113095,1.30151e-05,0.794675,2309.66,2701.73,0.0,6480.88,3894.82,4199.49,18.3698,9660.17,0.721461,0.449307,0.0,1.0,80.3698,31.1073,2.16348,159.352,70.6333,35.051,5.87736,178.546,112.642,28.6675,13.6023,173.12,112.394,32.8364,18.7252,172.537
18455_00145,11.0,443.0,2193.02,2617.99,1602.42,9199980000.0,36227.7,81.7781,211.349,0.21808,4197.59,23.5598,16.2218,1.0,55.0,0.091945,0.0866337,0.0,0.662156,2194.94,1297.93,0.0,3111.35,4551.06,2737.51,16.1855,8005.99,0.722222,0.448944,0.0,1.0,83.1507,38.386,0.850312,174.443,77.4983,41.6537,8.91831,174.243,106.782,36.9033,0.359371,163.227,107.238,38.4336,14.7118,169.579
18464_00076,7.0,407.0,1712.3,1610.15,2663.93,7344610000.0,36720.3,90.222,133.601,1.25851,1914.08,9.70762,4.55946,1.0,21.0,0.131913,0.0984619,7.13075e-06,0.600232,2055.98,1191.23,0.0,3102.55,3016.81,1715.48,3.22811,4617.39,0.715,0.452547,0.0,1.0,77.1161,38.3579,1.57882,168.527,70.0999,37.5239,1.69385,178.004,108.331,31.8989,15.7541,164.909,111.396,33.6991,6.54906,162.824
18864_5637_x5637_y31619,8.0,424.0,1491.73,1780.96,7529.53,20003800000.0,59699.7,140.801,383.04,1.33997,7214.43,11.6226,7.3139,1.0,28.0,0.142282,0.129883,1.44735e-05,0.721877,1134.82,2357.45,0.0,7195.06,1776.34,3199.89,9.77141,10000.2,0.692308,0.462652,0.0,1.0,79.5653,28.6481,4.66288,171.653,75.8085,33.6985,11.3382,165.146,113.314,26.0219,26.9939,160.626,106.04,32.0433,12.8115,159.771
18454_00098,6.0,564.0,4757.68,3371.65,1908.75,30618700000.0,71116.3,126.093,200.579,0.530273,2353.29,13.3014,7.03591,1.0,30.0,0.117279,0.0971908,0.0,0.707804,2794.55,1784.12,0.0,4798.58,5138.55,3300.73,24.6221,8941.61,0.691756,0.462598,0.0,1.0,72.4045,32.3413,0.396917,167.063,67.4358,33.2906,0.352125,167.51,117.949,29.2689,21.492,170.685,115.173,29.7006,8.49107,173.33
18458_00239,7.0,343.0,2736.52,3212.89,2019.3,17754000000.0,47322.5,137.966,319.245,0.250313,5257.13,7.77551,3.88192,1.0,17.0,0.10759,0.0848453,0.0,0.581013,1730.92,1317.55,0.0,3126.4,4599.19,3476.59,9.24907,9840.31,0.720238,0.450224,0.0,1.0,73.6339,29.6196,9.66881,151.91,69.1388,31.0699,12.6306,172.89,117.259,27.0563,14.0504,170.242,117.419,29.6702,6.69562,164.913
18463_00058,7.0,275.0,1491.1,2746.27,1810.49,7413890000.0,24494.0,89.0691,294.224,0.729088,4746.01,13.5455,8.35616,1.0,30.0,0.106654,0.097968,0.0,0.52025,1848.94,1059.24,0.0,2682.67,4544.45,2678.61,11.1381,7075.54,0.723881,0.448754,0.0,1.0,72.4207,32.5179,1.5101,161.224,67.3947,36.2614,4.23789,164.755,118.127,27.2259,22.4543,161.791,117.077,26.2605,40.2981,163.284
18452_4002_x10332_y17479,5.0,381.0,1790.07,518.5,768.33,713126000.0,19475.3,51.1163,65.1066,0.894282,745.017,17.9711,12.1602,1.0,43.0,0.14548,0.120128,0.0,0.776728,849.025,609.96,0.0,1622.66,1474.18,1016.53,15.6387,3112.85,0.728723,0.445806,0.0,1.0,85.5138,37.5114,0.809235,171.997,87.7288,38.8784,14.3865,174.041,104.56,32.4952,2.86554,162.68,97.3513,34.9573,5.20159,165.49
17781_5655_x10641_y11102,6.0,438.0,4890.47,2859.63,4901.03,68540500000.0,113592.0,259.343,364.189,1.68213,2620.74,13.1279,6.51364,1.0,31.0,0.163118,0.120949,1.21188e-06,0.737853,2031.33,1893.27,0.0,4927.07,3471.02,2846.7,20.972,11960.4,0.726852,0.446611,0.0,1.0,76.7719,34.0558,1.38585,172.158,75.3507,37.5906,10.8318,174.501,112.762,31.1598,0.626091,170.331,102.47,34.9807,1.77886,171.474
17545_00026,7.0,547.0,2025.99,1631.46,1102.93,3645540000.0,41923.2,76.642,84.8502,0.0200195,553.495,19.3803,7.31586,1.0,37.0,0.188498,0.128341,0.0,0.831271,487.39,492.341,0.0,2111.9,1191.46,705.457,0.214298,2911.42,0.751852,0.43274,0.0,1.0,77.7846,35.8829,6.19242,165.183,82.5466,37.41,3.17503,177.498,106.826,32.3634,3.61995,170.334,96.4889,33.6334,6.05174,162.446
18458_00351,6.0,226.0,411.53,274.55,310.78,35113600.0,8620.04,38.1418,37.5941,1.09716,200.084,5.84071,2.2728,1.0,12.0,0.145077,0.126401,2.24318e-05,0.659065,59.2884,31.435,0.0,195.895,158.273,89.4253,13.4881,686.305,0.690909,0.464234,0.0,1.0,79.3599,30.3101,6.31836,154.112,82.9958,36.4812,11.5771,174.465,115.188,26.0129,39.4337,167.215,109.096,30.5647,15.7216,155.681
pre_18454_00865,7.0,387.0,1668.72,1735.23,1519.35,4399450000.0,40106.0,103.633,138.921,0.852839,1184.12,9.88889,4.18801,1.0,20.0,0.191216,0.14642,0.0,0.720653,308.557,358.397,0.0,1612.25,658.946,529.368,6.97266,2779.56,0.705263,0.457129,0.0,1.0,84.3662,35.3998,6.35341,171.751,81.4637,37.1382,4.41364,163.765,105.02,31.7196,1.96143,171.378,97.4374,35.7775,15.1772,164.488
18457_00089,5.0,669.0,2067.67,2284.93,2030.11,9591220000.0,46072.4,68.8675,113.716,0.349098,1799.84,17.1525,7.48596,1.0,35.0,0.115676,0.0995824,0.0,0.610632,2125.44,1064.71,0.0,2927.47,4045.31,2019.85,4.61087,5997.97,0.689759,0.46329,0.0,1.0,78.1666,33.9057,2.85855,176.576,69.0713,32.3074,5.55018,168.25,111.611,31.3274,9.16765,172.71,116.815,29.5378,23.8041,173.121
18867_4302_x30805_y9233,6.0,514.0,6776.64,5358.89,3907.69,141909000000.0,73432.7,142.865,314.38,0.614112,2773.22,12.5798,5.7133,1.0,28.0,0.127941,0.0917003,0.0,0.550239,2451.08,1827.8,0.0,6469.93,4273.99,3153.73,15.8918,10244.4,0.728346,0.44569,0.0,1.0,77.2662,31.8431,1.84528,153.046,71.9403,34.3612,2.63358,168.475,113.826,26.6359,25.0426,173.94,111.352,30.9574,17.4732,175.892
pre_18464_00102,2.0,40.0,1011.25,720.17,956.22,696388000.0,5796.42,144.91,236.574,4.75605,1451.0,4.25,1.72091,1.0,8.0,0.157616,0.154136,3.25652e-05,0.809964,197.739,202.148,0.0,769.837,440.952,420.794,44.7883,2492.2,0.736842,0.452414,0.0,1.0,64.1834,32.9015,1.3424,125.599,46.9135,28.336,13.1244,120.79,119.887,25.6863,78.5663,162.629,123.7,39.2625,33.3645,160.523
pre_18864_00038,8.0,740.0,3893.25,2268.13,8470.2,74795200000.0,97459.1,131.702,197.594,0.512686,2931.39,13.2568,6.8742,1.0,30.0,0.135915,0.108539,0.0,0.822699,906.021,989.996,0.0,5436.99,1660.22,1613.31,11.5395,8551.15,0.734973,0.441952,0.0,1.0,73.6276,31.9292,1.29536,159.137,70.659,33.3447,1.49691,174.709,113.955,28.3718,5.97146,173.114,111.595,29.5829,19.7063,172.051
18457_00099,7.0,733.0,2890.04,2950.68,1802.43,15370400000.0,61136.7,83.4061,235.904,0.488469,6068.94,15.4884,7.2407,1.0,32.0,0.111875,0.0993076,0.0,0.686338,2431.09,1216.98,0.0,3318.66,6388.56,3155.14,14.161,8609.37,0.724518,0.447374,0.0,1.0,76.3938,33.2313,1.05579,179.392,68.504,32.0725,1.18579,170.001,110.987,32.1796,1.26624,170.681,115.572,28.5457,23.3968,168.657
18461_5025_x23630_y4542,9.0,355.0,3681.55,2036.47,8414.79,63088800000.0,55165.8,155.397,463.635,2.35646,7191.09,10.7183,6.92042,1.0,25.0,0.105023,0.0931319,2.13288e-05,0.692029,640.035,1344.36,0.0,8067.64,1036.81,1833.26,7.73766,10253.4,0.682081,0.46702,0.0,1.0,73.679,29.3879,4.58566,151.7,70.9879,31.8863,7.60414,152.938,117.617,25.6339,28.5114,166.154,116.229,29.6846,31.8829,169.5
pre_18469_00002,10.0,1228.0,10128.5,6965.83,4832.33,340936000000.0,133665.0,108.848,223.475,0.742063,3383.44,16.4055,8.13998,1.0,45.0,0.161299,0.109225,0.0,0.790195,2439.71,1734.36,0.0,9444.99,5035.72,3724.56,10.0281,15628.5,0.737274,0.440476,0.0,1.0,78.3009,34.3108,1.06063,178.051,75.4172,34.5233,3.16967,174.651,108.925,30.5712,7.46947,169.762,108.045,31.8885,4.9508,167.88
191812_5922_x4572_y8645,12.0,588.0,6703.35,4512.18,8970.56,271330000000.0,130039.0,221.155,458.668,0.738723,6463.69,16.898,9.28132,1.0,31.0,0.126714,0.105782,0.0,0.666129,1169.97,1461.13,0.0,7486.43,3505.16,2864.45,9.38892,14696.1,0.708333,0.455321,0.0,1.0,72.7722,30.9842,4.16511,170.447,69.8007,36.9374,1.36982,174.391,120.181,26.0941,20.8028,173.614,112.766,33.2179,10.6183,172.727
17545_00054,8.0,328.0,761.51,3200.73,1212.24,2954700000.0,26019.8,79.3285,153.124,1.37994,2349.53,11.7866,6.15375,1.0,24.0,0.137039,0.100239,6.02391e-06,0.58983,1657.65,1105.41,0.0,2981.83,3325.09,2170.38,10.291,5585.97,0.7,0.459696,0.0,1.0,71.7067,36.2777,0.942562,177.312,66.1748,33.0826,4.28241,174.073,119.154,30.8232,5.93199,169.856,119.592,27.2392,21.7817,170.413
18869_6454_x17703_y2478,6.0,418.0,539.44,683.465,423.41,156106000.0,28353.9,67.8324,69.0978,0.521653,322.319,15.1914,8.4684,1.0,33.0,0.120409,0.105296,0.0,0.65688,97.1816,82.1034,0.0,405.514,485.746,303.979,9.38671,1339.94,0.699029,0.459797,0.0,1.0,77.6638,31.2736,8.30314,175.821,77.2468,36.1797,8.35777,170.363,115.763,26.999,20.0332,165.004,113.167,30.1262,19.7051,165.02
17545_00044,5.0,347.0,1312.74,1435.92,1068.13,2013410000.0,35211.9,101.475,120.497,1.07571,726.523,9.66282,3.94234,1.0,18.0,0.216862,0.141354,7.32249e-06,0.930194,331.937,280.787,0.0,1042.63,760.721,503.047,7.61247,2430.51,0.730994,0.444745,0.0,1.0,74.1457,34.9219,1.61335,178.192,84.5791,37.7059,1.76612,177.215,109.468,31.6195,25.3729,159.756,100.132,32.5115,20.4603,160.661
17109_6601_x4384_y7436,4.0,274.0,2629.82,3513.8,8131.88,75143900000.0,98964.7,361.185,647.717,1.48404,8803.31,8.08029,3.40665,1.0,15.0,0.135627,0.117983,3.91513e-05,0.695961,1188.18,1807.98,0.0,7718.73,2170.61,2901.46,12.941,12708.6,0.659259,0.475724,0.0,1.0,71.4878,32.4316,0.577749,165.458,77.0911,38.127,10.9541,169.913,120.17,27.312,0.604079,177.855,106.254,35.3929,8.46163,165.417
18464_00004,6.0,350.0,3123.81,1820.64,2253.02,12813700000.0,18761.9,53.6054,86.6571,0.746556,850.737,14.8629,9.99619,1.0,34.0,0.123877,0.121079,0.0,0.701987,1317.41,1376.41,0.0,3875.21,2018.89,1974.24,12.1231,5679.2,0.77907,0.416085,0.0,1.0,82.9962,39.4851,3.81423,170.001,81.2726,38.5678,2.52568,164.167,104.71,38.0094,1.24327,173.168,105.973,39.2392,12.5677,170.108
pre_18864_00411,7.0,649.0,4392.33,4658.52,8168.76,167147000000.0,100565.0,154.954,228.896,0.267313,2366.68,15.2743,10.0584,1.0,42.0,0.130677,0.105395,0.0,0.674547,1566.24,2005.55,0.0,6859.9,2584.35,3020.47,18.4109,10593.2,0.760125,0.427674,0.0,1.0,75.6396,37.5712,3.47636,173.322,70.9344,35.698,3.44249,171.166,113.305,30.9637,10.0984,177.161,113.207,32.2029,7.29858,172.159
18455_00137,6.0,328.0,935.65,2904.3,1690.67,4594240000.0,23772.5,72.477,149.768,0.837849,1782.42,18.1646,11.8859,1.0,39.0,0.11401,0.0927499,0.0,0.663586,1963.36,1075.82,0.0,2742.22,4025.1,2204.69,13.7684,5855.82,0.714286,0.453163,0.0,1.0,84.7219,39.1272,4.03704,176.314,79.8746,38.4892,7.63355,169.897,108.485,35.7163,0.039945,164.426,110.413,32.1968,8.03132,162.732
18455_00127,5.0,723.0,4622.26,4177.68,3830.5,73968200000.0,88671.2,122.643,194.657,0.902335,1773.57,17.3154,10.0682,1.0,40.0,0.122036,0.107362,0.0,0.85899,2917.76,1884.17,0.0,4836.66,5719.03,3723.37,19.5289,11082.9,0.699164,0.459261,0.0,1.0,77.7318,34.0979,3.84235,176.085,72.3666,37.3122,4.08468,177.931,113.508,31.9749,8.24488,167.812,111.579,32.7446,19.6356,166.729
pre_18866_00186,2.0,52.0,1368.42,1212.8,1070.12,1775990000.0,6905.71,132.802,182.563,4.11149,1083.25,4.57692,1.81871,1.0,9.0,0.0922181,0.0793532,2.36147e-05,0.417532,185.461,247.265,0.0,1181.37,380.826,451.197,14.0721,2643.8,0.68,0.476095,0.0,1.0,57.6013,45.3791,1.78267,167.15,44.282,35.2968,11.4479,160.838,126.714,42.4366,12.1775,168.351,135.722,37.3158,25.2383,169.668
18868_2621_x11765_y8944,11.0,1187.0,11480.7,5507.26,5249.7,331925000000.0,157825.0,132.961,245.734,0.548441,3448.41,16.4541,7.76066,1.0,32.0,0.126255,0.0854868,0.0,0.691134,4609.81,3849.26,0.0,11690.3,7115.7,5895.41,15.4271,18785.2,0.714286,0.452139,0.0,1.0,76.1914,33.0369,0.302522,174.089,70.8128,33.841,8.72,171.75,110.167,31.0807,0.267198,166.337,113.0,30.657,10.7796,168.083
236174_3829_x13590_y9284,4.0,460.0,6756.73,5512.31,4187.8,155975000000.0,140309.0,305.018,540.165,1.44387,6115.92,12.413,6.36978,1.0,28.0,0.125363,0.127114,2.90034e-06,0.822988,3639.83,2203.33,0.0,6632.72,7546.96,4658.86,8.44118,15122.2,0.714912,0.45245,0.0,1.0,62.5638,32.2123,0.760342,170.38,67.2727,34.5876,0.959124,163.367,125.057,29.2138,14.3717,171.717,113.4,32.3626,17.2406,177.173
17109_2401_x9695_y9693,5.0,313.0,6674.48,4887.49,9029.77,294564000000.0,97281.4,310.803,712.008,1.95724,7702.33,8.08626,3.46256,1.0,16.0,0.122043,0.119776,1.58952e-05,0.901719,3551.38,2731.37,0.0,8938.99,6745.49,5092.97,17.331,16431.1,0.694805,0.461992,0.0,1.0,58.6784,31.9625,3.52132,167.373,61.1377,36.5929,1.47673,168.983,124.762,31.8868,19.774,170.7,117.899,32.7421,4.03725,169.439
18454_00053,5.0,531.0,4704.2,3193.7,3937.38,59154400000.0,67703.9,127.503,212.108,0.25486,1944.82,11.968,5.58611,1.0,24.0,0.106231,0.0877597,0.0,0.744292,2461.48,1817.83,0.0,4766.22,4589.24,3496.9,13.6581,10153.9,0.703422,0.45762,0.0,1.0,76.1449,30.0616,1.23884,156.731,67.1008,31.4389,3.32502,170.443,117.334,25.8198,34.7442,164.11,117.398,28.4849,12.6038,162.034
pre_17543_01053,9.0,339.0,4849.69,2115.93,6664.21,68385400000.0,51232.2,151.128,374.658,1.74916,4057.88,8.00295,4.28048,1.0,18.0,0.124023,0.107022,2.9562e-07,0.829591,618.065,1145.13,0.0,4583.68,1039.19,1771.34,5.7907,7663.13,0.715152,0.452716,0.0,1.0,67.8499,35.418,0.381993,163.342,65.5676,33.9097,3.25354,162.47,116.336,32.6291,18.4882,165.952,116.181,33.4419,26.8754,167.782
18465_00018,7.0,285.0,393.59,1166.46,1164.61,534680000.0,13478.6,47.2933,50.9043,1.06194,295.193,13.4982,8.3883,1.0,30.0,0.129774,0.112547,6.43487e-05,0.686924,563.991,473.103,0.0,1381.58,912.351,714.866,10.0737,2234.57,0.769784,0.422493,0.0,1.0,82.5526,35.3288,1.03113,168.801,81.0081,36.6437,14.0957,164.209,107.211,34.1062,18.1575,163.027,101.745,37.0444,6.94925,165.745
18868_5456_x7773_y6771,6.0,474.0,3653.57,5514.63,2622.85,52845400000.0,52529.7,110.822,247.774,0.485715,2944.11,10.8228,4.65946,1.0,20.0,0.1325,0.103871,0.0,0.648568,1394.4,1444.08,0.0,5774.06,2752.22,2912.45,14.6432,8770.91,0.705128,0.456963,0.0,1.0,78.9659,30.927,0.512879,161.607,73.7926,34.8353,1.2616,175.997,112.924,26.3821,15.4158,168.631,109.052,31.175,20.0435,166.037
18453_3326_x29413_y10076,5.0,287.0,987.77,1220.08,1702.12,2051320000.0,29121.5,101.469,120.826,1.7935,759.151,7.34843,2.66495,1.0,12.0,0.137117,0.107229,2.68091e-05,0.543563,174.006,188.944,0.0,821.686,434.04,357.096,10.5381,1630.21,0.702128,0.458953,0.0,1.0,73.1122,34.1482,1.05541,171.395,74.3455,36.2037,7.68367,167.456,114.75,30.1338,12.306,164.661,108.074,32.5593,9.28016,160.048
18465_00008,6.0,328.0,1275.23,1718.33,1256.42,2753150000.0,20148.4,61.4279,106.804,0.990162,1627.73,12.7683,8.8843,1.0,37.0,0.121552,0.124006,0.0,0.7117,760.935,636.777,0.0,2137.12,1647.28,1274.79,11.3738,3760.57,0.776398,0.417959,0.0,1.0,81.5614,38.124,1.95813,165.729,81.9382,43.6956,3.5278,169.74,109.918,31.2353,29.9853,174.955,101.035,38.1078,3.42972,166.823
17302_00018,5.0,495.0,1591.05,1444.02,1820.11,4181720000.0,45970.3,92.8693,102.967,0.901781,553.277,10.7455,6.13478,1.0,31.0,0.17602,0.119507,0.0,0.746031,454.128,413.697,0.0,1558.43,961.352,806.908,12.9927,3108.73,0.714286,0.452679,0.0,1.0,79.828,33.8073,1.53776,165.878,83.0643,37.4226,8.75606,174.011,106.971,31.0818,15.8861,175.767,98.4436,34.5938,8.39529,160.127
18465_00206,3.0,175.0,4590.07,1136.64,1164.04,6073100000.0,12997.0,74.2688,177.172,2.62141,1758.7,16.04,12.0818,1.0,43.0,0.149167,0.134259,7.41229e-05,0.752724,1247.47,1326.54,0.0,4573.09,2501.87,2150.46,11.0449,7538.15,0.837209,0.37134,0.0,1.0,88.0851,33.7721,10.5561,166.015,88.2045,39.96,7.33326,173.484,100.731,34.5898,3.81853,164.245,93.6169,36.3894,6.3648,168.756
18457_00052,13.0,321.0,1817.11,1409.66,2540.45,6507380000.0,29845.2,92.9756,175.828,0.997102,2711.79,8.63863,5.16057,1.0,21.0,0.112416,0.0945292,0.0,0.534534,1809.59,1188.33,0.0,3024.31,3064.13,1992.7,16.159,5408.31,0.720779,0.45008,0.0,1.0,73.9012,29.8185,8.53025,155.546,66.422,33.5163,9.44655,175.61,119.781,25.587,39.9488,163.897,118.673,29.0255,0.144505,172.841
18462_00026,7.0,433.0,2986.08,1885.22,2939.21,16546000000.0,47093.0,108.76,155.351,0.886215,1882.64,12.4088,6.08136,1.0,24.0,0.108208,0.0781638,0.0,0.405632,2295.51,1200.49,0.0,3544.79,4326.08,2247.09,10.1907,6544.47,0.704225,0.457465,0.0,1.0,73.6753,31.3324,5.49651,156.007,67.4663,29.2178,5.22402,159.491,115.918,27.6635,0.967148,175.548,117.074,25.6722,36.9569,168.728
18454_01112,9.0,251.0,766.39,3036.58,1401.27,3261040000.0,21887.2,87.2001,232.741,0.837247,3565.25,8.43426,3.59203,1.0,14.0,0.113451,0.0936826,0.0,0.649812,1903.32,1026.25,0.0,2662.47,4036.33,2135.79,11.7007,5625.91,0.694215,0.462655,0.0,1.0,76.199,29.2446,1.72395,176.869,63.7907,31.0072,11.0325,161.187,114.935,25.9296,28.4645,153.868,121.322,25.3523,27.6576,162.723
18455_5474_x14981_y13279,10.0,434.0,2752.48,1723.06,2756.23,13071900000.0,46898.3,108.061,169.494,0.924234,2173.5,11.2212,5.75536,1.0,23.0,0.109127,0.0832297,0.0,0.794625,2550.04,1406.6,0.0,3691.74,3829.92,2102.96,10.3264,6058.73,0.698113,0.460163,0.0,1.0,79.5565,33.2129,16.8048,176.692,67.4484,35.2483,5.14305,172.684,115.011,28.0578,15.164,161.546,118.802,29.5009,5.27055,169.97
18454_00177,10.0,830.0,4830.87,1998.86,2407.73,23249600000.0,86086.4,103.719,138.248,0.631605,1463.66,25.641,18.1894,1.0,60.0,0.0998438,0.0791983,0.0,0.598181,3041.58,1804.32,0.0,4770.82,6003.79,3800.6,15.4793,12765.7,0.719512,0.449786,0.0,1.0,77.0061,31.8954,1.1529,178.669,70.2054,33.7818,5.60605,178.702,115.096,26.6086,7.73764,173.204,116.223,30.288,11.8312,171.714
18454_00167,11.0,449.0,2200.9,3532.2,2357.63,18328300000.0,43525.6,96.9389,156.001,1.32776,2212.02,12.1982,5.96855,1.0,24.0,0.0988456,0.0859263,2.08238e-05,0.47235,2484.19,1316.46,0.0,3713.91,4920.41,2649.99,11.7826,7866.08,0.69863,0.459904,0.0,1.0,71.3383,31.7275,0.41481,166.483,64.2304,34.6799,2.45387,175.484,117.874,30.3715,4.72969,175.394,120.194,32.2949,6.333,174.234
18867_4392_x7633_y13301,9.0,587.0,4414.21,2942.97,3955.25,51382200000.0,56207.9,95.7545,222.792,0.143233,3228.87,14.8399,9.22796,1.0,34.0,0.11699,0.0867192,0.0,0.609571,945.51,1006.23,0.0,5721.85,2198.87,2560.45,6.31582,10753.5,0.712803,0.453239,0.0,1.0,77.2619,33.6811,1.75869,173.566,71.4081,33.575,6.34195,171.696,112.175,29.2721,12.9455,165.339,113.558,29.9225,7.40763,170.18
17302_00044,8.0,204.0,2635.58,2001.0,681.92,3596310000.0,30716.7,150.572,184.039,1.01991,1512.81,7.04902,3.10847,1.0,15.0,0.201986,0.121362,0.00189271,0.51229,335.548,496.57,0.0,2530.12,764.911,693.257,27.5923,3621.73,0.704082,0.458801,0.0,1.0,79.4309,29.3572,2.1225,164.439,82.9412,38.4184,6.32917,174.605,108.277,25.0491,32.935,158.206,91.6445,34.9824,10.3717,169.557
18465_00054,5.0,47.0,891.66,440.82,1179.89,463769000.0,6173.26,131.346,213.032,1.73081,1389.66,3.46809,1.54429,1.0,7.0,0.0962374,0.0633341,8.49303e-05,0.26212,140.664,118.089,0.0,414.164,339.089,340.912,25.0271,2171.08,0.714286,0.46291,0.0,1.0,61.3312,43.2583,10.0503,162.505,60.6537,39.2482,13.2419,161.907,128.748,31.7932,63.4845,173.869,126.865,32.0334,66.71,166.649
17302_00054,8.0,1062.0,3464.34,1809.48,3341.32,20945600000.0,88465.5,83.3009,104.552,0.538589,1114.59,27.7175,15.788,1.0,64.0,0.13112,0.0977668,0.0,0.779084,2477.52,1253.43,0.0,3917.3,5069.12,2710.83,12.4367,8518.57,0.73814,0.440064,0.0,1.0,77.6121,35.0387,2.26099,174.611,72.3689,34.147,5.48451,177.857,107.935,33.5997,0.932758,177.013,111.948,32.1439,13.0329,166.544
18465_00044,6.0,378.0,884.25,1274.88,834.28,940495000.0,16445.5,43.5067,56.8299,0.582995,644.595,19.4233,10.6485,1.0,39.0,0.142073,0.11785,0.0,0.696194,480.978,418.923,0.0,1234.75,939.743,682.849,16.4058,2414.88,0.752688,0.432614,0.0,1.0,86.6904,34.6274,15.9905,166.738,84.7442,40.4157,10.4843,172.572,103.685,33.5052,2.0404,165.554,100.475,35.9417,17.3138,165.829
18458_00583,6.0,432.0,2079.87,3378.23,2002.68,14071400000.0,33421.1,77.3637,138.749,0.331375,1891.9,10.8056,4.93852,1.0,22.0,0.117407,0.0919853,0.0,0.734622,2343.08,1410.36,0.0,3436.98,4105.27,2451.63,13.9784,6278.39,0.699531,0.459542,0.0,1.0,73.0564,35.2301,1.61883,157.247,64.2987,33.1052,1.68923,161.745,117.059,33.147,1.09983,173.577,119.943,29.5058,21.1029,171.912
18455_5730_x15780_y13638,7.0,623.0,3508.15,1331.9,3011.93,14073300000.0,52148.7,83.7058,149.971,0.430264,2908.63,15.1637,8.19569,1.0,36.0,0.107771,0.0793259,0.0,0.659069,2956.58,1632.43,0.0,4155.19,4702.42,2548.75,16.5575,7325.09,0.711039,0.454017,0.0,1.0,76.2716,31.3731,1.18274,163.684,63.9647,30.099,7.21291,177.368,113.587,31.1902,2.12759,172.858,120.97,27.3948,27.1215,165.438
18864_2047_x3016_y12128,10.0,346.0,4083.45,5609.74,2978.66,68232400000.0,81395.3,235.247,386.129,1.35567,3951.3,7.58382,4.04614,1.0,19.0,0.127128,0.103615,4.28234e-06,0.66816,582.3,1172.51,0.0,5415.46,1145.66,2077.59,14.042,10764.4,0.720238,0.450224,0.0,1.0,67.8581,25.8386,0.768709,131.022,61.161,30.9286,2.49471,165.401,122.053,24.7304,48.3728,168.825,119.805,28.4547,10.1916,168.407
pre_18864_00016,8.0,600.0,2245.3,3384.03,4226.4,32112900000.0,62721.3,104.536,160.795,0.64201,1798.51,12.3233,6.6688,1.0,26.0,0.120497,0.0881668,0.0,0.627536,1076.02,1318.29,0.0,3874.55,1830.24,2009.26,12.4766,5702.41,0.722973,0.448288,0.0,1.0,71.0552,28.249,6.5014,152.734,71.3114,31.2092,7.22036,158.349,118.062,26.0183,18.5564,169.384,114.983,27.3404,27.0888,169.695
191812_3758_x8791_y24162,11.0,623.0,4772.1,4587.04,9991.5,218712000000.0,164835.0,264.583,470.908,1.12026,6927.23,11.427,5.66515,1.0,23.0,0.131599,0.0932603,5.07946e-06,0.933448,2501.59,2717.49,0.0,8804.74,4178.01,4296.48,12.7813,14206.8,0.70915,0.454898,0.0,1.0,74.4906,31.1292,5.42187,173.114,68.0521,34.2538,2.92852,173.551,117.597,27.0725,2.03486,171.179,111.65,31.4399,12.8025,166.499
17545_00008,6.0,210.0,3842.33,1066.46,1739.38,7127440000.0,19541.3,93.0536,289.724,0.25084,2975.86,12.2286,6.7622,1.0,26.0,0.195351,0.130732,0.0,0.610896,1965.36,1757.65,0.0,3932.71,2609.4,2237.94,0.25084,5572.74,0.754902,0.43227,0.0,1.0,77.5997,38.6119,3.4927,174.317,74.0288,38.0804,5.72903,168.215,108.44,31.6209,12.3005,155.073,104.852,32.0515,24.2557,154.717
17545_00170,7.0,635.0,2510.79,2876.63,1925.67,13908300000.0,69280.5,109.103,254.137,0.251797,5693.7,19.5102,12.123,1.0,44.0,0.127253,0.0890869,0.0,0.648718,1829.08,1095.95,0.0,2852.89,6208.06,3808.95,9.69705,9842.45,0.703822,0.457299,0.0,1.0,70.6437,35.3265,0.262621,169.665,69.37,34.0153,4.57761,165.449,113.217,30.393,12.1024,173.401,114.217,30.4278,26.0767,170.139
18463_00066,8.0,452.0,2097.55,1774.09,2363.14,8793820000.0,34973.8,77.3757,135.644,0.906236,2299.88,10.5354,5.12297,1.0,22.0,0.101678,0.101619,0.0,0.854945,2078.87,1136.57,0.0,3034.16,3599.84,1944.15,14.7751,5192.4,0.747748,0.435287,0.0,1.0,65.887,29.0115,2.12997,149.288,60.5287,28.3345,3.30432,150.021,122.743,25.0846,14.8844,173.011,123.403,24.3731,27.2451,169.41
18464_00048,6.0,348.0,837.43,2567.71,1852.6,3983600000.0,31509.1,90.5435,174.467,0.662121,2895.02,10.7471,5.83188,1.0,28.0,0.115062,0.0929574,0.0,0.493949,1697.83,1140.83,0.0,2740.02,2923.46,1950.49,3.52105,4787.54,0.707602,0.4562,0.0,1.0,75.5615,30.8346,1.23241,166.728,69.9294,30.1409,11.3674,158.325,118.088,25.1482,32.31,173.837,115.777,27.062,16.0724,167.166
18869_3590_x6132_y6798,6.0,446.0,5216.25,3532.6,3850.75,70957500000.0,60177.2,134.927,247.58,1.04069,2417.01,11.7803,5.9693,1.0,25.0,0.122604,0.105279,6.61947e-06,0.818016,1439.82,1602.97,0.0,6137.05,2540.95,2819.2,10.6618,8916.1,0.709091,0.455217,0.0,1.0,80.1734,29.869,0.612032,167.906,69.0089,35.3294,4.78259,170.377,113.337,27.252,15.5229,159.216,114.439,30.9396,5.92607,166.845
18864_4067_x3464_y21495,4.0,330.0,3269.62,3683.78,3631.98,43745600000.0,72424.9,219.469,371.244,2.57341,3600.99,12.5273,6.2662,1.0,28.0,0.158867,0.139922,1.26261e-05,0.76169,707.511,841.172,0.0,2788.55,1584.11,1668.84,9.6055,5795.94,0.736196,0.442052,0.0,1.0,73.0728,28.8906,1.2486,154.389,78.569,35.9679,8.41148,165.146,118.497,26.0628,27.7679,172.221,101.545,30.3236,24.5938,163.361
pre_18458_00373,2.0,48.0,891.27,545.07,1232.9,598948000.0,5819.02,121.23,146.889,2.24338,712.25,6.04167,2.58439,1.0,10.0,0.15016,0.108621,3.53259e-05,0.467041,252.94,296.976,0.0,873.592,605.934,629.79,24.3205,2551.26,0.826087,0.387553,0.0,1.0,86.4229,36.3429,18.6771,158.997,73.8131,42.5965,6.6511,162.989,90.9862,39.6196,10.2688,151.186,109.284,43.4977,18.7738,165.91
18455_00013,5.0,267.0,2273.57,1980.93,848.25,3820340000.0,27280.8,102.175,122.989,0.958028,834.335,9.6367,5.0284,1.0,25.0,0.158253,0.123901,0.0,0.740682,431.9,565.331,0.0,2099.88,813.105,788.03,13.2887,3248.99,0.732824,0.444183,0.0,1.0,77.491,33.6143,6.75663,170.108,85.7834,36.582,10.1484,174.848,108.607,34.3422,19.914,174.571,97.7397,34.4819,26.5938,163.938
18864_4760_x3070_y21249,8.0,614.0,3614.45,2144.91,4286.2,33229500000.0,107195.0,174.585,243.96,1.82081,3813.11,13.4788,7.85152,1.0,30.0,0.123788,0.100625,2.82555e-07,0.666412,939.904,909.472,0.0,2905.64,2509.99,2600.34,10.7236,7222.71,0.716172,0.4516,0.0,1.0,67.7269,26.8143,2.16507,139.198,66.3214,32.1122,9.35357,165.883,124.016,22.8592,54.3042,165.743,118.049,28.7411,15.81,168.667
18455_00119,6.0,450.0,1575.57,1957.28,989.53,3051540000.0,29959.3,66.5763,76.2486,1.26722,463.195,16.0756,8.47365,1.0,35.0,0.132147,0.106912,1.17792e-05,0.696823,497.684,425.623,0.0,1484.82,991.449,726.694,5.53251,2522.95,0.792793,0.406221,0.0,1.0,78.3061,34.2038,4.53407,173.889,81.8969,35.9011,9.78694,178.458,108.781,32.5498,0.701519,169.597,102.855,31.8027,11.2782,162.071
18868_3507_x7704_y10476,9.0,641.0,5728.61,3775.85,3661.1,79191000000.0,56637.9,88.3587,179.341,0.804842,2798.02,13.571,7.25959,1.0,33.0,0.13428,0.105568,0.0,0.908492,2059.87,2143.92,0.0,6834.74,3048.45,3006.17,14.869,9169.5,0.712025,0.453537,0.0,1.0,84.2917,31.3766,6.3272,174.803,79.4848,36.6959,4.07536,172.93,106.889,28.7254,9.6269,168.85,103.939,32.0001,12.9824,165.099
18453_3021_x27493_y8943,6.0,696.0,4020.28,4106.83,6887.95,113724000000.0,120541.0,173.192,274.934,0.811983,4680.27,12.8132,5.70721,1.0,25.0,0.12545,0.090359,0.0,0.763759,1402.12,1616.06,0.0,5880.02,2288.31,2366.95,10.7314,8836.83,0.698551,0.459554,0.0,1.0,73.6677,30.9873,2.34396,176.713,71.369,31.159,8.0985,178.348,114.629,29.2579,3.59026,171.413,112.18,30.8757,13.3594,168.078
18463_00014,4.0,328.0,854.89,2601.25,1659.82,3691080000.0,23527.0,71.7287,185.681,0.6007,3031.88,9.95732,4.90191,1.0,22.0,0.108293,0.0897754,0.0,0.675685,1686.52,1018.2,0.0,2530.64,3482.31,2162.25,9.56939,5599.66,0.691358,0.463365,0.0,1.0,83.0555,32.6347,3.4392,163.121,75.1203,34.7051,11.8361,168.656,109.796,29.7581,20.5103,160.339,111.109,28.6087,7.4164,171.519
182724_2997_x5821_y12613,7.0,303.0,4347.78,3706.2,2757.35,44431200000.0,56772.0,187.366,336.989,1.13941,4719.02,8.20132,3.9352,1.0,20.0,0.125283,0.0981803,1.9522e-05,0.624077,806.914,1082.45,0.0,3958.32,1367.41,1528.07,11.595,5818.79,0.75,0.434483,0.0,1.0,69.0107,37.3447,0.95747,169.261,72.4998,37.4139,4.30721,169.321,114.899,32.2433,2.41309,169.329,111.6,33.8213,2.70823,173.2
18463_00004,3.0,263.0,2968.44,2874.84,1139.58,9724930000.0,18011.7,68.4854,173.361,0.495949,2220.25,16.6958,8.84033,1.0,33.0,0.130107,0.130145,0.0,0.726964,2128.08,1372.44,0.0,3764.59,3511.83,2252.6,8.12294,6636.46,0.784615,0.412679,0.0,1.0,78.8496,36.3313,19.6469,169.69,74.4421,43.0309,2.15017,172.412,107.62,34.3235,7.96323,165.874,102.338,39.1564,16.7232,173.141
18465_00291,9.0,663.0,3069.75,1240.98,3352.66,12772000000.0,61652.6,92.9904,117.316,0.458047,1615.91,13.4857,6.64026,1.0,31.0,0.0956251,0.0732431,0.0,0.538318,2700.02,1473.49,0.0,3984.5,4190.95,2307.11,8.93534,6944.36,0.70948,0.454698,0.0,1.0,71.8047,32.7853,4.33327,161.146,63.4943,30.6115,5.25764,173.947,119.012,28.8334,23.3312,167.029,119.231,28.0809,15.8794,170.2
18465_00281,7.0,381.0,710.98,808.33,1435.38,824922000.0,15038.8,39.472,72.0568,0.333814,1223.69,10.3701,5.41898,1.0,24.0,0.119674,0.106199,0.0,0.705993,690.766,543.829,0.0,1491.86,1051.04,769.215,5.04869,2244.09,0.721925,0.449253,0.0,1.0,80.5202,35.893,2.56092,161.488,79.0794,38.5683,7.486,165.327,114.355,31.4673,6.08437,176.229,110.366,32.8928,5.93998,166.678
18458_00548,9.0,383.0,2436.3,1859.96,2500.45,11330600000.0,32438.4,84.6955,152.711,0.741482,2227.75,11.0522,7.42589,1.0,27.0,0.110038,0.0855035,0.0,0.599856,1795.04,1455.61,0.0,3392.18,2799.01,2226.16,14.7031,5241.84,0.71123,0.454407,0.0,1.0,72.1169,32.5105,2.53041,166.82,64.4718,29.8854,3.73814,149.849,117.732,27.8669,27.8303,160.432,118.687,26.9568,24.933,170.797
pre_18864_00074,6.0,848.0,3905.71,2301.15,8189.94,73608100000.0,115577.0,136.294,239.372,0.310488,3920.0,12.7854,5.93142,1.0,26.0,0.1292,0.0896988,0.0,0.632966,1281.56,1443.54,0.0,5869.94,2198.82,2342.75,16.6461,9372.46,0.714964,0.451969,0.0,1.0,71.957,30.6051,2.5944,167.51,68.7676,32.3402,3.75852,177.457,117.485,27.473,8.82256,171.321,115.432,29.7587,28.3711,172.549
18458_00430,7.0,561.0,1756.03,1856.32,2528.64,8242740000.0,39245.1,69.9557,122.769,0.367463,2194.37,10.5758,5.27647,1.0,23.0,0.0983856,0.0778357,0.0,0.647235,1684.9,1242.97,0.0,3102.23,2546.22,1876.34,9.48821,4684.99,0.696751,0.460494,0.0,1.0,76.752,32.2984,1.99325,163.172,64.3819,32.2957,7.85373,163.062,113.009,29.683,10.8576,172.335,118.331,30.7851,11.4372,167.977
18868_6019_x9541_y5296,9.0,569.0,4816.6,4694.2,3168.98,71651000000.0,63553.2,111.693,239.51,0.638053,2312.31,11.949,6.6292,1.0,34.0,0.11391,0.0944607,0.0,0.602625,1381.27,1296.44,0.0,3899.33,4172.22,4543.57,14.8038,11766.8,0.742857,0.437841,0.0,1.0,79.6689,31.667,0.785102,174.451,71.1663,34.5654,2.99288,171.633,111.203,28.482,26.4246,176.981,112.564,31.1235,13.4502,170.713
18453_4693_x33039_y11636,9.0,455.0,2576.49,2576.29,9560.08,63457700000.0,76650.7,168.463,361.424,0.735306,4501.35,10.6967,5.77213,1.0,23.0,0.12484,0.0849622,0.0,0.698743,1820.35,3104.74,0.0,8984.63,2582.95,3859.96,16.4723,11555.6,0.730942,0.444468,0.0,1.0,75.5338,28.7482,4.2383,167.363,69.4452,33.0586,10.611,169.092,117.005,25.6046,39.5057,172.038,115.765,28.8585,1.96397,167.763
18453_7188_x11060_y3637,7.0,381.0,1653.5,1403.22,1223.49,2838780000.0,55690.5,146.169,158.948,1.65246,874.838,8.29659,4.16233,1.0,22.0,0.133442,0.101066,1.4117e-05,0.620536,301.582,229.555,0.0,902.633,825.266,764.095,15.9899,3172.6,0.705882,0.456868,0.0,1.0,73.3325,27.3275,1.65075,151.91,71.9633,32.2521,9.0878,167.572,118.445,23.7509,56.68,162.167,111.575,27.6134,6.58269,162.301
18465_00228,6.0,434.0,1490.44,3702.3,1416.67,7817270000.0,31534.4,72.6599,177.625,0.600061,3480.13,15.3318,9.68371,1.0,39.0,0.130883,0.101446,0.0,0.636761,2148.68,1432.79,0.0,3349.18,3828.16,2556.63,4.84024,6701.44,0.738318,0.440581,0.0,1.0,75.0123,35.3468,5.45373,159.05,69.8361,37.6885,2.59815,167.235,110.059,35.4158,1.67145,170.045,111.561,34.3277,23.3041,167.456
18454_01054,8.0,406.0,1417.24,2253.16,2321.59,7413460000.0,31455.5,77.4765,155.384,1.27449,2724.46,11.4089,6.45328,1.0,26.0,0.102076,0.0797978,1.48755e-05,0.549412,1990.09,1099.79,0.0,2908.89,3580.64,1969.81,8.14987,5659.15,0.703518,0.457858,0.0,1.0,80.0656,31.3101,6.79542,163.967,75.3311,35.751,8.56197,171.143,111.572,31.1111,0.396531,168.389,111.391,31.4074,20.7581,168.855
18462_00018,7.0,449.0,2206.54,2202.28,2090.53,10158800000.0,36777.0,81.9086,120.777,0.983448,1687.85,12.9154,6.98768,1.0,28.0,0.0828594,0.0734163,0.0,0.497303,2112.9,1104.28,0.0,3082.98,3373.83,1751.96,13.22,5013.94,0.710407,0.454603,0.0,1.0,74.6779,33.0978,5.54573,176.407,66.3519,32.7646,9.18062,171.27,118.75,28.4183,31.0999,166.441,119.832,29.4663,19.1757,165.725
18465_00238,4.0,638.0,2721.92,4347.5,4016.65,47531200000.0,75471.2,118.293,183.417,0.667156,2334.21,16.0031,7.66918,1.0,35.0,0.111579,0.0963843,0.0,0.669194,2669.43,1657.77,0.0,4724.26,4857.39,3035.89,13.1113,9106.19,0.744479,0.436843,0.0,1.0,75.194,33.4819,0.873684,172.489,67.7136,29.7721,7.85135,168.886,114.559,30.5697,2.06622,169.9,115.04,28.351,20.381,166.082
18454_01044,8.0,300.0,939.78,2950.87,1393.53,3864500000.0,23920.3,79.7342,180.082,0.747799,2780.49,11.92,5.85502,1.0,24.0,0.111817,0.0895923,0.0,0.602525,2052.13,1134.8,0.0,2883.34,3731.15,2039.53,11.1871,5365.86,0.705479,0.457396,0.0,1.0,73.6595,32.9158,0.0946774,155.547,70.4467,36.6571,9.36301,174.512,114.887,27.5203,1.827,164.254,114.863,29.981,13.6347,163.951
18457_00114,2.0,426.0,786.86,507.88,725.04,289748000.0,14319.3,33.6134,37.793,0.668741,242.27,22.8404,11.6543,1.0,48.0,0.166194,0.146629,0.0,0.842275,331.331,221.167,0.0,664.318,875.914,545.915,6.58738,2031.6,0.778302,0.416372,0.0,1.0,90.6082,34.0549,4.32093,177.286,84.6599,36.578,7.45923,167.854,98.8965,30.6764,0.98673,157.074,95.1316,34.6611,2.57398,167.625
18869_4050_x21764_y6239,7.0,283.0,4299.09,4580.38,3292.58,64835700000.0,33455.9,118.219,360.103,1.18663,4070.39,10.7102,5.98231,1.0,24.0,0.124211,0.0991256,5.09953e-06,0.616112,1248.44,1612.37,0.0,6058.32,2532.34,3399.46,16.7186,12508.7,0.710145,0.455348,0.0,1.0,83.1828,34.711,2.78573,166.957,77.5284,37.7664,11.5487,166.951,111.098,29.7268,33.2388,167.27,106.081,35.9582,9.18354,160.218
18465_00036,7.0,585.0,4139.83,2362.94,1205.59,11793300000.0,29245.8,49.9929,120.887,0.564788,1834.06,17.2872,10.0389,1.0,41.0,0.123923,0.10875,0.0,0.72903,2495.93,1628.9,0.0,4382.15,3993.83,2674.35,10.9493,8059.8,0.813149,0.390468,0.0,1.0,84.8648,36.0551,1.99796,175.866,86.5603,41.3415,4.65583,176.243,105.815,32.4987,11.427,166.168,99.2323,36.6422,9.29132,166.881
17302_00036,11.0,537.0,1553.24,2036.84,2773.75,8775320000.0,44638.7,83.1261,126.684,0.359982,1444.92,17.0447,9.52676,1.0,37.0,0.128004,0.0930962,0.0,0.709656,2107.7,1014.73,0.0,2826.55,4814.17,2393.15,9.58776,6962.81,0.718631,0.450524,0.0,1.0,73.1018,32.905,1.62965,167.839,70.6486,32.9223,4.96836,172.12,114.517,28.5676,24.0954,170.048,115.658,28.5223,6.21409,172.281
18454_00105,13.0,303.0,2510.51,2131.72,2133.37,11417200000.0,30512.7,100.702,167.646,0.75751,2308.31,10.0627,5.57068,1.0,25.0,0.126287,0.108866,0.0,0.754712,2309.0,1281.86,0.0,3295.62,3480.79,1866.59,15.7465,5293.34,0.724138,0.448497,0.0,1.0,76.6167,32.3584,5.5724,177.407,62.8485,33.3215,0.391275,163.742,112.46,32.0931,5.59019,169.49,121.738,26.9045,43.7724,167.335
18864_00025,8.0,474.0,1373.55,1745.85,5796.06,13899000000.0,58869.6,124.198,291.956,1.24642,5818.55,10.1097,5.8397,1.0,26.0,0.119579,0.101049,1.2743e-06,0.680553,386.995,701.944,0.0,5451.98,758.401,995.052,17.8249,6836.47,0.716738,0.451552,0.0,1.0,76.8153,32.0716,10.2714,168.03,72.8362,33.3607,3.48236,171.284,115.378,28.898,23.4073,169.073,111.628,30.8188,18.1148,163.571
17109_2500_x9864_y9311,5.0,307.0,6511.33,5083.62,4226.37,139898000000.0,95310.8,310.459,486.592,2.28506,3588.06,9.68404,4.7425,1.0,21.0,0.120697,0.116996,2.23306e-05,0.850825,3575.97,2337.03,0.0,7084.33,6747.76,4393.84,14.4309,14062.0,0.735099,0.442749,0.0,1.0,64.3151,39.0386,0.535443,170.567,67.2116,39.878,4.00865,169.572,119.917,34.3677,8.81642,174.559,113.337,36.8373,11.1276,170.527
18454_00099,9.0,557.0,4621.02,2160.99,1488.62,14865300000.0,70573.7,126.703,218.932,0.782717,3918.75,16.9605,8.41089,1.0,35.0,0.110956,0.0910151,0.0,0.751037,3096.37,1727.42,0.0,4567.84,5677.99,3179.74,6.92086,8635.19,0.751825,0.432744,0.0,1.0,75.7417,32.4061,7.9144,176.977,64.6385,32.137,7.64655,167.492,114.845,30.1699,13.6894,167.802,117.917,31.552,6.65204,163.378
18868_5397_x19819_y6085,9.0,527.0,4295.57,5662.95,2846.3,69237900000.0,66367.0,125.934,239.202,1.46603,2567.41,10.2106,5.26081,1.0,23.0,0.115879,0.0949507,3.9655e-06,0.83615,1590.4,1678.52,0.0,5320.0,3043.29,3401.56,11.2007,10535.3,0.725869,0.446939,0.0,1.0,72.5759,29.9662,6.72504,167.992,66.033,28.9543,7.55872,146.371,119.466,25.2257,42.5914,171.262,117.219,28.5016,2.75379,168.13
18455_00144,8.0,620.0,1727.45,2542.2,2674.55,11745300000.0,65644.5,105.878,130.457,0.726743,1453.78,11.9419,5.53005,1.0,24.0,0.0867554,0.0616711,0.0,0.396751,2065.11,1138.33,0.0,3201.54,3490.61,1936.93,11.8186,6012.94,0.728758,0.445329,0.0,1.0,71.9601,29.6185,1.65817,171.029,62.0814,27.9479,5.37352,157.698,118.652,27.3991,1.69624,166.789,122.68,23.4938,49.9603,173.014
18453_6040_x24821_y3042,7.0,303.0,5702.58,3045.94,2957.55,51371900000.0,55949.2,184.651,317.595,0.960434,4089.77,10.7162,5.68593,1.0,23.0,0.155971,0.124613,0.0,0.684706,800.284,1323.78,0.0,5140.48,1501.97,1957.82,8.68427,7084.98,0.695946,0.461568,0.0,1.0,72.9225,31.9642,1.38955,167.01,75.4598,35.7714,0.783077,166.571,115.184,27.5319,12.6723,165.241,107.25,35.1176,10.8921,166.922
18455_00154,9.0,701.0,3393.94,2304.71,2942.87,23019300000.0,63276.2,90.2657,134.056,0.651759,2054.6,13.6534,7.42109,1.0,30.0,0.0879193,0.0731912,0.0,0.612672,2747.38,1517.4,0.0,4059.7,4361.15,2431.43,14.5891,6845.04,0.693642,0.461648,0.0,1.0,71.0456,34.8089,0.115073,175.78,62.8442,30.8798,2.34753,173.747,118.394,31.3745,7.07235,169.923,123.87,25.8892,30.455,171.622
18457_00098,8.0,524.0,2829.67,2043.3,1968.22,11380000000.0,39858.3,76.0654,154.309,0.728965,3055.6,22.771,13.0004,1.0,44.0,0.1131,0.0863172,0.0,0.810867,2603.29,1229.45,0.0,3481.4,5079.04,2397.85,11.2858,7070.86,0.705426,0.456737,0.0,1.0,76.1552,35.1117,2.13538,171.043,72.9622,37.7708,5.88772,166.757,115.429,30.9751,3.046,173.993,112.132,33.9581,12.3537,169.205
18458_00505,7.0,791.0,5230.05,4782.03,3674.33,91895800000.0,110474.0,139.664,288.406,0.668011,4874.05,21.9406,11.0116,1.0,45.0,0.126802,0.0954351,0.0,0.774274,3971.11,1828.71,0.0,5645.75,9993.81,5370.39,12.6549,19272.6,0.742347,0.437901,0.0,1.0,77.6199,35.7769,0.36246,169.501,72.7276,35.958,2.54516,171.237,109.615,35.2886,0.419804,174.888,109.909,33.4962,13.8199,172.135
18867_3383_x10177_y11497,10.0,944.0,4871.1,2960.86,3465.6,49983100000.0,98048.8,103.865,140.009,0.504939,1529.61,16.1398,7.5055,1.0,35.0,0.118209,0.0920553,0.0,0.753914,2134.99,1599.28,0.0,4205.68,3579.02,2695.93,10.9592,8437.65,0.736617,0.440941,0.0,1.0,78.9599,32.8714,1.1968,169.271,70.7376,33.2625,6.60024,176.633,110.753,32.9721,3.1318,170.011,111.516,31.0279,9.84505,166.158
pre_18864_00039,8.0,436.0,2478.64,4110.52,5080.7,51764800000.0,64542.1,148.032,269.297,0.227022,4053.7,16.3761,10.7389,1.0,37.0,0.138009,0.0980593,0.0,0.581341,640.563,1202.72,0.0,5181.96,2938.18,2772.79,7.2518,9069.38,0.696262,0.460949,0.0,1.0,74.5198,31.0172,6.11812,173.131,72.8083,36.2603,6.30234,172.409,115.683,27.837,17.5981,167.078,109.908,32.1159,14.3308,163.715
pre_18464_00103,2.0,50.0,1388.82,787.74,848.43,928207000.0,5444.76,108.895,182.063,3.14055,1186.66,4.88,2.16314,1.0,9.0,0.137825,0.0977391,5.40657e-05,0.543563,425.421,512.995,0.0,1261.8,745.698,831.79,10.9715,2608.02,0.75,0.442326,0.0,1.0,79.0022,44.9108,2.02546,163.209,62.96,36.9604,8.54811,140.698,101.301,39.7653,6.02286,153.845,113.867,40.1666,17.0337,165.386
18457_00088,11.0,539.0,2235.64,1966.22,2243.2,9860570000.0,39740.9,73.7308,137.5,0.552308,2719.54,12.9072,7.03012,1.0,28.0,0.124394,0.090742,0.0,0.583023,2081.5,1184.02,0.0,3032.01,3839.89,2190.39,9.65674,5642.07,0.689394,0.463621,0.0,1.0,73.6457,29.2046,2.10751,154.66,69.6789,32.2515,2.40238,164.929,117.726,25.7195,23.4303,171.669,117.696,25.9329,32.8821,168.245
17545_00027,8.0,544.0,1290.19,1017.96,1055.8,1386650000.0,25230.2,46.3791,57.6159,0.347059,360.386,17.8824,12.8642,1.0,46.0,0.179759,0.124918,0.0,0.782845,621.133,453.267,0.0,1261.52,1091.47,713.659,21.3375,2582.69,0.768657,0.42248,0.0,1.0,84.9331,38.4565,2.96065,167.913,86.9232,39.3503,3.31525,171.217,104.194,35.457,6.69453,169.74,96.8262,34.7066,5.82395,167.822
17543_5334_x5066_y20381,7.0,463.0,1874.92,2421.62,9318.75,42310300000.0,83249.4,179.804,342.467,1.57342,6138.05,10.0454,4.48809,1.0,20.0,0.183647,0.125335,1.99103e-05,0.728823,1330.83,2508.82,0.0,8276.52,2197.8,3353.14,17.1587,11495.6,0.732456,0.443652,0.0,1.0,76.8647,40.8092,2.73941,175.447,70.7657,37.619,2.45007,173.978,108.535,34.6325,9.93545,175.245,105.545,34.8997,4.75208,173.47
18454_01009,7.0,299.0,1914.7,2508.38,1827.6,8777590000.0,27653.9,92.4879,167.888,1.0969,2163.61,11.0602,5.91747,1.0,24.0,0.113792,0.0949361,3.48941e-05,0.67204,1864.36,1245.84,0.0,2983.3,3310.2,2210.38,11.023,5945.96,0.705479,0.457396,0.0,1.0,77.4263,30.5557,12.1165,153.428,66.7568,34.5767,4.74421,167.05,114.956,28.6223,7.53722,170.166,118.652,28.5332,22.7619,168.444
18462_00045,10.0,538.0,3214.43,2187.48,1866.92,13127300000.0,46244.2,85.9557,152.28,0.903956,2140.55,13.1673,5.87881,1.0,23.0,0.0955645,0.0844114,0.0,0.523483,2714.75,1350.27,0.0,3764.3,4306.21,2174.64,13.2192,7158.34,0.69697,0.460441,0.0,1.0,71.7687,33.4072,0.760178,161.894,62.8477,30.0675,2.80169,151.473,116.717,29.447,8.28112,163.756,120.917,27.2878,32.5049,172.941
18457_00159,9.0,489.0,3147.62,2004.97,1951.79,12317500000.0,36019.5,73.6594,160.085,0.837418,3199.61,15.3231,7.02702,1.0,29.0,0.119489,0.0916559,0.0,0.908061,2925.09,1345.59,0.0,3785.89,4076.69,1841.68,14.474,5506.73,0.708333,0.45548,0.0,1.0,80.3189,33.6257,6.67255,178.166,71.5743,34.6106,10.0457,171.566,106.569,29.074,10.0523,166.745,113.295,31.3165,5.65203,165.274
18457_00031,9.0,247.0,1869.68,2303.23,775.83,3340960000.0,15017.0,60.7977,167.642,0.428023,2557.75,8.93522,4.9085,1.0,19.0,0.151154,0.104191,0.0,0.578082,1175.43,891.948,0.0,2340.56,2156.75,1527.26,10.1256,3972.98,0.806723,0.396538,0.0,1.0,83.9007,34.4664,3.73187,158.064,79.4746,38.8459,15.0687,170.551,108.821,31.8015,27.6572,164.23,100.118,36.9679,8.20491,163.175
18462_00055,6.0,348.0,1301.25,2075.18,2091.47,5647660000.0,25050.3,71.9837,166.002,0.980075,2822.89,10.3391,5.61441,1.0,23.0,0.0983215,0.096661,0.0,0.637447,1890.83,988.234,0.0,2627.71,3410.53,1780.8,10.6346,4869.12,0.690058,0.463827,0.0,1.0,74.8599,36.7536,3.14006,175.507,67.3051,39.0843,3.52917,164.44,118.048,31.7859,8.62715,175.794,119.3,30.4673,31.3804,175.422
18868_5369_x19532_y5532,9.0,763.0,3978.29,5979.73,2598.16,61807900000.0,100035.0,131.107,244.016,0.344752,3028.03,18.4836,11.3647,1.0,42.0,0.116982,0.0966302,0.0,0.671443,1833.22,1766.56,0.0,5708.41,5475.68,5473.85,13.5633,15268.5,0.70557,0.456392,0.0,1.0,75.3091,33.0605,0.250156,175.661,72.1447,34.0171,3.24554,172.514,114.809,30.5256,6.76016,174.694,112.51,32.1945,20.3625,169.062
18453_1643_x24077_y11694,7.0,669.0,3916.87,5103.17,5685.65,113647000000.0,122571.0,183.216,250.837,0.922225,3466.91,13.3797,6.77588,1.0,28.0,0.115186,0.0790064,0.0,0.452151,979.948,1183.8,0.0,4485.91,1682.01,1980.9,10.1704,7756.03,0.706949,0.455851,0.0,1.0,74.4412,31.6251,0.404245,172.716,68.8273,33.2677,3.0041,168.013,115.635,26.3601,27.2994,168.834,115.855,31.303,14.0042,169.12
18458_00281,7.0,327.0,763.71,2701.52,1448.19,2987870000.0,28543.2,87.2881,173.637,0.370671,2769.67,11.9297,5.81182,1.0,23.0,0.118634,0.11396,0.0,0.956997,1797.97,1002.34,0.0,2602.17,3690.17,2062.48,15.996,5904.39,0.7,0.459696,0.0,1.0,76.9625,31.926,8.96292,173.117,66.7816,33.87,3.24342,161.269,115.83,32.5929,2.94481,169.397,116.381,29.5844,26.9799,166.361
18454_00148,9.0,535.0,1590.47,3410.2,1638.42,8886500000.0,40121.8,74.9941,105.264,1.0623,1340.22,38.3121,22.9991,1.0,72.0,0.0855572,0.0739406,9.14883e-06,0.473074,2517.71,1261.91,0.0,3343.92,5062.06,2624.73,12.8971,7828.2,0.745247,0.436553,0.0,1.0,76.9004,34.5117,0.366452,173.064,71.5691,35.1725,3.40228,178.107,112.226,30.5084,1.77856,163.752,115.109,29.7167,17.2136,165.494
18454_00020,5.0,167.0,2279.1,1689.0,860.74,3313330000.0,23276.9,139.383,176.004,1.45035,1051.18,8.61677,5.03211,1.0,19.0,0.181063,0.138113,6.99999e-07,0.63102,541.232,667.041,0.0,1817.79,1072.13,1010.39,13.0412,3333.57,0.753086,0.433903,0.0,1.0,77.8188,36.9043,7.01383,167.932,83.5514,41.9163,3.37669,169.043,112.063,31.9081,2.67121,165.876,96.1437,36.6632,13.0884,163.383
18868_4434_x10947_y6887,5.0,423.0,3151.96,4739.29,1377.92,20583400000.0,32445.8,76.7041,236.768,0.53703,3194.78,12.253,6.03621,1.0,26.0,0.130959,0.10647,0.0,0.835711,1568.18,1433.43,0.0,4390.49,4195.56,4113.7,14.5869,9611.5,0.741627,0.438791,0.0,1.0,82.5946,29.5294,19.1444,159.846,77.2236,35.3721,3.70778,167.187,107.737,28.0321,17.2093,165.459,104.322,34.0973,8.43595,166.627
18868_6196_x17668_y4955,10.0,854.0,6811.57,6888.69,3013.67,141410000000.0,140211.0,164.181,315.718,0.2624,3561.14,11.9766,5.62397,1.0,26.0,0.103055,0.0727993,0.0,0.5466,1865.95,2098.82,0.0,6825.71,3668.52,4285.12,7.51975,13826.0,0.729858,0.44456,0.0,1.0,75.6247,32.2834,1.97708,164.522,64.1518,33.1147,4.60303,172.429,115.2,28.8846,19.6086,173.955,118.894,30.0585,26.9008,166.511
18454_00158,11.0,569.0,3046.33,2065.42,2252.7,14173900000.0,43880.3,77.1183,120.455,0.516547,1678.57,15.6924,6.85041,1.0,28.0,0.104942,0.0850772,0.0,0.603867,2856.17,1363.95,0.0,3786.96,4149.36,1932.29,17.1402,5696.61,0.691756,0.462598,0.0,1.0,77.3566,33.4553,3.37886,167.54,65.9066,31.0002,3.11301,163.921,112.177,29.6257,0.592546,165.232,120.503,23.7706,26.7606,169.22
18465_00113,7.0,359.0,3424.35,3678.66,2233.4,28134200000.0,45227.9,125.983,353.892,0.61111,6289.15,12.6045,7.42896,1.0,26.0,0.0970348,0.0783555,0.0,0.539452,2162.15,1488.92,0.0,3547.57,6071.11,4231.45,3.58579,10481.3,0.721591,0.449495,0.0,1.0,69.7033,33.2405,4.73115,175.027,68.3094,32.6238,8.09444,155.153,120.179,31.0456,2.17293,169.694,119.934,31.3488,23.6434,169.558
17302_00103,3.0,245.0,1865.38,2166.74,1201.47,4856090000.0,29650.8,121.024,166.953,1.07699,1086.65,10.3633,5.08561,1.0,23.0,0.154016,0.109236,1.97422e-05,0.679125,448.515,564.725,0.0,2431.85,887.752,951.841,14.7394,3761.77,0.710744,0.455302,0.0,1.0,83.3516,35.4308,4.54636,172.206,77.9027,35.8466,7.03689,160.17,107.968,30.6686,34.5027,166.711,100.489,32.1556,27.7776,168.935
17302_00113,8.0,608.0,741.05,2725.87,1062.95,2147160000.0,53406.6,87.8398,130.865,0.758328,2262.9,13.6382,8.0058,1.0,34.0,0.10573,0.0672911,0.0,0.610983,1764.65,904.769,0.0,2621.28,4235.34,2163.62,13.2957,6969.47,0.696667,0.460466,0.0,1.0,73.6848,31.9896,1.17476,175.222,66.3159,33.1159,3.5767,166.107,113.486,29.2903,0.567879,165.854,116.143,31.1261,8.48738,173.037
18868_4517_x31548_y11591,12.0,602.0,7355.51,4021.53,4745.64,140378000000.0,87700.6,145.682,256.352,1.20872,2759.21,13.0266,6.40606,1.0,29.0,0.128501,0.0925463,2.2548e-05,0.652652,1585.46,1689.13,0.0,7274.19,2783.34,2805.21,10.9067,12286.7,0.738983,0.439935,0.0,1.0,76.1264,34.9248,0.192841,172.669,70.3816,33.94,5.22115,171.527,111.11,30.7918,2.04172,174.583,112.217,30.6947,14.9893,173.871
18868_2559_x15436_y13207,5.0,453.0,5722.44,4533.27,1990.18,51628000000.0,52551.5,116.008,254.748,0.488505,3048.59,9.883,4.74174,1.0,22.0,0.140692,0.107676,0.0,0.69866,1973.31,2066.64,0.0,5279.78,3112.51,3199.38,16.638,8970.02,0.700893,0.458892,0.0,1.0,77.017,33.1349,0.380505,163.739,72.7525,34.4727,0.247205,168.477,108.061,31.8567,9.10084,166.857,108.614,32.5762,9.10084,167.601
18465_00009,6.0,190.0,473.44,2279.35,460.75,497212000.0,12823.2,67.4903,104.358,0.937972,1152.97,9.94737,7.47252,1.0,27.0,0.103215,0.102874,0.0,0.624634,599.482,667.249,0.0,2032.02,1045.23,997.343,5.69605,3025.87,0.771739,0.422011,0.0,1.0,79.4218,39.3987,3.92863,159.931,73.3411,43.3802,5.65851,173.201,114.548,29.9223,50.9368,165.418,110.065,36.3009,15.1383,173.576
18465_00161,7.0,351.0,3714.55,1222.85,1651.33,7500900000.0,18737.8,53.384,124.25,1.75222,1985.47,11.7749,7.54779,1.0,31.0,0.137315,0.122797,4.49088e-05,0.755747,1782.2,1660.22,0.0,3915.01,2418.51,2086.76,10.7151,5204.36,0.761628,0.427332,0.0,1.0,80.6459,38.8671,1.60879,176.383,79.0803,38.981,5.95643,171.406,108.343,34.395,0.26938,164.095,108.143,35.9314,2.35783,164.361
17302_00009,5.0,157.0,3977.75,1270.32,1557.88,7871990000.0,14235.0,90.6689,196.506,0.577374,1714.8,9.08917,7.24867,1.0,28.0,0.19509,0.15254,0.0,0.647144,1424.98,1824.08,0.0,4093.87,2028.37,2451.33,15.8061,5968.44,0.776316,0.419482,0.0,1.0,77.0076,32.7906,4.10616,149.781,79.0996,34.4112,2.0576,161.649,115.266,29.8708,18.3981,176.794,99.5618,35.8732,20.9691,155.966
18453_7007_x11486_y3611,7.0,229.0,1088.79,1266.72,3494.54,4819620000.0,39932.7,174.378,256.009,2.05836,2855.61,6.62445,3.01437,1.0,15.0,0.171792,0.142722,1.13435e-05,0.778604,317.733,582.692,0.0,2688.62,838.801,1258.06,15.7279,5631.7,0.720721,0.45068,0.0,1.0,75.7897,26.852,0.624181,151.102,78.7599,36.0829,7.96547,158.344,117.749,24.5417,52.3118,168.223,100.78,30.4985,6.79526,169.853
18454_00052,13.0,681.0,3957.32,1924.66,2670.9,20342900000.0,60276.0,88.511,154.843,0.713859,3219.55,15.1997,7.70856,1.0,32.0,0.0870654,0.0755405,0.0,0.735262,3001.77,1574.42,0.0,4344.62,5286.71,2789.49,12.0925,7842.53,0.721557,0.448905,0.0,1.0,72.5606,30.3585,0.981854,175.411,65.1322,29.5408,2.25875,163.88,116.823,29.2233,13.6821,168.139,118.768,27.3644,31.129,169.311
pre_18465_00373,3.0,49.0,1659.96,988.67,1379.83,2264510000.0,6994.63,142.747,206.971,1.42957,1237.99,4.30612,2.0125,1.0,9.0,0.130291,0.111965,2.6022e-05,0.443812,363.957,490.316,0.0,1543.14,642.098,819.916,17.2362,3239.55,0.782609,0.421741,0.0,1.0,69.2815,32.2721,24.4142,148.768,48.8625,37.9351,9.5444,162.081,106.766,42.6176,13.0322,158.748,132.489,40.2463,15.8353,165.809
236174_3729_x15151_y26698,6.0,632.0,8008.65,6021.03,4776.55,230327000000.0,259395.0,410.436,595.345,1.70633,5532.99,10.3608,4.07025,1.0,20.0,0.151687,0.131481,1.24378e-05,0.891174,3210.37,1749.64,0.0,5180.01,6001.29,3342.51,16.4854,11619.0,0.677316,0.468251,0.0,1.0,63.4703,29.5205,0.607416,159.488,64.9783,32.8002,4.61618,162.934,124.881,25.0898,20.4726,175.227,111.297,32.4228,13.47,166.642
18869_4301_x20547_y5218,10.0,342.0,4821.97,5316.04,2766.09,70905300000.0,43797.4,128.062,283.064,0.917725,3388.87,11.0526,6.16133,1.0,25.0,0.112686,0.093144,0.0,0.632516,1521.65,1964.04,0.0,5901.87,2630.18,3041.14,15.7889,8311.39,0.740964,0.439431,0.0,1.0,77.5992,34.302,0.57041,165.645,73.5933,32.4635,6.39876,158.854,113.384,31.2053,3.79109,167.668,109.25,29.4056,40.3217,169.026
18869_3482_x7077_y5660,6.0,212.0,5299.38,4348.85,3218.93,74184100000.0,28045.5,132.29,388.659,1.53252,4327.33,10.3491,5.7976,1.0,22.0,0.141767,0.116419,2.30981e-06,0.628102,1341.83,1631.46,0.0,6508.55,2565.87,2962.02,21.5753,8672.34,0.728155,0.447086,0.0,1.0,82.6058,33.1556,3.94488,167.168,77.7237,36.0009,11.3006,160.893,106.48,27.0703,9.05857,159.407,102.719,32.0946,7.65586,164.174
18458_00185,5.0,1065.0,1671.9,3503.43,1843.84,10800100000.0,82097.7,77.0871,146.7,0.412254,3280.31,26.5793,16.5022,1.0,72.0,0.107298,0.0855242,0.0,0.69792,2708.25,1069.57,0.0,3420.48,6244.55,2578.0,19.8386,9519.97,0.739623,0.439255,0.0,1.0,78.9266,33.8945,0.781913,173.058,71.4593,36.0587,1.98624,175.257,113.176,29.7723,6.53294,166.161,114.277,31.0155,19.6089,168.259
18867_4826_x11914_y16564,4.0,266.0,3122.54,1204.79,1366.86,5142130000.0,21760.0,81.8045,123.715,0.809057,1124.67,11.9173,7.44899,1.0,30.0,0.161251,0.12656,0.0,0.765347,1365.4,1258.1,0.0,3202.3,2390.28,1831.82,31.3556,5331.51,0.717557,0.451916,0.0,1.0,83.2328,34.3537,12.7628,173.843,79.0851,41.5838,1.93831,168.615,111.488,28.2646,36.8805,160.539,103.661,35.0783,11.1703,170.373
18457_00043,6.0,292.0,1514.31,1186.17,1215.3,2182960000.0,16284.4,55.7687,96.9025,1.01247,1423.9,11.0274,6.15263,1.0,24.0,0.137708,0.113257,0.00148571,0.681286,690.364,586.102,0.0,1760.58,1397.23,1094.01,15.3249,3139.82,0.748252,0.435543,0.0,1.0,79.6915,37.5211,16.7957,170.151,80.9414,41.657,5.84453,171.308,111.12,32.9254,29.9893,164.199,103.657,38.904,11.5107,167.403
18864_1917_x3417_y12763,5.0,587.0,4694.22,4890.01,6665.74,153011000000.0,149373.0,254.468,364.429,0.859922,3039.65,17.7939,7.48788,1.0,30.0,0.164461,0.118057,0.0,0.777421,1990.2,1789.21,0.0,5723.95,3692.87,3079.74,10.667,10182.2,0.704467,0.457068,0.0,1.0,66.8566,30.679,3.09413,163.493,70.6557,34.882,4.0001,162.467,121.102,27.0657,5.62648,172.346,110.384,31.2281,14.2888,165.022
18864_6057_x8520_y2391,6.0,526.0,2348.54,3516.62,2057.96,16996500000.0,89419.0,169.998,205.728,1.11513,1697.16,10.3536,5.44623,1.0,23.0,0.135077,0.105778,1.14716e-05,0.775727,495.15,596.534,0.0,2862.7,1124.77,1160.29,9.73674,4486.48,0.719231,0.450242,0.0,1.0,76.768,36.8105,4.13986,175.889,73.1464,36.1473,2.56944,173.927,106.351,35.0845,1.10425,169.767,108.841,32.2531,10.591,168.033
18462_00027,6.0,516.0,1728.96,3577.4,2130.55,13177800000.0,43708.5,84.7065,227.737,0.626213,4728.32,22.1899,15.5197,1.0,54.0,0.0906789,0.0866849,0.0,0.635499,2582.7,1475.33,0.0,3660.55,5808.05,3471.46,10.5036,9855.21,0.67451,0.469479,0.0,1.0,80.722,34.9059,5.98795,170.882,70.9549,37.0028,2.3639,176.036,111.326,31.4504,3.14501,170.345,114.819,31.2067,18.1972,172.987
18454_01113,7.0,305.0,784.39,2846.61,1692.64,3779410000.0,28145.9,92.2816,221.376,0.890906,3619.53,9.65574,4.03963,1.0,17.0,0.118706,0.0861412,0.0,0.459922,1704.07,1038.61,0.0,2603.28,3723.28,2295.25,5.60518,5760.87,0.724832,0.448105,0.0,1.0,78.2871,33.4865,2.65883,173.08,69.1261,34.4114,1.08524,172.428,115.8,27.7111,4.77611,172.478,115.223,30.5657,8.75843,164.764
18465_00207,6.0,144.0,1110.2,999.75,382.42,424457000.0,8682.37,60.2943,68.7258,0.930978,426.929,9.86111,6.4457,1.0,21.0,0.162034,0.129136,0.0,0.794065,385.592,352.114,0.0,948.516,689.263,546.542,13.2678,1811.39,0.753623,0.434057,0.0,1.0,74.8278,34.5136,10.9454,157.703,82.648,35.8779,12.383,157.092,111.886,30.0052,33.5364,164.41,101.994,29.2108,25.345,154.801
18868_3931_x26823_y7496,7.0,311.0,4457.29,5635.63,2430.97,61065100000.0,39485.1,126.962,359.56,0.651406,4975.33,10.9293,6.13463,1.0,26.0,0.155735,0.138394,0.0,0.741067,1614.29,2000.0,0.0,6600.77,2779.93,3202.14,15.084,9293.7,0.723684,0.448653,0.0,1.0,73.2394,35.4334,3.14348,165.99,70.4299,34.1727,5.85667,149.579,117.367,30.8212,1.04565,171.12,108.291,29.9859,5.53766,155.313
18457_00053,9.0,457.0,2008.78,1300.13,2518.13,6576540000.0,36088.5,78.9683,127.782,0.953912,2244.32,10.2035,4.90794,1.0,20.0,0.111486,0.089604,0.0,0.672487,2086.52,1091.22,0.0,2940.95,2985.7,1536.13,18.5097,4636.01,0.700893,0.458892,0.0,1.0,75.9608,31.0031,9.20133,168.736,68.5608,32.5234,3.85976,154.353,116.715,27.2111,16.4647,163.405,118.538,27.4756,26.3679,167.959
18454_01103,9.0,371.0,1199.7,2141.28,1906.65,4897980000.0,26694.5,71.9527,111.998,0.743429,1170.57,15.8679,9.65129,1.0,34.0,0.100717,0.0843533,0.0,0.681154,1791.28,996.094,0.0,2671.54,3739.5,2114.29,11.357,5746.0,0.712707,0.453755,0.0,1.0,77.7475,31.1959,2.64289,155.159,74.7936,34.3541,11.4603,173.565,113.081,29.6511,8.8184,162.965,112.736,31.4868,23.9077,164.668
17545_00045,5.0,129.0,4031.61,1468.9,1465.29,8677490000.0,13242.7,102.657,269.817,3.77578,2483.9,5.72868,3.01235,1.0,13.0,0.188134,0.139326,2.59179e-05,0.63935,1352.95,1806.95,0.0,4077.41,1965.41,2441.03,15.8621,5797.27,0.709677,0.457617,0.0,1.0,79.2027,35.1499,8.46372,159.009,81.7517,41.2972,3.49609,171.742,111.644,32.9973,8.49347,165.296,102.928,38.2091,18.2251,166.106
17545_00055,4.0,520.0,1284.69,2793.4,1420.58,5097970000.0,41145.3,79.1255,111.263,0.321536,1450.68,21.0077,9.96564,1.0,39.0,0.120644,0.0976503,0.0,0.705412,1753.64,925.532,0.0,2500.91,4292.33,2264.29,13.0908,6161.34,0.686047,0.465,0.0,1.0,75.2569,34.7009,1.57113,172.259,66.6636,34.7396,4.73375,170.927,111.132,31.3832,2.07277,172.924,117.006,32.1796,12.4495,175.063
236174_3729_x12692_y9419,4.0,548.0,4946.3,4686.78,4918.33,114018000000.0,142117.0,259.337,336.901,1.04725,2833.82,12.8577,5.12849,1.0,22.0,0.113048,0.0946525,1.70871e-06,0.596906,3783.55,2093.93,0.0,6271.52,5953.41,3316.23,13.2431,10554.9,0.716912,0.451329,0.0,1.0,62.029,35.4196,1.56221,167.703,63.2643,35.9873,1.76215,172.894,123.232,31.9325,2.56164,177.849,115.881,33.1491,3.68886,177.575
18458_00567,8.0,746.0,2659.68,3040.46,1536.97,12428900000.0,80179.8,107.48,180.789,0.327525,3063.04,24.7989,13.8397,1.0,50.0,0.0925171,0.0742668,0.0,0.688458,2599.66,1040.53,0.0,3605.02,7044.6,3748.85,12.5689,11511.7,0.726287,0.446469,0.0,1.0,75.3192,29.5495,2.83707,161.388,70.1279,33.6578,2.31735,165.328,118.44,25.4931,35.6595,169.525,118.242,28.9198,7.54004,170.449
18455_00240,5.0,285.0,3561.57,1433.46,1642.82,8387200000.0,17105.5,60.0192,139.838,0.582032,1726.39,12.2982,7.65259,1.0,29.0,0.153965,0.131566,0.0,0.697659,1822.27,1636.16,0.0,3781.18,2896.38,2398.06,16.7974,5909.62,0.785714,0.411799,0.0,1.0,79.7517,36.6495,3.05624,154.376,78.0906,40.6713,2.47739,169.291,111.152,31.6915,1.68524,167.625,106.736,33.6773,19.7696,164.378
18458_00577,10.0,594.0,2882.87,2291.25,1911.73,12627700000.0,45672.6,76.89,128.231,0.405561,2477.98,18.3468,9.63574,1.0,34.0,0.103745,0.0863725,0.0,0.767116,2689.38,1268.85,0.0,3588.09,3789.95,1754.7,15.727,5540.21,0.739726,0.439537,0.0,1.0,79.9851,32.6399,0.835815,171.977,72.2487,34.5053,4.42284,178.045,110.712,29.9138,11.7469,174.304,111.546,31.1397,9.52036,171.526
18455_00126,3.0,359.0,4529.44,4302.48,1660.9,32367300000.0,48046.3,133.834,358.782,1.27398,4722.71,8.72702,3.76816,1.0,18.0,0.14492,0.104378,7.42125e-05,0.803713,2435.1,1774.84,0.0,4748.79,5490.86,4361.54,12.8615,13126.1,0.707865,0.456027,0.0,1.0,72.5022,31.7658,2.69865,160.037,67.2246,31.1697,4.15595,169.798,116.833,27.8384,34.4869,164.486,116.048,28.5224,21.313,164.837
18455_00136,8.0,370.0,536.36,2858.83,1371.24,2102610000.0,27446.9,74.1809,176.393,0.607243,3203.35,11.1189,6.28302,1.0,28.0,0.104632,0.0817879,0.0,0.406756,1961.29,1072.24,0.0,2717.12,3222.35,1751.78,12.8444,4859.45,0.718232,0.451109,0.0,1.0,75.9106,34.4037,0.65526,164.712,68.8929,34.5434,2.99241,167.607,118.553,29.7566,12.3987,164.421,119.572,27.8234,34.7239,171.321
18869_7986_x18907_y11037,5.0,97.0,3052.7,1220.41,3881.83,14461900000.0,10396.0,107.175,689.519,3.75421,6811.86,5.02062,2.24063,1.0,10.0,0.129267,0.121768,5.57094e-05,0.733419,1185.52,1989.79,0.0,4744.59,1932.01,3154.59,9.14618,7555.49,0.76087,0.431266,0.0,1.0,83.0108,36.221,8.25347,172.846,63.5216,39.3009,6.28731,162.822,114.17,28.92,22.347,157.438,113.659,38.2041,2.31091,165.921
18864_00057,8.0,978.0,4414.93,4146.8,3677.57,67328300000.0,130503.0,133.438,195.318,0.352626,2012.29,20.1186,10.0703,1.0,42.0,0.133706,0.105169,0.0,0.758554,2155.42,1700.15,0.0,4954.41,3402.51,2466.81,9.25513,8092.42,0.754639,0.430745,0.0,1.0,71.0279,37.3646,0.407419,165.902,69.1735,36.0183,1.88508,170.652,114.415,32.0386,4.61485,175.406,111.946,31.6249,8.95807,176.056
17302_00086,4.0,298.0,4054.38,1417.5,1811.47,10410700000.0,21148.2,70.9671,222.551,0.790841,3461.82,13.3624,7.82142,1.0,32.0,0.166113,0.11925,0.0,0.737083,2008.75,1922.64,0.0,4133.93,3150.35,2861.39,19.9912,6663.24,0.761905,0.427374,0.0,1.0,78.5169,32.5796,11.6233,156.471,75.6255,38.4724,5.7147,161.604,112.335,28.4666,16.9586,166.294,109.391,33.3225,17.2201,170.806
18869_4722_x18329_y4110,9.0,977.0,697.23,1032.95,757.6,545626000.0,42307.4,43.3034,42.3771,0.442763,409.444,11.0819,4.21787,1.0,21.0,0.0920508,0.0736151,0.0,0.543354,194.939,103.792,0.0,775.263,353.931,141.614,15.2452,1024.92,0.708678,0.454842,0.0,1.0,76.7869,27.9889,6.30031,163.957,70.3549,30.0943,5.71713,169.754,116.592,23.5784,9.53213,172.85,118.2,24.0554,16.0159,170.09
18868_4648_x14941_y16268,5.0,289.0,992.81,1929.56,1823.44,3493140000.0,21319.1,73.7684,137.041,0.806759,1499.69,8.91696,4.10877,1.0,19.0,0.144423,0.102309,0.0,0.739027,937.485,489.131,0.0,2260.44,1472.93,753.346,14.4591,3323.67,0.753521,0.432486,0.0,1.0,79.0599,30.4992,5.00193,166.429,76.7482,36.2588,1.83149,163.201,111.8,29.0764,29.545,162.55,105.563,32.7025,22.9233,169.092
18869_4890_x8926_y9583,8.0,488.0,1169.2,738.59,957.1,826512000.0,17245.0,35.3382,60.416,0.488869,956.586,12.4918,7.16396,1.0,32.0,0.117286,0.0966077,0.0,0.731483,735.159,269.274,0.0,1167.8,1577.95,651.932,30.0794,3186.61,0.691667,0.46277,0.0,1.0,82.293,29.0585,5.20874,164.701,77.8855,33.188,5.30919,174.94,114.202,24.8445,26.5679,161.546,110.888,27.627,21.0361,167.209
18453_3796_x16246_y20830,4.0,168.0,939.35,944.82,864.75,767480000.0,10641.9,63.3445,69.2872,1.71595,329.628,11.0952,7.9574,1.0,29.0,0.129989,0.133067,1.67446e-05,0.939436,391.139,353.382,0.0,1180.07,847.837,689.757,20.0189,2375.04,0.756098,0.432077,0.0,1.0,86.0789,32.5465,21.5164,154.672,80.9881,37.1464,5.26515,170.828,107.303,29.6809,34.3321,159.614,103.184,34.3277,26.2005,156.639
17302_00096,4.0,250.0,1470.93,1030.78,1099.25,1666690000.0,16822.6,67.2904,107.016,1.04351,1429.51,11.368,7.32662,1.0,29.0,0.193686,0.143663,6.36917e-06,0.960354,709.057,639.591,0.0,1597.39,1351.69,1119.47,11.5001,3210.57,0.772358,0.421025,0.0,1.0,78.4415,33.9325,6.18898,153.677,72.8426,41.3617,1.05228,172.454,109.26,30.4644,1.99481,163.873,101.953,38.5445,1.96134,178.512
18455_00110,6.0,182.0,4573.61,1906.62,1791.61,15623100000.0,19615.7,107.779,306.696,0.863321,3767.99,10.6484,6.33219,1.0,22.0,0.18309,0.15734,0.0,0.876399,1883.93,1656.44,0.0,4795.82,4265.87,3457.42,15.0954,9485.16,0.772727,0.421472,0.0,1.0,81.4507,37.4301,10.7918,164.014,77.9948,42.3234,14.8358,173.484,106.758,35.4569,1.40962,158.097,101.181,41.0841,3.64754,163.547
236174_3970_x13439_y8678,5.0,345.0,7132.7,4695.41,5009.3,167766000000.0,115228.0,333.993,473.018,2.01171,3336.58,10.0145,4.3291,1.0,18.0,0.138763,0.11386,5.26652e-05,0.713315,2677.69,1733.41,0.0,5010.47,4218.9,2758.65,15.1776,9451.87,0.688235,0.464583,0.0,1.0,61.1267,27.9926,0.23698,154.087,61.6899,33.4961,5.33337,173.707,125.601,24.5676,31.5496,168.929,115.522,31.447,7.82414,170.9
18864_00119,7.0,415.0,2266.4,1864.05,1630.58,6888680000.0,58402.2,140.728,180.114,0.833693,1378.78,9.80964,5.27687,1.0,21.0,0.135983,0.0987154,0.0,0.564788,393.757,409.59,0.0,1576.95,1175.7,1033.09,10.16,4017.17,0.720588,0.449814,0.0,1.0,74.6324,35.5907,2.84232,168.894,72.0539,33.2431,6.14977,167.149,114.062,33.2363,0.793116,171.446,111.464,29.2907,20.3927,166.819
pre_18864_00426,7.0,683.0,4217.37,4253.16,5534.4,99271300000.0,102194.0,149.626,208.746,0.200348,1840.25,15.0673,8.31041,1.0,31.0,0.131518,0.102034,0.0,0.867523,1014.64,1219.22,0.0,5160.83,2244.51,2468.57,6.04766,10043.5,0.727811,0.445747,0.0,1.0,71.5559,35.2543,2.10147,174.745,70.2154,36.2624,3.40144,173.839,118.094,29.5529,0.464035,176.524,113.809,30.8745,3.96596,169.502
17545_00063,4.0,380.0,2005.47,2081.15,1290.36,5385560000.0,28670.1,75.4477,96.6287,0.511323,698.777,11.4474,4.97751,1.0,26.0,0.154185,0.113593,0.0,0.675773,435.154,464.88,0.0,1979.17,966.069,755.813,10.0817,3886.55,0.739362,0.440155,0.0,1.0,72.7403,34.5485,3.86052,144.167,78.3368,33.4039,8.45218,173.86,111.589,32.2583,1.41323,171.696,103.536,30.4708,24.3761,161.924
17545_00073,5.0,217.0,507.77,916.28,905.25,421176000.0,9759.96,44.9768,69.4841,0.739076,823.017,14.7419,8.86931,1.0,33.0,0.149403,0.115965,0.0,0.579042,652.223,399.279,0.0,1164.67,1277.01,761.266,12.1719,2324.15,0.754717,0.432299,0.0,1.0,78.1145,36.0954,2.67424,166.58,78.117,37.8383,9.66536,173.5,110.229,31.2046,32.759,165.691,108.819,32.125,25.8297,166.349
17782_3284_x11909_y16428,5.0,337.0,9088.91,4027.99,8085.04,295994000000.0,114396.0,339.453,527.5,2.22755,3729.67,10.0326,5.37981,1.0,24.0,0.162222,0.100481,0.000588074,0.616111,2820.42,2342.55,0.0,7213.99,5253.89,4368.02,13.9233,13759.3,0.716867,0.451883,0.0,1.0,65.6694,31.6456,1.22864,151.672,68.035,36.1346,5.6907,176.934,118.721,26.9924,25.5909,166.646,113.829,33.1848,7.83305,171.187
18868_2584_x14386_y13639,8.0,500.0,7048.63,2827.21,3120.53,62185800000.0,59836.9,119.674,247.991,0.946253,2467.05,11.516,6.10083,1.0,25.0,0.133472,0.101081,0.0,0.622838,2351.84,2435.78,0.0,6731.69,3697.13,3648.6,26.5778,9615.4,0.735772,0.44182,0.0,1.0,78.6557,32.4181,2.65606,175.394,70.3194,32.544,9.14446,157.74,111.141,28.9782,12.4165,168.74,111.269,31.3604,33.3376,163.737
18465_00288,9.0,365.0,2219.65,2055.42,2555.13,11657300000.0,31412.8,86.0626,152.089,0.724923,2449.57,11.137,5.6289,1.0,24.0,0.119468,0.0959943,0.0,0.661584,2447.26,1210.79,0.0,3340.38,3487.41,1699.25,14.279,4921.57,0.679775,0.467879,0.0,1.0,76.0431,31.9506,1.00311,163.657,65.3029,32.7575,8.16822,162.059,113.594,30.2103,0.569353,168.743,120.555,28.5731,13.3305,166.831
18458_00541,8.0,248.0,1528.11,1638.7,2533.08,6343120000.0,21995.1,88.6901,148.482,0.679712,1832.27,9.55645,4.94881,1.0,18.0,0.131795,0.104891,0.0,0.658815,1769.16,1130.68,0.0,2988.97,2884.53,1820.21,15.7407,4749.67,0.708333,0.456435,0.0,1.0,77.6056,30.9893,2.04982,167.51,68.2448,34.2349,5.97239,159.493,112.747,27.8283,27.6113,170.838,115.499,31.3227,5.47439,170.122
236174_4729_x16869_y27809,5.0,615.0,8122.25,5757.8,4898.64,229091000000.0,181406.0,294.968,521.591,1.32476,6382.25,13.3967,6.05071,1.0,30.0,0.143771,0.106987,1.07265e-05,0.67442,3500.58,1798.27,0.0,5973.81,8315.72,5031.7,11.2608,17508.0,0.711475,0.453821,0.0,1.0,66.334,31.0205,0.76622,165.519,74.3388,37.3153,6.23789,170.458,121.866,28.7088,3.33265,173.506,108.345,33.8386,11.4635,169.5
18458_00551,9.0,529.0,2033.16,2455.8,2858.99,14275000000.0,56093.4,106.037,140.533,1.12891,1962.67,11.3629,6.09277,1.0,25.0,0.108206,0.0899693,2.22028e-05,0.737888,2087.96,1267.26,0.0,3425.74,3545.27,2129.75,7.81181,6689.8,0.707692,0.4557,0.0,1.0,73.9667,30.0502,2.94992,163.654,63.1193,29.0439,6.0073,166.044,116.345,27.4556,21.248,171.721,121.791,27.1599,24.9474,172.696
18453_5841_x19468_y3419,5.0,149.0,1248.63,1182.6,744.8,1099790000.0,14376.0,96.4834,146.575,3.34105,1339.22,6.67785,3.13926,1.0,13.0,0.134614,0.102528,3.77628e-05,0.466844,186.682,169.114,0.0,671.572,384.337,293.302,15.7696,1752.98,0.722222,0.451046,0.0,1.0,84.9202,34.1839,5.17018,158.189,77.9873,34.629,17.0625,171.567,108.743,33.0647,2.27901,168.016,104.26,34.6311,18.4195,169.236
pre_18464_00086,6.0,174.0,1560.83,1152.13,585.55,1052980000.0,11305.0,64.9712,155.638,0.888212,1988.67,5.93103,2.95161,1.0,12.0,0.172223,0.125865,0.0,0.662563,518.768,681.579,0.0,1640.47,860.573,994.067,14.9099,2585.44,0.714286,0.454467,0.0,1.0,79.7879,34.9846,6.28692,156.506,80.0514,39.2075,8.05685,167.838,109.711,31.5677,36.0469,168.023,102.916,35.8906,3.11469,167.382
18457_00065,8.0,162.0,777.3,2451.63,1510.49,2878470000.0,16640.3,102.718,252.403,0.279619,3086.76,6.12346,2.89949,1.0,13.0,0.126218,0.107912,0.0,0.713701,1313.04,1094.08,0.0,2453.54,2519.12,2073.37,9.65645,4671.4,0.714286,0.454716,0.0,1.0,76.9027,31.8972,5.21174,152.35,58.5816,25.7644,9.16337,130.597,113.873,28.823,9.8225,166.265,124.32,22.9346,57.234,161.188
17786_00017,2.0,196.0,4980.44,1957.62,2624.97,25593000000.0,27456.2,140.082,425.3,0.681152,4663.29,12.3878,5.80121,1.0,26.0,0.184397,0.135251,0.0,0.695602,1720.3,1044.28,0.0,3616.86,7605.59,4581.68,0.681152,12375.4,0.762887,0.427522,0.0,1.0,79.4967,37.2721,6.82863,174.759,78.3174,38.4068,6.4561,171.553,104.981,33.5208,19.6684,165.127,98.5421,35.5948,14.436,156.708
18465_00349,10.0,364.0,489.63,926.79,1171.08,531418000.0,14203.7,39.0212,44.4182,0.77028,429.718,14.1758,9.17368,1.0,38.0,0.123305,0.109622,0.0,0.674601,525.232,397.603,0.0,1373.01,866.303,575.609,13.9954,2139.75,0.774011,0.419418,0.0,1.0,82.1765,36.7842,1.45661,177.262,78.4579,36.4183,6.88943,176.035,110.909,30.6878,10.4868,164.008,107.835,33.5597,5.58311,164.824
18457_00075,5.0,177.0,1243.36,765.75,1418.62,1350670000.0,11794.5,66.6356,123.153,0.323977,1367.6,4.87571,1.63635,1.0,8.0,0.0802246,0.0802099,0.0,0.613722,194.392,317.904,0.0,1658.35,324.528,473.557,21.1122,2674.39,0.732558,0.445221,0.0,1.0,53.6301,27.8384,6.29551,158.885,54.6847,29.0898,3.82242,129.395,137.183,20.7462,77.9628,167.408,133.476,27.162,26.5333,170.77
18453_4231_x30739_y8470,5.0,289.0,810.32,1214.86,1818.78,1790450000.0,31648.4,109.51,137.652,1.06473,1115.62,7.83045,4.09382,1.0,21.0,0.123702,0.0881445,1.82196e-05,0.458609,207.033,231.448,0.0,850.932,497.036,543.224,13.0497,2319.37,0.704225,0.458006,0.0,1.0,74.805,29.9331,0.530928,148.83,67.3289,31.8941,7.24263,161.045,117.484,24.1345,53.6722,166.92,117.83,25.9303,44.4943,163.392
18454_01125,6.0,620.0,1075.71,2660.19,2110.1,6038250000.0,43961.7,70.906,129.0,1.06776,2112.67,13.829,6.73667,1.0,30.0,0.0905976,0.0753624,1.76328e-05,0.522509,1896.14,947.834,0.0,2807.73,4479.14,2281.93,9.73555,6676.32,0.716612,0.451379,0.0,1.0,78.9484,30.8519,1.26953,166.432,68.569,32.1955,3.3599,167.189,113.635,28.8079,1.13864,172.597,118.23,28.432,20.3847,169.931
18867_3855_x11412_y8044,10.0,1024.0,8108.78,5590.75,3554.95,161161000000.0,124207.0,121.296,229.072,0.904007,2607.45,15.1035,7.91493,1.0,39.0,0.120963,0.0897988,0.0,0.624181,2592.99,1994.38,0.0,7590.42,4348.82,3282.31,21.8294,10717.5,0.737673,0.440334,0.0,1.0,78.183,30.7311,0.732804,171.161,74.5483,35.816,3.32466,169.205,112.829,26.9836,18.0834,168.494,108.582,31.6304,15.5655,167.943
18465_00157,4.0,384.0,3904.16,1292.21,1779.48,8977470000.0,20314.8,52.903,153.419,0.770754,2602.12,13.2604,8.40769,1.0,34.0,0.13728,0.115496,0.0,0.661617,1987.19,1810.26,0.0,3994.01,2966.15,2609.69,6.41372,6227.48,0.789474,0.40876,0.0,1.0,81.6741,35.8844,4.29889,171.837,77.445,36.576,4.29357,168.794,105.404,31.0608,25.5,167.416,104.707,36.1185,16.5468,170.41
18454_00074,7.0,687.0,5115.62,2196.35,3814.72,42861000000.0,80660.2,117.409,188.06,0.674907,2309.02,14.3799,8.38017,1.0,35.0,0.115337,0.0907393,0.0,0.664186,3273.11,2045.49,0.0,5188.97,5836.99,3768.53,8.77223,11439.8,0.688235,0.463897,0.0,1.0,76.3236,31.5649,0.660664,172.432,67.624,29.2664,8.51429,175.274,116.332,29.1214,7.81679,175.601,115.643,28.6312,10.3105,171.15
18454_00064,12.0,308.0,1377.7,2031.01,2246.97,6287300000.0,27987.1,90.8672,185.681,0.852745,2914.9,10.7662,7.26043,1.0,26.0,0.0986355,0.0832261,0.0,0.790227,1875.47,1045.44,0.0,2775.96,3449.77,1921.88,10.5078,5296.74,0.716216,0.452364,0.0,1.0,71.4017,30.2102,1.03121,172.513,65.3319,30.0772,4.29449,175.042,119.309,26.1233,12.0597,172.386,120.644,26.2533,49.6246,165.034
18454_00016,7.0,207.0,2738.96,1676.35,1072.43,4924020000.0,31989.7,154.54,209.607,1.44216,1926.95,8.44928,3.41557,1.0,16.0,0.189234,0.148916,3.83197e-05,0.719811,431.654,560.344,0.0,2112.59,847.006,741.08,8.68411,3502.14,0.7,0.460566,0.0,1.0,77.1189,37.0745,4.20606,178.256,83.5939,38.5883,19.7855,168.111,111.124,32.6509,3.74289,167.335,96.2346,34.8433,12.5378,157.888
18867_7390_x9887_y4961,7.0,1005.0,927.73,927.28,664.82,571922000.0,55159.1,54.8847,61.0464,0.48504,759.351,38.202,19.4013,1.0,70.0,0.111864,0.0932591,0.0,0.720923,132.828,100.254,0.0,788.365,1350.66,693.247,11.5569,3117.13,0.703407,0.457214,0.0,1.0,82.3148,34.6142,1.26565,173.675,78.8551,36.1443,7.27939,177.538,111.951,28.7344,2.28193,170.356,110.185,29.658,9.11917,169.755
17302_00125,5.0,233.0,2257.11,3063.28,2461.3,17017800000.0,32758.0,140.592,379.761,0.825535,4824.21,7.64378,4.0702,1.0,18.0,0.131951,0.107704,0.0,0.687703,1312.61,1137.78,0.0,2822.86,4456.76,3797.03,12.4287,9127.52,0.719298,0.451326,0.0,1.0,72.0864,34.5798,3.97043,173.279,66.9528,33.083,1.44512,170.377,119.676,25.7724,28.8811,162.564,120.77,27.2755,21.369,166.661
18465_00125,7.0,629.0,1629.57,2084.81,2345.78,7969420000.0,44986.7,71.521,86.5854,0.687409,897.041,23.4801,13.9822,1.0,47.0,0.097722,0.0783344,0.0,0.551937,2185.69,1028.52,0.0,3018.78,3740.62,1812.59,6.60633,5467.62,0.710611,0.45421,0.0,1.0,78.2653,33.3885,2.78557,165.784,70.2397,33.4775,3.82783,178.224,116.428,29.0235,15.3457,165.749,116.906,29.5193,3.43219,173.857
18457_00209,4.0,996.0,5495.51,4517.73,3799.33,94326800000.0,124706.0,125.207,185.827,0.452869,2448.6,21.0964,16.0411,1.0,60.0,0.115874,0.0838731,0.0,0.595539,3425.48,2087.26,0.0,5583.38,6696.98,4443.76,7.8648,14650.2,0.707661,0.455296,0.0,1.0,74.7711,32.4354,2.38273,169.874,68.1238,33.2214,5.47764,167.03,112.827,32.0016,1.6952,172.458,116.102,32.358,11.0193,170.487
18864_4797_x9453_y2359,8.0,622.0,3112.7,3797.83,3497.42,41344800000.0,104752.0,168.412,219.528,2.7094,2922.57,12.418,7.48625,1.0,32.0,0.102851,0.0802923,5.50231e-05,0.730136,1281.46,1479.9,0.0,3896.33,1966.41,2055.19,13.6412,5831.77,0.690554,0.46302,0.0,1.0,66.6262,27.8139,2.46618,164.466,59.9462,32.978,3.08516,164.396,124.411,23.7749,27.311,172.867,124.081,29.4373,27.8745,173.925
18869_4345_x7097_y4738,9.0,499.0,4209.87,5110.16,3633.55,78169000000.0,57112.8,114.454,274.82,0.878666,4703.43,17.3928,10.9837,1.0,39.0,0.118456,0.0927134,0.0,0.663284,1718.45,1457.34,0.0,5936.19,4130.99,3593.1,13.8376,9646.71,0.726531,0.446652,0.0,1.0,83.7594,33.8564,1.56041,173.018,78.2285,39.6762,3.25998,174.967,109.633,30.6901,2.37045,171.176,105.895,35.2314,6.6879,161.602
18457_00007,8.0,362.0,5095.23,1949.01,1120.07,11123000000.0,21540.8,59.5051,172.099,0.838287,2616.14,18.0939,11.6432,1.0,42.0,0.150769,0.128569,0.0,0.729099,2911.03,2079.65,0.0,5079.06,4483.83,3101.89,11.3643,7946.76,0.79661,0.403662,0.0,1.0,86.7394,39.5119,2.24473,173.932,81.9282,38.3946,4.43499,174.769,102.704,37.2751,4.57293,174.667,101.1,35.4546,9.94802,170.381
18867_4621_x24147_y14734,4.0,1394.0,526.82,1874.83,788.58,778879000.0,42240.1,30.3013,52.1474,0.373525,1041.11,13.7575,5.28553,1.0,31.0,0.113018,0.0933213,0.0,0.64299,1190.14,449.413,0.0,1720.47,1763.51,616.441,126.566,2832.53,0.726619,0.446016,0.0,1.0,84.7217,32.2322,2.07806,175.639,79.8702,35.9441,8.62679,177.159,111.649,27.5533,2.75885,168.035,109.72,30.409,9.23109,167.701
18462_00063,9.0,917.0,3715.78,3398.0,1619.82,20452200000.0,73407.9,80.0522,132.866,0.92632,3092.61,13.3751,5.98934,1.0,29.0,0.0985337,0.0820841,0.0,0.672999,3314.79,1627.07,0.0,4502.46,5267.53,2561.15,21.1642,7457.43,0.702643,0.457599,0.0,1.0,74.2849,34.7528,1.83225,160.219,64.4452,28.2501,6.60238,162.093,113.479,30.8302,13.428,171.755,122.643,24.9252,20.4095,168.98
18465_00243,13.0,709.0,2645.56,1949.37,2686.4,13854200000.0,50892.8,71.781,139.424,0.586292,3220.74,16.5656,11.3982,1.0,43.0,0.129006,0.103761,0.0,0.666324,2757.66,1349.54,0.0,3757.2,4202.64,2056.77,14.825,6281.88,0.683908,0.465619,0.0,1.0,80.4546,36.4966,0.827352,176.232,73.1536,35.5515,6.2454,177.488,107.788,32.6218,2.86727,164.408,114.04,32.2891,23.5485,166.668
18867_4831_x27808_y6496,10.0,596.0,4904.39,5985.53,3634.78,106700000000.0,81971.6,137.536,253.91,0.563129,2848.21,11.8725,5.45082,1.0,26.0,0.127617,0.10007,0.0,0.807887,2089.87,1712.98,0.0,6400.14,4244.16,3350.61,12.8187,9705.17,0.723549,0.448007,0.0,1.0,77.786,30.7304,1.78624,176.582,70.131,34.0417,4.16565,175.338,112.906,31.317,3.75778,175.368,111.322,30.9857,4.77023,168.964
18457_00017,10.0,266.0,511.8,2524.2,1460.37,1886630000.0,20770.9,78.0862,219.467,0.92323,3452.86,7.90977,4.45092,1.0,19.0,0.157017,0.126,0.0,0.658432,1494.12,978.909,0.0,2326.82,3205.82,2167.02,12.5989,5370.18,0.71875,0.451376,0.0,1.0,78.555,37.5623,0.242919,168.239,74.6723,36.6437,2.09606,170.983,111.231,31.8098,22.5975,163.696,108.928,30.4684,12.0231,157.386
17300_5896_x24862_y27320,9.0,457.0,6105.77,5231.08,7061.12,225531000000.0,77525.9,169.641,348.706,1.65509,4250.19,9.02626,4.55466,1.0,20.0,0.167061,0.127274,1.70723e-06,0.84275,1142.05,1535.89,0.0,5847.18,2310.49,2858.64,9.12373,10720.5,0.71875,0.450616,0.0,1.0,72.8261,33.4751,3.36329,168.601,71.0457,37.7393,4.99895,176.802,113.189,29.904,22.7781,170.185,112.847,32.9411,11.1896,172.318
18454_01096,10.0,502.0,1192.98,2023.61,2327.41,5618660000.0,34500.8,68.7267,149.853,0.818455,2999.81,22.3147,15.3069,1.0,47.0,0.0936949,0.0718003,0.0,0.504022,1966.05,960.032,0.0,2724.31,4357.9,2243.15,9.37839,6627.92,0.719512,0.450153,0.0,1.0,79.5184,28.1675,19.3654,169.15,73.876,34.9569,6.18782,171.073,113.66,27.7428,1.76478,166.445,115.12,28.8062,20.1401,172.025
18453_3456_x24161_y6646,10.0,446.0,3695.53,1779.57,5021.62,33024500000.0,79561.3,178.388,229.868,1.02528,1977.57,10.4305,5.82774,1.0,25.0,0.12967,0.0947998,5.32302e-05,0.578456,805.205,1014.88,0.0,3222.82,1578.18,1935.35,10.8462,6768.42,0.706422,0.456449,0.0,1.0,72.9565,29.3567,5.31025,167.802,71.8882,34.4755,3.5258,156.156,118.544,25.4933,8.34964,164.698,112.627,29.9823,26.349,169.135
18455_00204,10.0,316.0,965.32,2606.51,1251.59,3149150000.0,24857.5,78.6631,152.361,0.607679,2421.76,9.24051,4.11182,1.0,16.0,0.0983262,0.0751958,0.0,0.542351,1824.47,1027.57,0.0,2631.96,3352.77,1867.19,8.34442,4972.59,0.705882,0.457141,0.0,1.0,72.6521,28.0931,10.8281,162.374,65.5585,31.8325,1.88032,162.7,119.555,26.3556,39.3357,167.722,120.737,27.2283,30.483,170.192
18869_5553_x7275_y3994,7.0,495.0,4753.85,6148.75,4057.12,118591000000.0,77944.1,157.463,273.003,0.535766,2314.3,12.5677,6.16597,1.0,24.0,0.116148,0.0972056,0.0,0.819699,1950.35,1871.16,0.0,6827.82,3907.37,3567.36,9.78852,11376.3,0.70082,0.45884,0.0,1.0,78.5867,33.143,1.48601,163.612,71.7876,36.9787,5.25309,172.783,110.327,30.9709,1.13419,170.821,108.795,34.221,5.90465,170.07
18454_01086,9.0,329.0,687.18,2396.7,1610.02,2651650000.0,25641.8,77.9386,178.888,1.55024,3067.84,8.32523,3.74174,1.0,16.0,0.112792,0.0863143,0.000292081,0.488082,1777.76,961.856,0.0,2493.39,3256.79,1737.54,10.4612,4657.24,0.725,0.447916,0.0,1.0,74.9665,28.7017,3.74842,170.924,65.06,32.2542,6.21382,140.991,118.255,24.0608,37.4922,165.491,122.377,26.1656,11.4252,173.575
18458_00376,6.0,420.0,4248.83,1631.09,1586.17,10992500000.0,39237.7,93.4232,187.086,0.274574,2828.05,9.17619,4.11556,1.0,20.0,0.0979816,0.101292,0.0,0.832507,2073.45,1851.95,0.0,4254.72,3395.24,3010.54,8.10836,7256.2,0.705314,0.457007,0.0,1.0,73.3744,33.497,2.28943,170.881,65.8552,34.6745,2.07922,171.445,115.947,29.9045,21.7947,173.935,117.407,32.6684,8.7146,165.134
17545_00001,4.0,428.0,2035.42,1483.97,1485.5,4486960000.0,27861.4,65.0968,87.4025,1.6665,678.006,22.0234,15.2492,1.0,60.0,0.166235,0.127846,8.02055e-06,0.699626,715.787,541.404,0.0,1603.36,1645.27,1176.59,14.7915,4064.38,0.764151,0.425533,0.0,1.0,83.7532,32.7695,4.04722,178.181,86.2702,37.648,9.69679,171.116,102.213,32.2822,14.5859,163.378,95.8968,34.5554,7.40123,171.112
17545_00179,8.0,618.0,2248.55,3418.26,1854.44,14253500000.0,69595.3,112.614,337.833,0.349549,8031.14,12.7184,8.50712,1.0,35.0,0.115078,0.0795817,0.0,0.734819,1932.87,1120.49,0.0,3053.16,6936.18,4014.59,5.77126,10563.8,0.714754,0.452274,0.0,1.0,74.9929,34.1976,3.10667,174.409,68.532,33.3685,2.44856,176.764,112.083,32.6597,3.8862,172.235,116.12,29.6277,11.0378,168.288
18452_3926_x14445_y21337,4.0,332.0,1594.9,1386.44,1438.57,3181010000.0,23928.5,72.0739,76.0338,1.42872,499.694,15.9157,9.79451,1.0,36.0,0.14504,0.114985,2.37296e-05,0.766913,933.114,589.624,0.0,1899.99,1699.01,1105.85,10.2066,3774.29,0.804878,0.397508,0.0,1.0,83.6554,37.1687,13.4165,179.122,78.8727,40.0812,5.37945,169.721,108.792,32.4027,17.7209,164.563,104.191,38.391,13.2195,166.189
17545_00169,4.0,766.0,1353.1,2713.87,3094.6,11363800000.0,70871.3,92.5212,110.589,0.534181,1465.35,20.3499,8.91838,1.0,40.0,0.12976,0.081888,0.0,0.765392,2121.02,1107.76,0.0,3125.88,4397.92,2330.89,6.22529,7021.25,0.748031,0.434714,0.0,1.0,70.5197,32.6053,0.869895,164.935,64.4414,29.3953,8.30956,161.442,116.302,29.537,9.22523,170.621,120.652,26.227,14.273,168.691
18464_00139,7.0,615.0,5674.43,3569.25,2063.75,41798100000.0,75700.3,123.09,231.544,1.15649,3413.7,14.2911,8.88333,1.0,39.0,0.128819,0.0925501,1.99361e-05,0.660354,3940.27,2236.11,0.0,5827.91,6867.43,4015.0,18.1058,12563.7,0.740132,0.439285,0.0,1.0,76.1737,37.552,1.45659,176.927,73.1528,37.9938,4.69469,177.444,108.081,35.3523,7.55564,176.725,110.457,36.1407,5.67051,171.45
18869_4629_x8451_y4031,10.0,856.0,1193.82,834.2,1191.83,1186930000.0,37773.2,44.1276,43.1307,1.18882,329.57,16.1939,10.5324,1.0,50.0,0.0994963,0.0849068,1.06048e-05,0.697022,280.559,329.633,0.0,1150.8,485.264,483.82,9.83036,1987.9,0.723404,0.447844,0.0,1.0,80.4912,27.835,6.9714,164.774,75.5409,30.1202,12.2063,163.948,111.565,24.075,25.7899,160.836,112.687,24.4715,29.5563,165.327
18464_00129,9.0,675.0,2438.07,2159.79,2104.32,11080800000.0,49278.7,73.0055,103.889,0.548514,1602.66,13.8711,6.696,1.0,28.0,0.109998,0.0840158,0.0,0.509084,2549.15,1165.54,0.0,3406.14,3938.56,1775.41,17.5561,5570.79,0.708709,0.455041,0.0,1.0,77.4986,34.251,0.0352446,171.468,70.8862,35.551,3.37127,177.065,114.034,29.9529,10.9857,171.472,116.072,31.0573,3.14772,175.587
18868_3389_x28317_y9872,6.0,296.0,5480.68,4509.59,3689.1,91178400000.0,35411.4,119.633,339.572,1.00824,4414.48,10.6081,6.43785,1.0,26.0,0.135427,0.113324,5.19321e-05,0.640756,1736.9,2222.41,0.0,6795.1,2807.18,3370.52,20.8313,9287.29,0.717241,0.451901,0.0,1.0,79.5522,35.8391,1.49592,163.71,75.6509,36.5827,8.72593,164.765,109.892,33.2148,5.37802,166.592,104.875,32.1746,10.6562,157.057
191812_4003_x5886_y22658,7.0,379.0,2399.31,3221.0,7566.72,58477000000.0,64708.3,170.734,423.382,1.20971,7256.36,8.97361,5.06825,1.0,24.0,0.128663,0.100078,1.31601e-05,0.745716,567.173,826.065,0.0,5652.99,1437.37,1487.2,11.3615,8805.79,0.72043,0.449999,0.0,1.0,73.6526,33.9817,0.358489,174.559,70.945,37.9838,1.97653,174.493,118.168,28.4173,12.1576,165.25,110.162,34.1033,20.9889,162.142
18455_00172,5.0,295.0,2195.51,1608.38,890.76,3145470000.0,40850.5,138.476,165.499,0.553526,856.967,11.5627,7.29891,1.0,27.0,0.167462,0.149272,0.0,0.883115,319.829,348.779,0.0,1271.18,891.661,794.852,7.22516,3001.66,0.696552,0.461341,0.0,1.0,84.1095,41.1534,1.47941,175.317,87.5737,41.0294,8.47902,171.703,106.965,36.4352,4.90845,172.609,95.5825,38.9298,6.22808,159.023
18465_00168,5.0,201.0,5481.92,1481.29,950.73,7720230000.0,16793.7,83.5508,211.045,1.18896,2028.88,10.9104,6.62057,1.0,26.0,0.13784,0.126098,2.56503e-06,0.583701,2062.2,1795.8,0.0,5453.38,3280.8,2471.14,16.0777,7895.15,0.816327,0.389209,0.0,1.0,88.0784,37.4951,9.23815,177.945,84.5005,38.1345,15.1606,168.949,102.06,35.4946,19.7207,166.595,96.94,32.4458,23.3772,161.727
17302_00010,5.0,165.0,3966.62,1552.63,1730.2,10655800000.0,13911.9,84.3144,211.997,2.9505,2351.48,8.09091,5.23685,1.0,21.0,0.164321,0.142906,0.00408082,0.735908,1699.13,1870.25,0.0,4153.62,2494.58,2617.78,14.0003,6161.61,0.7625,0.428236,0.0,1.0,80.0761,28.077,23.1043,142.691,72.3636,31.9386,10.3636,141.76,110.812,25.2429,40.91,158.006,110.861,29.8905,28.7547,167.827
236174_3893_x17507_y26071,6.0,434.0,6714.33,3361.15,4344.3,98041600000.0,133962.0,308.668,406.836,2.39222,3173.32,10.0691,5.00806,1.0,22.0,0.143983,0.112336,9.50505e-06,0.65234,1356.33,1191.58,0.0,4008.1,2076.93,1580.03,16.4587,5603.52,0.738318,0.440581,0.0,1.0,68.545,28.7467,1.11656,136.334,72.4102,37.6499,5.80555,172.146,118.013,25.3492,28.2257,171.085,109.398,34.5166,4.77368,175.871
18864_6581_x10729_y2199,5.0,481.0,3121.22,3221.1,3252.55,32700400000.0,114306.0,237.642,311.324,0.846335,1849.47,11.7983,5.88137,1.0,25.0,0.154913,0.130106,0.0,0.725301,1174.79,1088.6,0.0,3885.52,2631.59,1992.69,23.4952,6880.93,0.735294,0.442106,0.0,1.0,67.7339,37.062,1.47074,166.487,67.228,35.4834,2.42483,163.602,115.14,32.7134,1.68951,172.714,111.354,31.8838,20.1636,170.179
18454_00133,10.0,568.0,1654.79,2027.19,2464.69,8267980000.0,42207.9,74.3096,114.957,0.63042,2024.59,11.4789,5.01949,1.0,21.0,0.0972091,0.075387,0.0,0.505018,2104.46,952.807,0.0,2811.26,3709.62,1655.65,11.4688,5077.85,0.695341,0.46109,0.0,1.0,76.2508,30.4048,1.49609,176.319,71.6683,33.026,6.23795,178.201,114.896,28.321,11.468,174.864,115.651,28.1263,5.91251,171.036
18868_3547_x28065_y9077,9.0,941.0,9683.7,5740.95,6219.93,345789000000.0,100738.0,107.054,292.102,0.739637,5391.16,15.8055,7.36043,1.0,34.0,0.137439,0.103329,0.0,0.70498,5684.34,4224.44,0.0,10476.8,9952.65,7279.29,18.8108,17932.6,0.697425,0.459867,0.0,1.0,78.5835,32.0102,2.85394,165.802,69.8367,34.8196,0.718042,170.091,113.526,27.869,9.91267,177.008,112.647,32.3231,3.13619,172.692
18868_3783_x28846_y9268,10.0,536.0,6515.32,4467.34,3513.02,102250000000.0,64726.8,120.759,227.456,1.05161,2523.29,12.9104,8.24527,1.0,34.0,0.114525,0.0908515,3.24709e-06,0.70507,1367.17,1510.36,0.0,5858.46,2180.53,2368.01,16.7588,9030.9,0.745247,0.436553,0.0,1.0,71.9366,33.4859,0.182797,175.04,72.1967,32.5528,5.41812,174.385,114.931,30.332,10.7258,172.76,115.623,29.6966,30.3825,174.927
18454_01072,9.0,813.0,3359.48,2902.3,2544.01,24804700000.0,83325.5,102.491,134.124,0.593256,1657.2,22.0775,12.3691,1.0,48.0,0.101508,0.0759091,0.0,0.810955,2992.69,1501.99,0.0,4198.87,5856.8,3207.03,9.06863,9931.91,0.736318,0.441178,0.0,1.0,77.5808,33.0543,0.127361,173.119,67.7683,34.1349,4.97625,170.058,113.082,32.5668,1.05441,174.269,118.372,31.0854,4.3337,171.106
18457_00122,5.0,433.0,1854.45,3603.16,2539.95,16971600000.0,33537.5,77.4538,200.847,0.340088,3065.42,11.9469,5.75016,1.0,24.0,0.1146,0.0986586,0.0,0.747317,2343.93,1448.01,0.0,3654.47,4954.55,3049.03,7.51527,7529.59,0.705607,0.456838,0.0,1.0,74.2079,31.2734,8.31713,169.53,67.6229,34.0481,1.61677,161.748,117.065,30.2985,8.20398,171.016,118.082,28.8222,29.0242,172.891
182725_2376_x10033_y10786,12.0,742.0,10706.1,4751.07,5556.6,282639000000.0,127816.0,172.259,278.014,0.21908,2790.02,16.7601,9.09504,1.0,35.0,0.141821,0.107604,0.0,0.714232,3314.72,3508.27,0.0,10636.7,4780.63,4934.36,13.8149,15827.3,0.756164,0.429984,0.0,1.0,71.7076,38.0862,0.571595,176.424,70.5447,34.4298,1.0337,172.637,110.183,33.9167,2.68262,169.335,111.435,31.5302,7.86008,169.536
18454_01062,10.0,458.0,2357.7,2064.64,2399.18,11678700000.0,34310.4,74.9135,97.0135,1.63269,1071.5,14.9563,6.88815,1.0,26.0,0.104862,0.0685839,9.92828e-06,0.400052,2352.9,1223.94,0.0,3335.12,3549.21,1819.28,8.19891,5087.44,0.736607,0.44146,0.0,1.0,77.4372,31.292,0.898486,163.305,68.0978,30.7668,4.8427,173.024,114.725,29.1019,19.7326,173.144,117.474,28.5222,24.3012,171.629
17545_00124,5.0,253.0,1293.01,689.87,1102.92,983815000.0,13173.4,52.0687,94.8684,0.0944319,1366.94,9.18972,5.14353,1.0,23.0,0.160332,0.104191,0.0,0.497995,804.824,636.07,0.0,1428.23,1222.56,891.445,0.0944319,2271.09,0.790323,0.40873,0.0,1.0,84.4055,38.197,2.55518,175.613,79.1629,40.7077,2.95436,165.163,101.474,33.4723,5.73478,154.636,102.937,39.377,11.5962,174.332
18463_00032,7.0,361.0,1388.79,2353.29,2528.35,8263220000.0,40993.0,113.554,168.889,0.779678,2366.57,11.8366,5.81935,1.0,26.0,0.0919715,0.0917049,0.0,0.622317,1986.72,1065.89,0.0,3045.27,4062.17,2220.81,7.98773,6150.64,0.734463,0.442871,0.0,1.0,68.3298,32.5239,8.92036,166.944,60.5232,30.202,3.20778,140.279,122.473,29.5442,9.06851,170.494,121.814,28.5857,25.5255,167.193
18867_6452_x16339_y18318,4.0,554.0,4902.14,3098.95,2237.43,33989900000.0,44548.2,80.4118,222.424,0.955187,3006.1,11.9314,6.24448,1.0,27.0,0.133463,0.117887,0.0,0.748152,2733.0,1081.86,0.0,3903.26,5266.09,2075.58,25.1394,7452.2,0.810909,0.392295,0.0,1.0,83.9381,33.1256,2.53705,166.218,78.2951,39.3127,5.27633,170.36,107.974,29.2963,28.3318,168.393,100.955,35.427,7.2136,166.704
18455_00259,7.0,361.0,968.52,2697.91,1747.43,4566000000.0,30213.1,83.6927,126.321,1.24944,1793.11,12.1911,6.57517,1.0,27.0,0.113888,0.0880882,1.05471e-05,0.646843,1873.6,996.571,0.0,2758.13,3467.5,1871.19,11.5254,5437.73,0.683616,0.466384,0.0,1.0,76.0236,32.8773,4.51516,166.407,70.5686,35.5194,7.21419,175.569,115.419,28.5739,16.856,170.581,116.778,29.3433,15.4111,170.622
pre_18864_00042,8.0,738.0,5734.33,3873.57,4859.53,107942000000.0,85667.7,116.081,210.42,0.484892,2865.86,14.7453,8.1725,1.0,33.0,0.121441,0.096372,0.0,0.707972,950.634,1061.24,0.0,4764.15,1575.25,1498.37,4.68676,6852.52,0.761644,0.426663,0.0,1.0,75.9199,35.0035,3.13934,172.465,71.246,35.0555,4.26651,169.799,112.901,31.5347,0.413206,171.754,110.605,33.5604,7.59132,171.7
pre_18464_00168,3.0,115.0,1519.7,998.0,558.52,847085000.0,7891.13,68.6185,111.448,0.604462,713.359,7.17391,3.29077,1.0,13.0,0.155302,0.116572,0.0,0.491191,197.219,179.202,0.0,995.73,428.749,297.712,3.79945,1531.07,0.857143,0.353094,0.0,1.0,90.599,34.1531,21.3418,165.49,82.5394,34.4275,21.5046,165.49,100.144,34.9256,2.25318,161.248,105.225,33.4434,6.67026,154.193
18455_00047,7.0,423.0,1519.2,2130.4,2136.33,6914240000.0,32628.3,77.1355,120.722,0.46401,1755.7,12.1537,6.16576,1.0,25.0,0.10472,0.0810277,0.0,0.435462,1868.06,1004.89,0.0,2672.65,3714.86,2041.19,11.3285,5449.55,0.6875,0.464631,0.0,1.0,78.191,32.3477,2.94028,176.233,67.5169,30.1625,3.6023,178.664,114.218,28.7193,0.6466,169.084,118.329,26.0105,9.85268,166.6
18047_7769_x31046_y13195,8.0,342.0,2475.96,1438.73,1303.42,4643090000.0,27454.3,80.2757,139.106,0.575254,1836.31,9.07018,6.34823,1.0,28.0,0.102892,0.0904418,0.0,0.690301,282.694,288.152,0.0,1133.92,479.119,496.533,11.3575,3172.17,0.760479,0.428075,0.0,1.0,85.6863,30.9462,5.75422,162.093,77.8324,32.8324,9.90159,165.093,105.961,31.8166,14.7994,171.1,107.862,32.1812,11.5438,162.094
182724_2670_x5615_y13225,10.0,1256.0,12076.6,6355.51,3996.7,306758000000.0,199270.0,158.655,268.286,1.09682,3421.59,17.1322,8.01592,1.0,37.0,0.120332,0.0957334,6.97342e-06,0.71526,2799.82,3053.13,0.0,10742.2,4652.15,4920.04,10.0881,17004.8,0.747994,0.434514,0.0,1.0,74.9675,32.7299,1.42026,165.75,69.9559,33.591,0.0202248,170.012,114.628,28.6486,2.31844,176.864,112.109,30.5117,12.0765,171.393
18867_7584_x10560_y5816,6.0,482.0,974.0,1051.92,714.33,731881000.0,25736.2,53.3947,57.9932,0.946537,398.305,12.8506,5.75545,1.0,26.0,0.101582,0.0721325,0.0,0.753773,156.825,122.004,0.0,711.875,397.716,188.105,16.6112,1052.65,0.743697,0.437511,0.0,1.0,82.5836,33.3767,2.63282,175.634,76.4383,29.286,4.29654,159.33,111.735,27.6399,9.13792,174.155,112.901,24.7472,41.7678,164.907
17109_6501_x6997_y4287,5.0,143.0,3400.5,3206.49,5688.5,62025600000.0,60777.0,425.014,633.579,1.01735,4177.71,7.25175,3.75381,1.0,15.0,0.160782,0.142979,2.34658e-05,0.793903,2114.09,2319.29,0.0,5633.89,3546.8,3688.42,10.167,10042.4,0.710145,0.457019,0.0,1.0,64.5656,25.4469,13.0219,121.208,74.7911,37.7167,5.43994,171.847,126.486,22.8656,74.1806,167.812,107.383,32.0871,19.1663,162.066
18458_00125,9.0,315.0,886.58,2879.25,1685.3,4302040000.0,20701.8,65.72,171.887,0.280182,2391.33,11.8317,6.6097,1.0,27.0,0.120976,0.099176,0.0,0.490684,1850.8,925.324,0.0,2470.71,4271.67,2214.35,11.5023,6077.73,0.699346,0.460048,0.0,1.0,80.0158,35.2804,6.76086,169.733,72.2849,34.5771,1.63717,179.599,111.0,32.9416,1.57845,163.222,113.094,30.9458,21.6417,167.694
18454_00090,6.0,370.0,3469.66,1877.41,727.78,4740740000.0,26264.4,70.985,89.9438,0.699355,983.468,12.3622,7.57286,1.0,33.0,0.173803,0.125923,0.0,0.679257,570.486,700.229,0.0,2561.48,953.918,810.641,13.4638,4089.28,0.78022,0.41524,0.0,1.0,84.888,36.1988,0.4878,174.053,83.9425,36.0031,5.01514,161.98,101.642,34.787,1.46024,172.64,97.6022,32.9607,24.427,165.115
18454_00080,5.0,151.0,1658.95,2659.96,820.23,3619460000.0,28238.8,187.012,207.186,2.64528,1157.07,6.68212,3.2236,1.0,15.0,0.23232,0.173622,1.46236e-05,0.819692,476.483,660.824,0.0,2374.74,1019.64,1015.32,14.9494,4019.17,0.739726,0.441821,0.0,1.0,74.2198,38.5883,1.97762,166.406,89.0954,40.962,12.4431,174.033,109.342,34.5419,15.8911,165.594,90.6187,37.8464,10.9624,168.814
pre_17543_01090,10.0,162.0,2305.85,1450.9,5594.53,18716800000.0,21327.3,131.65,477.174,1.58187,5288.37,4.4321,2.13773,1.0,10.0,0.0929132,0.0705771,2.99192e-05,0.378202,292.987,833.567,0.0,4266.51,542.976,1393.81,10.5913,7145.37,0.776316,0.419482,0.0,1.0,58.316,30.5265,4.89737,153.556,51.1569,24.3909,4.85128,116.543,125.036,29.8153,32.5224,167.491,135.89,19.4157,91.21,173.202
18457_00081,3.0,113.0,3812.73,2580.25,1976.95,19448800000.0,19468.2,172.285,288.053,3.02084,1911.36,9.46018,6.1121,1.0,23.0,0.127584,0.107743,0.000638496,0.510818,1553.63,1557.89,0.0,4199.33,2674.3,2564.88,29.3428,7028.59,0.818182,0.389249,0.0,1.0,86.1293,30.6436,24.0981,163.818,76.8361,37.8548,8.31459,160.969,103.609,30.5023,14.4529,151.964,107.694,36.4628,20.9504,162.748
18457_00091,8.0,486.0,2319.8,1823.87,2133.3,9026020000.0,34927.2,71.8667,124.921,0.367121,2063.02,14.0576,6.66958,1.0,27.0,0.112705,0.0920893,0.0,0.768529,2235.12,1218.95,0.0,3122.8,3588.91,1935.69,11.8617,5215.68,0.702929,0.457927,0.0,1.0,80.5586,31.2966,1.26822,162.085,73.1057,33.1773,5.15458,176.432,110.89,26.9761,25.4296,169.978,115.415,28.1456,26.0644,166.964
17545_00146,4.0,128.0,1591.27,1197.21,639.48,1218260000.0,13700.8,107.037,165.914,0.385274,1498.93,7.0625,4.02698,1.0,17.0,0.23785,0.172958,0.0,0.85991,505.037,609.732,0.0,1566.19,847.561,893.759,8.39686,2596.88,0.709677,0.457617,0.0,1.0,76.0516,26.9456,10.3006,137.511,86.0304,37.3445,17.8595,166.787,114.246,28.9292,22.0296,165.717,95.0971,32.1079,26.1825,148.941
18867_6985_x12525_y4095,8.0,1234.0,796.64,836.669,686.45,457535000.0,67777.5,54.925,50.9915,0.593783,367.499,40.5413,29.9226,1.0,113.0,0.107712,0.0851569,-1.78148e-10,0.607985,172.916,93.5234,0.0,487.917,1684.38,1238.76,14.6411,5102.46,0.709625,0.454306,0.0,1.0,84.2101,34.5104,5.19192,175.082,80.5591,37.0499,6.36886,176.239,109.754,29.1317,8.4185,164.838,111.192,30.5665,8.31852,167.768
18463_00040,9.0,489.0,3313.87,1587.56,2513.76,13224800000.0,36113.7,73.8521,139.647,0.741453,2679.12,15.3926,8.44444,1.0,33.0,0.104223,0.0826216,0.0,0.537501,3000.85,1451.98,0.0,3947.22,4365.33,2091.19,11.5351,6282.09,0.6875,0.464481,0.0,1.0,75.8042,35.9129,2.34577,169.611,66.2023,33.0177,9.93581,177.247,113.282,33.5475,1.89643,168.604,117.612,30.045,15.0154,163.403
236174_4129_x16214_y10304,9.0,541.0,5668.78,6150.14,4225.47,147316000000.0,174690.0,322.903,443.674,0.735669,4665.21,12.8004,6.13104,1.0,27.0,0.124712,0.109855,0.0,0.806947,2387.71,1806.27,0.0,6504.57,4345.28,3096.02,13.3332,12269.5,0.718045,0.4508,0.0,1.0,68.8313,32.2242,0.942307,160.601,67.071,35.7625,2.31425,167.381,120.917,27.9691,2.10988,173.179,112.086,35.2781,3.57774,175.697
18457_00038,9.0,279.0,1531.08,1283.89,1089.77,2142200000.0,15043.2,53.9182,99.077,1.23323,1468.54,16.4624,13.6157,1.0,46.0,0.148738,0.131407,4.76031e-05,0.589093,907.392,682.321,0.0,1835.66,1901.01,1393.44,15.4847,3960.19,0.755556,0.431358,0.0,1.0,85.6333,40.4444,10.5513,178.401,79.8475,40.9709,4.4724,178.536,103.976,36.8739,11.2555,168.961,101.475,38.5551,4.88671,167.093
18454_01010,6.0,422.0,1945.48,2402.05,1919.54,8970280000.0,34739.3,82.3206,121.456,1.45616,1900.11,11.1801,4.98985,1.0,21.0,0.111728,0.0792754,7.03172e-05,0.452426,2153.4,1170.69,0.0,3034.2,3215.29,1710.22,7.94966,4634.68,0.711538,0.45414,0.0,1.0,74.746,31.4255,1.03531,166.209,69.8959,31.9556,1.82979,169.397,119.614,25.1854,16.9044,175.809,118.807,25.5506,29.838,163.844
18457_00140,8.0,562.0,2462.87,896.29,899.77,1986190000.0,29660.1,52.776,72.496,0.757334,671.993,17.8648,9.65997,1.0,41.0,0.16968,0.141308,0.0,0.780823,812.885,819.398,0.0,2225.59,1489.76,1263.11,13.8395,3872.2,0.754513,0.431155,0.0,1.0,83.9621,37.8229,1.13564,174.208,80.2389,38.2576,6.28138,176.561,103.814,32.8805,1.01016,166.728,96.3519,34.2541,3.90649,164.656
18454_01000,6.0,736.0,840.5,3621.83,2192.58,6674530000.0,61941.0,84.159,191.833,0.661999,4739.35,25.3832,19.4484,1.0,66.0,0.089502,0.0765261,0.0,0.787309,2602.97,1266.52,0.0,3551.5,6475.69,3583.82,16.1586,11281.4,0.69863,0.459483,0.0,1.0,80.7114,31.2866,0.199746,177.436,70.5959,33.2071,10.2781,166.984,112.9,29.7505,5.09244,169.044,115.714,31.0967,9.07095,170.464
18457_00028,5.0,679.0,2102.32,1595.98,2612.1,8764280000.0,52730.5,77.659,129.92,0.56765,2153.64,14.2931,7.14274,1.0,30.0,0.0997695,0.0782907,0.0,0.510095,2136.65,1011.33,0.0,3002.93,4362.73,2155.38,10.3022,6477.43,0.703264,0.457498,0.0,1.0,78.2074,34.8488,4.30856,176.068,67.5334,30.4593,4.17706,168.291,112.674,31.2261,9.32394,172.34,121.023,26.4751,12.0761,166.469
18465_00304,10.0,826.0,3372.37,2614.75,2240.07,19752700000.0,53954.4,65.3201,151.152,0.632464,3924.11,57.8814,41.9326,1.0,125.0,0.11431,0.0987174,0.0,0.719565,3350.65,1494.83,0.0,4309.87,6439.97,3112.59,21.9212,9918.42,0.737745,0.440401,0.0,1.0,84.9719,39.1478,1.18001,176.954,83.75,39.8071,1.18001,173.926,103.493,35.093,5.69972,171.811,103.838,36.2465,7.67961,165.937
18457_00150,10.0,260.0,2116.9,2077.48,1520.95,6688860000.0,23969.9,92.192,201.669,0.701735,3011.67,7.56154,3.72408,1.0,15.0,0.108015,0.0825978,0.0,0.470948,1875.09,1175.1,0.0,2866.63,3125.3,1917.29,17.9752,4874.8,0.712,0.454653,0.0,1.0,68.4631,28.3248,6.28238,161.827,60.8313,29.4534,6.09491,133.997,125.403,23.7522,32.0396,166.957,126.026,24.4801,54.9949,172.829
18867_4216_x9933_y8365,6.0,336.0,5297.13,5093.83,2787.33,75209600000.0,41031.5,122.118,345.87,1.98002,4448.34,8.95833,4.15139,1.0,18.0,0.127811,0.110803,7.26246e-06,0.7475,1043.2,1424.69,0.0,6532.62,2129.87,2898.38,13.9995,9456.8,0.721212,0.449768,0.0,1.0,78.8736,33.7183,3.48973,163.515,76.6565,36.9697,3.93847,165.755,110.605,32.3059,5.91638,174.643,104.794,33.1168,20.1943,173.155
18868_4192_x10967_y7007,7.0,415.0,4505.56,5934.0,2385.57,63780600000.0,45541.9,109.74,303.501,0.985098,5174.7,11.3518,5.58825,1.0,23.0,0.131008,0.116282,0.0,0.750971,2002.66,2351.51,0.0,6598.45,3439.64,3801.55,17.157,10544.8,0.730392,0.444848,0.0,1.0,81.0962,34.1252,1.84947,171.966,76.4618,41.741,1.40806,176.441,110.273,31.3629,0.591766,168.718,105.37,33.2511,19.3135,169.309
18454_00029,5.0,251.0,2530.28,1574.42,961.03,3828480000.0,25420.8,101.278,156.178,1.13539,1114.58,9.07968,4.39746,1.0,20.0,0.141191,0.11412,4.62581e-07,0.622082,651.394,777.457,0.0,2228.03,1067.65,928.982,9.91725,3077.4,0.747967,0.435956,0.0,1.0,82.5722,37.0533,3.79387,169.398,86.4458,37.2368,13.1531,162.706,105.047,33.6398,4.27688,172.39,96.0191,34.5741,22.9116,164.363
18454_00151,8.0,400.0,2495.57,1017.8,2799.57,7110880000.0,41394.7,103.487,127.297,0.77002,1494.7,15.885,8.79176,1.0,32.0,0.097188,0.0859466,0.0,0.544885,2142.1,1225.95,0.0,3286.68,3829.48,2184.64,8.07955,6185.73,0.75,0.434122,0.0,1.0,70.0982,33.6692,1.69364,165.27,58.0721,29.5497,1.73661,172.284,116.957,30.3419,1.85912,169.026,124.283,24.8895,32.1471,170.299
18454_00039,8.0,220.0,2298.85,1496.55,1253.48,4312400000.0,33517.7,152.353,203.126,2.23536,1414.29,9.2,5.09597,1.0,21.0,0.165857,0.12567,2.70613e-05,0.663251,551.635,597.47,0.0,1848.23,939.524,681.69,18.7682,2485.04,0.754717,0.432299,0.0,1.0,78.8413,34.2832,0.472979,147.274,81.7136,39.8974,3.54506,167.641,111.494,31.9376,0.883483,171.077,94.2688,37.8237,12.4539,172.36
18458_00086,5.0,487.0,2271.47,3197.16,1798.67,13062400000.0,51520.6,105.792,153.64,0.465915,1496.86,15.5667,8.81049,1.0,33.0,0.0926943,0.0757301,0.0,0.560251,1594.67,993.367,0.0,2648.28,4943.8,3343.46,10.4932,8460.26,0.705394,0.456814,0.0,1.0,70.6404,32.6036,3.5835,175.45,67.7507,28.0271,11.7101,159.005,118.581,28.8917,25.2922,164.133,118.553,28.0228,14.839,165.894
18455_5517_x15391_y12702,6.0,726.0,3686.52,2654.78,2807.85,27480100000.0,82965.8,114.278,162.768,0.578127,1939.72,14.6804,9.66714,1.0,37.0,0.0981655,0.067234,0.0,0.673407,2428.37,1577.2,0.0,3949.34,4345.46,2939.94,16.8838,8595.22,0.702778,0.457671,0.0,1.0,78.2013,30.4673,10.0292,170.125,69.6104,34.4808,1.81618,171.99,115.833,28.668,4.27523,169.183,115.902,31.3703,1.91825,166.658
18454_00141,9.0,637.0,2896.52,1261.16,3100.25,11325100000.0,52465.2,82.3629,106.813,0.757361,1263.62,15.5808,8.01621,1.0,34.0,0.0822057,0.0688226,0.0,0.479339,2490.08,1342.84,0.0,3725.28,3680.66,1976.78,15.3951,5720.72,0.738854,0.439961,0.0,1.0,75.3876,33.5478,2.39276,165.474,64.5751,30.4487,2.8686,162.275,114.101,32.2974,14.1604,175.226,121.313,26.9531,18.3013,170.27
17302_00062,6.0,168.0,1191.62,1856.9,1150.02,2544670000.0,13319.8,79.2844,104.807,0.96329,504.759,7.04762,3.66862,1.0,17.0,0.141975,0.114996,0.0,0.795574,335.324,433.559,0.0,1865.31,749.007,695.347,12.0646,3033.83,0.777778,0.41833,0.0,1.0,72.218,30.9215,6.35144,150.27,75.0594,28.2525,16.2104,153.02,113.013,26.1515,35.4351,160.63,108.714,32.5397,4.88968,163.601
18869_4883_x18883_y4120,7.0,637.0,543.06,976.55,447.31,237220000.0,29641.3,46.5327,41.9718,0.716103,259.175,10.2214,3.94454,1.0,19.0,0.0917303,0.0693903,0.0,0.428565,194.941,145.999,0.0,542.767,317.293,158.976,13.9444,786.562,0.733333,0.44292,0.0,1.0,75.0006,27.4682,3.96867,144.698,67.1392,27.9295,3.71987,170.554,115.95,24.4719,29.2828,172.044,120.23,25.4923,36.4572,171.433
