version https://git-lfs.github.com/spec/v1
oid sha256:7915bfa3139700ffcae0be7ed2704e32cb13e7961d9adb76a908f4397e8e92d6
size 850
