version https://git-lfs.github.com/spec/v1
oid sha256:0794352ea926ca2c7de541a67c4c9b39311f763d32b8a985dee57e87a74c05a7
size 13183
